33512802 25407     TLE6210 1025 9804502  257 28.3 2025 128 022517   8  89  90   0 1     -1
022517  318.9604   5.3959    2842.4619   3360259.9103   -996637.4072   6296805.0538
022525  318.4188   5.8959    2796.9288   3407948.1753   -971396.9340   6275103.5507
022533  317.8572   6.4030    2751.6682   3455435.6005   -946146.3359   6252974.7687
022541  317.2745   6.9173    2706.6968   3502718.9820   -920887.0812   6230420.2037
022549  316.6698   7.4391    2662.0322   3549795.1276   -895620.6356   6207441.3797
022557  316.0419   7.9685    2617.6932   3596660.8573   -870348.4612   6184039.8504
022605  315.3895   8.5056    2573.6994   3643313.0035   -845072.0171   6160217.1977
022613  314.7116   9.0506    2530.0719   3689748.4110   -819792.7588   6135975.0328
022621  314.0066   9.6035    2486.8329   3735963.9376   -794512.1388   6111314.9950
022629  313.2732  10.1645    2444.0057   3781956.4539   -769231.6057   6086238.7523
022637  312.5099  10.7336    2401.6153   3827722.8438   -743952.6046   6060748.0010
022645  311.7151  11.3107    2359.6880   3873260.0047   -718676.5771   6034844.4656
022653  310.8872  11.8960    2318.2518   3918564.8475   -693404.9610   6008529.8990
022701  310.0245  12.4893    2277.3362   3963634.2971   -668139.1900   5981806.0818
022709  309.1250  13.0904    2236.9724   4008465.2925   -642880.6942   5954674.8227
022717  308.1869  13.6992    2197.1936   4053054.7868   -617630.8997   5927137.9580
022725  307.2082  14.3153    2158.0347   4097399.7479   -592391.2282   5899197.3519
022733  306.1867  14.9385    2119.5327   4141497.1581   -567163.0978   5870854.8961
022741  305.1204  15.5681    2081.7265   4185344.0148   -541947.9220   5842112.5092
022749  304.0070  16.2036    2044.6573   4228937.3306   -516747.1100   5812972.1379
022757  302.8442  16.8443    2008.3682   4272274.1334   -491562.0665   5783435.7556
022805  301.6297  17.4892    1972.9047   4315351.4667   -466394.1920   5753505.3630
022813  300.3610  18.1373    1938.3144   4358166.3896   -441244.8822   5723182.9874
022821  299.0359  18.7873    1904.6471   4400715.9774   -416115.5285   5692470.6830
022829  297.6519  19.4378    1871.9549   4442997.3214   -391007.5173   5661370.5305
022837  296.2069  20.0870    1840.2919   4485007.5294   -365922.2305   5629884.6374
022845  294.6985  20.7330    1809.7140   4526743.7257   -340861.0450   5598015.1372
022853  293.1248  21.3737    1780.2792   4568203.0514   -315825.3330   5565764.1899
022901  291.4840  22.0064    1752.0469   4609382.6646   -290816.4614   5533133.9812
022909  289.7745  22.6286    1725.0781   4650279.7405   -265835.7924   5500126.7232
022917  287.9951  23.2371    1699.4345   4690891.4719   -240884.6829   5466744.6534
022925  286.1451  23.8287    1675.1787   4731215.0688   -215964.4847   5432990.0351
022933  284.2243  24.3999    1652.3732   4771247.7593   -191076.5443   5398865.1572
022941  282.2330  24.9468    1631.0804   4810986.7895   -166222.2028   5364372.3344
022949  280.1724  25.4656    1611.3614   4850429.4231   -141402.7962   5329513.9055
022957  278.0444  25.9522    1593.2760   4889572.9425   -116619.6551   5294292.2349
023005  275.8516  26.4024    1576.8814   4928414.6485    -91874.1043   5258709.7121
023013  273.5979  26.8123    1562.2318   4966951.8605    -67167.4632   5222768.7511
023021  271.2877  27.1777    1549.3775   5005181.9170    -42501.0458   5186471.7909
023029  268.9268  27.4950    1538.3643   5043102.1754    -17876.1600   5149821.2947
023037  266.5215  27.7607    1529.2325   5080710.0123      6705.8916   5112819.7501
023045  264.0794  27.9718    1522.0164   5118002.8239     31243.8125   5075469.6692
023053  261.6085  28.1259    1516.7438   5154978.0258     55736.3119   5037773.5877
023101  259.1175  28.2211    1513.4352   5191633.0536     80182.1049   4999734.0656
023109  256.6158  28.2563    1512.1034   5227965.3626    104579.9126   4961353.6864
023117  254.1127  28.2309    1512.7536   5263972.4286    128928.4622   4922635.0572
023125  251.6176  28.1452    1515.3831   5299651.7475    153226.4869   4883580.8086
023133  249.1400  28.0003    1519.9813   5335000.8358    177472.7262   4844193.5944
023141  246.6885  27.7978    1526.5299   5370017.2308    201665.9258   4804476.0903
023149  244.2716  27.5401    1535.0034   5404698.4907    225804.8374   4764430.9973
023157  241.8969  27.2301    1545.3693   5439042.1948    249888.2194   4724061.0377
023205  239.5711  26.8711    1557.5891   5473045.9437    273914.8364   4683368.9566
023213  237.3000  26.4667    1571.6185   5506707.3596    297883.4595   4642357.5213
023221  235.0886  26.0210    1587.4085   5540024.0863    321792.8666   4601029.5210
023229  232.9408  25.5379    1604.9060   5572993.7895    345641.8421   4559387.7673
023237  230.8595  25.0217    1624.0543   5605614.1571    369429.1770   4517435.0931
023245  228.8469  24.4764    1644.7945   5637882.8989    393153.6692   4475174.3530
023253  226.9042  23.9060    1667.0656   5669797.7477    416814.1235   4432608.4228
023301  225.0321  23.3144    1690.8055   5701356.4584    440409.3514   4389740.1995
023309  223.2305  22.7050    1715.9516   5732556.8089    463938.1715   4346572.6010
023317  221.4988  22.0814    1742.4411   5763396.6002    487399.4094   4303108.5657
023325  219.8358  21.4466    1770.2119   5793873.6563    510791.8978   4259351.0527
023333  218.2402  20.8033    1799.2027   5823985.8244    534114.4764   4215303.0411
023341  216.7102  20.1543    1829.3535   5853730.9747    557365.9918   4170967.5312
023349  215.2438  19.5016    1860.6057   5883107.0023    580545.2989   4126347.5410
023357  213.8388  18.8474    1892.9026   5912111.8256    603651.2591   4081446.1094
023405  212.4931  18.1934    1926.1894   5940743.3868    626682.7416   4036266.2945
023413  211.2042  17.5412    1960.4135   5968999.6522    649638.6227   3990811.1736
023421  209.9698  16.8919    1995.5241   5996878.6124    672517.7863   3945083.8428
023429  208.7875  16.2468    2031.4729   6024378.2824    695319.1237   3899087.4174
023437  207.6550  15.6068    2068.2137   6051496.7018    718041.5340   3852825.0309
023445  206.5700  14.9727    2105.7026   6078231.9349    740683.9237   3806299.8352
023453  205.5301  14.3450    2143.8977   6104582.0707    763245.2069   3759515.0004
023501  204.5333  13.7244    2182.7593   6130545.2234    785724.3057   3712473.7145
023509  203.5775  13.1112    2222.2498   6156119.5322    808120.1497   3665179.1831
023517  202.6605  12.5057    2262.3336   6181303.1616    830431.6764   3617634.6292
023525  201.7805  11.9082    2302.9769   6206094.3016    852657.8311   3569843.2933
023533  200.9356  11.3187    2344.1479   6230491.1676    874797.5670   3521808.4326
023541  200.1240  10.7375    2385.8165   6254492.0018    896849.8457   3473533.3212
023549  199.3441  10.1644    2427.9541   6278095.0701    918813.6357   3425021.2500
023557  198.5942   9.5996    2470.5340   6301298.6652    940687.9143   3376275.5261
023605  197.8729   9.0430    2513.5307   6324101.1061    962471.6664   3327299.4726
023613  197.1788   8.4944    2556.9204   6346500.7378    984163.8854   3278096.4286
023621  196.5103   7.9538    2600.6803   6368495.9318   1005763.5726   3228669.7489
023629  195.8664   7.4211    2644.7892   6390085.0859   1027269.7374   3179022.8036
023637  195.2457   6.8962    2689.2269   6411266.6247   1048681.3976   3129158.9782
023645  194.6471   6.3787    2733.9743   6432038.9992   1069997.5793   3079081.6729
023653  194.0696   5.8687    2779.0135   6452400.6875   1091217.3165   3028794.3027
023701  193.5121   5.3660    2824.3274   6472350.1945   1112339.6520   2978300.2974
