X1012708 R_PNT     RP_TEST 1808 0000000    0 15.0 2025 127 085340 300 100   0   0 1     -1
085340    0.0000  15.0000    1000.0000   5125256.2756   1150070.2453   5012489.3674
085840    0.0000  15.0000    1000.0000   5125256.2756   1150070.2453   5012489.3674
090340    0.0000  15.0000    1000.0000   5125256.2756   1150070.2453   5012489.3674
090840    0.0000  15.0000    1000.0000   5125256.2756   1150070.2453   5012489.3674
091340    0.0000  15.0000    1000.0000   5125256.2756   1150070.2453   5012489.3674
091840    0.0000  15.0000    1000.0000   5125256.2756   1150070.2453   5012489.3674
092340    0.0000  15.0000    1000.0000   5125256.2756   1150070.2453   5012489.3674
092840    0.0000  15.0000    1000.0000   5125256.2756   1150070.2453   5012489.3674
093340    0.0000  15.0000    1000.0000   5125256.2756   1150070.2453   5012489.3674
093840    0.0000  15.0000    1000.0000   5125256.2756   1150070.2453   5012489.3674
094340    0.0000  15.0000    1000.0000   5125256.2756   1150070.2453   5012489.3674
094840    0.0000  15.0000    1000.0000   5125256.2756   1150070.2453   5012489.3674
095340    0.0000  15.0000    1000.0000   5125256.2756   1150070.2453   5012489.3674
095840    0.0000  15.0000    1000.0000   5125256.2756   1150070.2453   5012489.3674
100340    0.0000  15.0000    1000.0000   5125256.2756   1150070.2453   5012489.3674
100840    0.0000  15.0000    1000.0000   5125256.2756   1150070.2453   5012489.3674
101340    0.0000  15.0000    1000.0000   5125256.2756   1150070.2453   5012489.3674
101840    0.0000  15.0000    1000.0000   5125256.2756   1150070.2453   5012489.3674
102340    0.0000  15.0000    1000.0000   5125256.2756   1150070.2453   5012489.3674
102840    0.0000  15.0000    1000.0000   5125256.2756   1150070.2453   5012489.3674
103340    0.0000  15.0000    1000.0000   5125256.2756   1150070.2453   5012489.3674
103840    0.0000  15.0000    1000.0000   5125256.2756   1150070.2453   5012489.3674
104340    0.0000  15.0000    1000.0000   5125256.2756   1150070.2453   5012489.3674
104840    0.0000  15.0000    1000.0000   5125256.2756   1150070.2453   5012489.3674
105340    0.0000  15.0000    1000.0000   5125256.2756   1150070.2453   5012489.3674
105840    0.0000  15.0000    1000.0000   5125256.2756   1150070.2453   5012489.3674
110340    0.0000  15.0000    1000.0000   5125256.2756   1150070.2453   5012489.3674
110840    0.0000  15.0000    1000.0000   5125256.2756   1150070.2453   5012489.3674
111340    0.0000  15.0000    1000.0000   5125256.2756   1150070.2453   5012489.3674
111840    0.0000  15.0000    1000.0000   5125256.2756   1150070.2453   5012489.3674
112340    0.0000  15.0000    1000.0000   5125256.2756   1150070.2453   5012489.3674
112840    0.0000  15.0000    1000.0000   5125256.2756   1150070.2453   5012489.3674
113340    0.0000  15.0000    1000.0000   5125256.2756   1150070.2453   5012489.3674
113840    0.0000  15.0000    1000.0000   5125256.2756   1150070.2453   5012489.3674
114340    0.0000  15.0000    1000.0000   5125256.2756   1150070.2453   5012489.3674
114840    0.0000  15.0000    1000.0000   5125256.2756   1150070.2453   5012489.3674
115340    0.0000  15.0000    1000.0000   5125256.2756   1150070.2453   5012489.3674
115840    0.0000  15.0000    1000.0000   5125256.2756   1150070.2453   5012489.3674
120340    0.0000  15.0000    1000.0000   5125256.2756   1150070.2453   5012489.3674
120840    0.0000  15.0000    1000.0000   5125256.2756   1150070.2453   5012489.3674
121340    0.0000  15.0000    1000.0000   5125256.2756   1150070.2453   5012489.3674
121840    0.0000  15.0000    1000.0000   5125256.2756   1150070.2453   5012489.3674
122340    0.0000  15.0000    1000.0000   5125256.2756   1150070.2453   5012489.3674
122840    0.0000  15.0000    1000.0000   5125256.2756   1150070.2453   5012489.3674
123340    0.0000  15.0000    1000.0000   5125256.2756   1150070.2453   5012489.3674
123840    0.0000  15.0000    1000.0000   5125256.2756   1150070.2453   5012489.3674
124340    0.0000  15.0000    1000.0000   5125256.2756   1150070.2453   5012489.3674
124840    0.0000  15.0000    1000.0000   5125256.2756   1150070.2453   5012489.3674
125340    0.0000  15.0000    1000.0000   5125256.2756   1150070.2453   5012489.3674
125840    0.0000  15.0000    1000.0000   5125256.2756   1150070.2453   5012489.3674
130340    0.0000  15.0000    1000.0000   5125256.2756   1150070.2453   5012489.3674
130840    0.0000  15.0000    1000.0000   5125256.2756   1150070.2453   5012489.3674
131340    0.0000  15.0000    1000.0000   5125256.2756   1150070.2453   5012489.3674
131840    0.0000  15.0000    1000.0000   5125256.2756   1150070.2453   5012489.3674
132340    0.0000  15.0000    1000.0000   5125256.2756   1150070.2453   5012489.3674
132840    0.0000  15.0000    1000.0000   5125256.2756   1150070.2453   5012489.3674
133340    0.0000  15.0000    1000.0000   5125256.2756   1150070.2453   5012489.3674
133840    0.0000  15.0000    1000.0000   5125256.2756   1150070.2453   5012489.3674
134340    0.0000  15.0000    1000.0000   5125256.2756   1150070.2453   5012489.3674
134840    0.0000  15.0000    1000.0000   5125256.2756   1150070.2453   5012489.3674
135340    0.0000  15.0000    1000.0000   5125256.2756   1150070.2453   5012489.3674
135840    0.0000  15.0000    1000.0000   5125256.2756   1150070.2453   5012489.3674
140340    0.0000  15.0000    1000.0000   5125256.2756   1150070.2453   5012489.3674
140840    0.0000  15.0000    1000.0000   5125256.2756   1150070.2453   5012489.3674
141340    0.0000  15.0000    1000.0000   5125256.2756   1150070.2453   5012489.3674
141840    0.0000  15.0000    1000.0000   5125256.2756   1150070.2453   5012489.3674
142340    0.0000  15.0000    1000.0000   5125256.2756   1150070.2453   5012489.3674
142840    0.0000  15.0000    1000.0000   5125256.2756   1150070.2453   5012489.3674
143340    0.0000  15.0000    1000.0000   5125256.2756   1150070.2453   5012489.3674
143840    0.0000  15.0000    1000.0000   5125256.2756   1150070.2453   5012489.3674
144340    0.0000  15.0000    1000.0000   5125256.2756   1150070.2453   5012489.3674
144840    0.0000  15.0000    1000.0000   5125256.2756   1150070.2453   5012489.3674
145340    0.0000  15.0000    1000.0000   5125256.2756   1150070.2453   5012489.3674
145840    0.0000  15.0000    1000.0000   5125256.2756   1150070.2453   5012489.3674
150340    0.0000  15.0000    1000.0000   5125256.2756   1150070.2453   5012489.3674
150840    0.0000  15.0000    1000.0000   5125256.2756   1150070.2453   5012489.3674
151340    0.0000  15.0000    1000.0000   5125256.2756   1150070.2453   5012489.3674
151840    0.0000  15.0000    1000.0000   5125256.2756   1150070.2453   5012489.3674
152340    0.0000  15.0000    1000.0000   5125256.2756   1150070.2453   5012489.3674
152840    0.0000  15.0000    1000.0000   5125256.2756   1150070.2453   5012489.3674
153340    0.0000  15.0000    1000.0000   5125256.2756   1150070.2453   5012489.3674
153840    0.0000  15.0000    1000.0000   5125256.2756   1150070.2453   5012489.3674
154340    0.0000  15.0000    1000.0000   5125256.2756   1150070.2453   5012489.3674
154840    0.0000  15.0000    1000.0000   5125256.2756   1150070.2453   5012489.3674
155340    0.0000  15.0000    1000.0000   5125256.2756   1150070.2453   5012489.3674
155840    0.0000  15.0000    1000.0000   5125256.2756   1150070.2453   5012489.3674
160340    0.0000  15.0000    1000.0000   5125256.2756   1150070.2453   5012489.3674
160840    0.0000  15.0000    1000.0000   5125256.2756   1150070.2453   5012489.3674
161340    0.0000  15.0000    1000.0000   5125256.2756   1150070.2453   5012489.3674
161840    0.0000  15.0000    1000.0000   5125256.2756   1150070.2453   5012489.3674
162340    0.0000  15.0000    1000.0000   5125256.2756   1150070.2453   5012489.3674
162840    0.0000  15.0000    1000.0000   5125256.2756   1150070.2453   5012489.3674
163340    0.0000  15.0000    1000.0000   5125256.2756   1150070.2453   5012489.3674
163840    0.0000  15.0000    1000.0000   5125256.2756   1150070.2453   5012489.3674
164340    0.0000  15.0000    1000.0000   5125256.2756   1150070.2453   5012489.3674
164840    0.0000  15.0000    1000.0000   5125256.2756   1150070.2453   5012489.3674
165340    0.0000  15.0000    1000.0000   5125256.2756   1150070.2453   5012489.3674
165840    0.0000  15.0000    1000.0000   5125256.2756   1150070.2453   5012489.3674
170340    0.0000  15.0000    1000.0000   5125256.2756   1150070.2453   5012489.3674
170840    0.0000  15.0000    1000.0000   5125256.2756   1150070.2453   5012489.3674
