X1016110 R_PNT     RP_TEST 1808 0000000    0 15.0 2025 161 102527 300 100   0   0 1     -1
102527    0.0000  15.0000    1000.0000   3682806.4803   1020874.2487   5494673.8179
102707    0.0000  15.0000    1000.0000   3682806.4803   1020874.2487   5494673.8179
102847    0.0000  15.0000    1000.0000   3682806.4803   1020874.2487   5494673.8179
103027    0.0000  15.0000    1000.0000   3682806.4803   1020874.2487   5494673.8179
103207    0.0000  15.0000    1000.0000   3682806.4803   1020874.2487   5494673.8179
103347    0.0000  15.0000    1000.0000   3682806.4803   1020874.2487   5494673.8179
103527    0.0000  15.0000    1000.0000   3682806.4803   1020874.2487   5494673.8179
103707    0.0000  15.0000    1000.0000   3682806.4803   1020874.2487   5494673.8179
103847    0.0000  15.0000    1000.0000   3682806.4803   1020874.2487   5494673.8179
104027    0.0000  15.0000    1000.0000   3682806.4803   1020874.2487   5494673.8179
104207    0.0000  15.0000    1000.0000   3682806.4803   1020874.2487   5494673.8179
104347    0.0000  15.0000    1000.0000   3682806.4803   1020874.2487   5494673.8179
104527    0.0000  15.0000    1000.0000   3682806.4803   1020874.2487   5494673.8179
104707    0.0000  15.0000    1000.0000   3682806.4803   1020874.2487   5494673.8179
104847    0.0000  15.0000    1000.0000   3682806.4803   1020874.2487   5494673.8179
105027    0.0000  15.0000    1000.0000   3682806.4803   1020874.2487   5494673.8179
105207    0.0000  15.0000    1000.0000   3682806.4803   1020874.2487   5494673.8179
105347    0.0000  15.0000    1000.0000   3682806.4803   1020874.2487   5494673.8179
105527    0.0000  15.0000    1000.0000   3682806.4803   1020874.2487   5494673.8179
105707    0.0000  15.0000    1000.0000   3682806.4803   1020874.2487   5494673.8179
105847    0.0000  15.0000    1000.0000   3682806.4803   1020874.2487   5494673.8179
110027    0.0000  15.0000    1000.0000   3682806.4803   1020874.2487   5494673.8179
110207    0.0000  15.0000    1000.0000   3682806.4803   1020874.2487   5494673.8179
110347    0.0000  15.0000    1000.0000   3682806.4803   1020874.2487   5494673.8179
110527    0.0000  15.0000    1000.0000   3682806.4803   1020874.2487   5494673.8179
110707    0.0000  15.0000    1000.0000   3682806.4803   1020874.2487   5494673.8179
110847    0.0000  15.0000    1000.0000   3682806.4803   1020874.2487   5494673.8179
111027    0.0000  15.0000    1000.0000   3682806.4803   1020874.2487   5494673.8179
111207    0.0000  15.0000    1000.0000   3682806.4803   1020874.2487   5494673.8179
111347    0.0000  15.0000    1000.0000   3682806.4803   1020874.2487   5494673.8179
111527    0.0000  15.0000    1000.0000   3682806.4803   1020874.2487   5494673.8179
111707    0.0000  15.0000    1000.0000   3682806.4803   1020874.2487   5494673.8179
111847    0.0000  15.0000    1000.0000   3682806.4803   1020874.2487   5494673.8179
112027    0.0000  15.0000    1000.0000   3682806.4803   1020874.2487   5494673.8179
112207    0.0000  15.0000    1000.0000   3682806.4803   1020874.2487   5494673.8179
112347    0.0000  15.0000    1000.0000   3682806.4803   1020874.2487   5494673.8179
112527    0.0000  15.0000    1000.0000   3682806.4803   1020874.2487   5494673.8179
112707    0.0000  15.0000    1000.0000   3682806.4803   1020874.2487   5494673.8179
112847    0.0000  15.0000    1000.0000   3682806.4803   1020874.2487   5494673.8179
113027    0.0000  15.0000    1000.0000   3682806.4803   1020874.2487   5494673.8179
113207    0.0000  15.0000    1000.0000   3682806.4803   1020874.2487   5494673.8179
113347    0.0000  15.0000    1000.0000   3682806.4803   1020874.2487   5494673.8179
113527    0.0000  15.0000    1000.0000   3682806.4803   1020874.2487   5494673.8179
113707    0.0000  15.0000    1000.0000   3682806.4803   1020874.2487   5494673.8179
113847    0.0000  15.0000    1000.0000   3682806.4803   1020874.2487   5494673.8179
114027    0.0000  15.0000    1000.0000   3682806.4803   1020874.2487   5494673.8179
114207    0.0000  15.0000    1000.0000   3682806.4803   1020874.2487   5494673.8179
114347    0.0000  15.0000    1000.0000   3682806.4803   1020874.2487   5494673.8179
114527    0.0000  15.0000    1000.0000   3682806.4803   1020874.2487   5494673.8179
114707    0.0000  15.0000    1000.0000   3682806.4803   1020874.2487   5494673.8179
114847    0.0000  15.0000    1000.0000   3682806.4803   1020874.2487   5494673.8179
115027    0.0000  15.0000    1000.0000   3682806.4803   1020874.2487   5494673.8179
115207    0.0000  15.0000    1000.0000   3682806.4803   1020874.2487   5494673.8179
115347    0.0000  15.0000    1000.0000   3682806.4803   1020874.2487   5494673.8179
115527    0.0000  15.0000    1000.0000   3682806.4803   1020874.2487   5494673.8179
115707    0.0000  15.0000    1000.0000   3682806.4803   1020874.2487   5494673.8179
115847    0.0000  15.0000    1000.0000   3682806.4803   1020874.2487   5494673.8179
120027    0.0000  15.0000    1000.0000   3682806.4803   1020874.2487   5494673.8179
120207    0.0000  15.0000    1000.0000   3682806.4803   1020874.2487   5494673.8179
120347    0.0000  15.0000    1000.0000   3682806.4803   1020874.2487   5494673.8179
120527    0.0000  15.0000    1000.0000   3682806.4803   1020874.2487   5494673.8179
120707    0.0000  15.0000    1000.0000   3682806.4803   1020874.2487   5494673.8179
120847    0.0000  15.0000    1000.0000   3682806.4803   1020874.2487   5494673.8179
121027    0.0000  15.0000    1000.0000   3682806.4803   1020874.2487   5494673.8179
121207    0.0000  15.0000    1000.0000   3682806.4803   1020874.2487   5494673.8179
121347    0.0000  15.0000    1000.0000   3682806.4803   1020874.2487   5494673.8179
121527    0.0000  15.0000    1000.0000   3682806.4803   1020874.2487   5494673.8179
121707    0.0000  15.0000    1000.0000   3682806.4803   1020874.2487   5494673.8179
121847    0.0000  15.0000    1000.0000   3682806.4803   1020874.2487   5494673.8179
122027    0.0000  15.0000    1000.0000   3682806.4803   1020874.2487   5494673.8179
122207    0.0000  15.0000    1000.0000   3682806.4803   1020874.2487   5494673.8179
122347    0.0000  15.0000    1000.0000   3682806.4803   1020874.2487   5494673.8179
122527    0.0000  15.0000    1000.0000   3682806.4803   1020874.2487   5494673.8179
122707    0.0000  15.0000    1000.0000   3682806.4803   1020874.2487   5494673.8179
122847    0.0000  15.0000    1000.0000   3682806.4803   1020874.2487   5494673.8179
123027    0.0000  15.0000    1000.0000   3682806.4803   1020874.2487   5494673.8179
123207    0.0000  15.0000    1000.0000   3682806.4803   1020874.2487   5494673.8179
123347    0.0000  15.0000    1000.0000   3682806.4803   1020874.2487   5494673.8179
123527    0.0000  15.0000    1000.0000   3682806.4803   1020874.2487   5494673.8179
123707    0.0000  15.0000    1000.0000   3682806.4803   1020874.2487   5494673.8179
123847    0.0000  15.0000    1000.0000   3682806.4803   1020874.2487   5494673.8179
124027    0.0000  15.0000    1000.0000   3682806.4803   1020874.2487   5494673.8179
124207    0.0000  15.0000    1000.0000   3682806.4803   1020874.2487   5494673.8179
124347    0.0000  15.0000    1000.0000   3682806.4803   1020874.2487   5494673.8179
124527    0.0000  15.0000    1000.0000   3682806.4803   1020874.2487   5494673.8179
124707    0.0000  15.0000    1000.0000   3682806.4803   1020874.2487   5494673.8179
124847    0.0000  15.0000    1000.0000   3682806.4803   1020874.2487   5494673.8179
125027    0.0000  15.0000    1000.0000   3682806.4803   1020874.2487   5494673.8179
125207    0.0000  15.0000    1000.0000   3682806.4803   1020874.2487   5494673.8179
125347    0.0000  15.0000    1000.0000   3682806.4803   1020874.2487   5494673.8179
125527    0.0000  15.0000    1000.0000   3682806.4803   1020874.2487   5494673.8179
125707    0.0000  15.0000    1000.0000   3682806.4803   1020874.2487   5494673.8179
125847    0.0000  15.0000    1000.0000   3682806.4803   1020874.2487   5494673.8179
130027    0.0000  15.0000    1000.0000   3682806.4803   1020874.2487   5494673.8179
130207    0.0000  15.0000    1000.0000   3682806.4803   1020874.2487   5494673.8179
130347    0.0000  15.0000    1000.0000   3682806.4803   1020874.2487   5494673.8179
130527    0.0000  15.0000    1000.0000   3682806.4803   1020874.2487   5494673.8179
130707    0.0000  15.0000    1000.0000   3682806.4803   1020874.2487   5494673.8179
130847    0.0000  15.0000    1000.0000   3682806.4803   1020874.2487   5494673.8179
131027    0.0000  15.0000    1000.0000   3682806.4803   1020874.2487   5494673.8179
