X1014108 R_PNT     RP_TEST 1808 0000000    0 15.0 2025 141 083737 300 100   0   0 1     -1
083737    0.0000  15.0000    1000.0000   3682806.4803   1020874.2487   5494673.8179
084237    0.0000  15.0000    1000.0000   3682806.4803   1020874.2487   5494673.8179
084737    0.0000  15.0000    1000.0000   3682806.4803   1020874.2487   5494673.8179
085237    0.0000  15.0000    1000.0000   3682806.4803   1020874.2487   5494673.8179
085737    0.0000  15.0000    1000.0000   3682806.4803   1020874.2487   5494673.8179
090237    0.0000  15.0000    1000.0000   3682806.4803   1020874.2487   5494673.8179
090737    0.0000  15.0000    1000.0000   3682806.4803   1020874.2487   5494673.8179
091237    0.0000  15.0000    1000.0000   3682806.4803   1020874.2487   5494673.8179
091737    0.0000  15.0000    1000.0000   3682806.4803   1020874.2487   5494673.8179
092237    0.0000  15.0000    1000.0000   3682806.4803   1020874.2487   5494673.8179
092737    0.0000  15.0000    1000.0000   3682806.4803   1020874.2487   5494673.8179
093237    0.0000  15.0000    1000.0000   3682806.4803   1020874.2487   5494673.8179
093737    0.0000  15.0000    1000.0000   3682806.4803   1020874.2487   5494673.8179
094237    0.0000  15.0000    1000.0000   3682806.4803   1020874.2487   5494673.8179
094737    0.0000  15.0000    1000.0000   3682806.4803   1020874.2487   5494673.8179
095237    0.0000  15.0000    1000.0000   3682806.4803   1020874.2487   5494673.8179
095737    0.0000  15.0000    1000.0000   3682806.4803   1020874.2487   5494673.8179
100237    0.0000  15.0000    1000.0000   3682806.4803   1020874.2487   5494673.8179
100737    0.0000  15.0000    1000.0000   3682806.4803   1020874.2487   5494673.8179
101237    0.0000  15.0000    1000.0000   3682806.4803   1020874.2487   5494673.8179
101737    0.0000  15.0000    1000.0000   3682806.4803   1020874.2487   5494673.8179
102237    0.0000  15.0000    1000.0000   3682806.4803   1020874.2487   5494673.8179
102737    0.0000  15.0000    1000.0000   3682806.4803   1020874.2487   5494673.8179
103237    0.0000  15.0000    1000.0000   3682806.4803   1020874.2487   5494673.8179
103737    0.0000  15.0000    1000.0000   3682806.4803   1020874.2487   5494673.8179
104237    0.0000  15.0000    1000.0000   3682806.4803   1020874.2487   5494673.8179
104737    0.0000  15.0000    1000.0000   3682806.4803   1020874.2487   5494673.8179
105237    0.0000  15.0000    1000.0000   3682806.4803   1020874.2487   5494673.8179
105737    0.0000  15.0000    1000.0000   3682806.4803   1020874.2487   5494673.8179
110237    0.0000  15.0000    1000.0000   3682806.4803   1020874.2487   5494673.8179
110737    0.0000  15.0000    1000.0000   3682806.4803   1020874.2487   5494673.8179
111237    0.0000  15.0000    1000.0000   3682806.4803   1020874.2487   5494673.8179
111737    0.0000  15.0000    1000.0000   3682806.4803   1020874.2487   5494673.8179
112237    0.0000  15.0000    1000.0000   3682806.4803   1020874.2487   5494673.8179
112737    0.0000  15.0000    1000.0000   3682806.4803   1020874.2487   5494673.8179
113237    0.0000  15.0000    1000.0000   3682806.4803   1020874.2487   5494673.8179
113737    0.0000  15.0000    1000.0000   3682806.4803   1020874.2487   5494673.8179
114237    0.0000  15.0000    1000.0000   3682806.4803   1020874.2487   5494673.8179
114737    0.0000  15.0000    1000.0000   3682806.4803   1020874.2487   5494673.8179
115237    0.0000  15.0000    1000.0000   3682806.4803   1020874.2487   5494673.8179
115737    0.0000  15.0000    1000.0000   3682806.4803   1020874.2487   5494673.8179
120237    0.0000  15.0000    1000.0000   3682806.4803   1020874.2487   5494673.8179
120737    0.0000  15.0000    1000.0000   3682806.4803   1020874.2487   5494673.8179
121237    0.0000  15.0000    1000.0000   3682806.4803   1020874.2487   5494673.8179
121737    0.0000  15.0000    1000.0000   3682806.4803   1020874.2487   5494673.8179
122237    0.0000  15.0000    1000.0000   3682806.4803   1020874.2487   5494673.8179
122737    0.0000  15.0000    1000.0000   3682806.4803   1020874.2487   5494673.8179
123237    0.0000  15.0000    1000.0000   3682806.4803   1020874.2487   5494673.8179
123737    0.0000  15.0000    1000.0000   3682806.4803   1020874.2487   5494673.8179
124237    0.0000  15.0000    1000.0000   3682806.4803   1020874.2487   5494673.8179
124737    0.0000  15.0000    1000.0000   3682806.4803   1020874.2487   5494673.8179
125237    0.0000  15.0000    1000.0000   3682806.4803   1020874.2487   5494673.8179
125737    0.0000  15.0000    1000.0000   3682806.4803   1020874.2487   5494673.8179
130237    0.0000  15.0000    1000.0000   3682806.4803   1020874.2487   5494673.8179
130737    0.0000  15.0000    1000.0000   3682806.4803   1020874.2487   5494673.8179
131237    0.0000  15.0000    1000.0000   3682806.4803   1020874.2487   5494673.8179
131737    0.0000  15.0000    1000.0000   3682806.4803   1020874.2487   5494673.8179
132237    0.0000  15.0000    1000.0000   3682806.4803   1020874.2487   5494673.8179
132737    0.0000  15.0000    1000.0000   3682806.4803   1020874.2487   5494673.8179
133237    0.0000  15.0000    1000.0000   3682806.4803   1020874.2487   5494673.8179
133737    0.0000  15.0000    1000.0000   3682806.4803   1020874.2487   5494673.8179
134237    0.0000  15.0000    1000.0000   3682806.4803   1020874.2487   5494673.8179
134737    0.0000  15.0000    1000.0000   3682806.4803   1020874.2487   5494673.8179
135237    0.0000  15.0000    1000.0000   3682806.4803   1020874.2487   5494673.8179
135737    0.0000  15.0000    1000.0000   3682806.4803   1020874.2487   5494673.8179
140237    0.0000  15.0000    1000.0000   3682806.4803   1020874.2487   5494673.8179
140737    0.0000  15.0000    1000.0000   3682806.4803   1020874.2487   5494673.8179
141237    0.0000  15.0000    1000.0000   3682806.4803   1020874.2487   5494673.8179
141737    0.0000  15.0000    1000.0000   3682806.4803   1020874.2487   5494673.8179
142237    0.0000  15.0000    1000.0000   3682806.4803   1020874.2487   5494673.8179
142737    0.0000  15.0000    1000.0000   3682806.4803   1020874.2487   5494673.8179
143237    0.0000  15.0000    1000.0000   3682806.4803   1020874.2487   5494673.8179
143737    0.0000  15.0000    1000.0000   3682806.4803   1020874.2487   5494673.8179
144237    0.0000  15.0000    1000.0000   3682806.4803   1020874.2487   5494673.8179
144737    0.0000  15.0000    1000.0000   3682806.4803   1020874.2487   5494673.8179
145237    0.0000  15.0000    1000.0000   3682806.4803   1020874.2487   5494673.8179
145737    0.0000  15.0000    1000.0000   3682806.4803   1020874.2487   5494673.8179
150237    0.0000  15.0000    1000.0000   3682806.4803   1020874.2487   5494673.8179
150737    0.0000  15.0000    1000.0000   3682806.4803   1020874.2487   5494673.8179
151237    0.0000  15.0000    1000.0000   3682806.4803   1020874.2487   5494673.8179
151737    0.0000  15.0000    1000.0000   3682806.4803   1020874.2487   5494673.8179
152237    0.0000  15.0000    1000.0000   3682806.4803   1020874.2487   5494673.8179
152737    0.0000  15.0000    1000.0000   3682806.4803   1020874.2487   5494673.8179
153237    0.0000  15.0000    1000.0000   3682806.4803   1020874.2487   5494673.8179
153737    0.0000  15.0000    1000.0000   3682806.4803   1020874.2487   5494673.8179
154237    0.0000  15.0000    1000.0000   3682806.4803   1020874.2487   5494673.8179
154737    0.0000  15.0000    1000.0000   3682806.4803   1020874.2487   5494673.8179
155237    0.0000  15.0000    1000.0000   3682806.4803   1020874.2487   5494673.8179
155737    0.0000  15.0000    1000.0000   3682806.4803   1020874.2487   5494673.8179
160237    0.0000  15.0000    1000.0000   3682806.4803   1020874.2487   5494673.8179
160737    0.0000  15.0000    1000.0000   3682806.4803   1020874.2487   5494673.8179
161237    0.0000  15.0000    1000.0000   3682806.4803   1020874.2487   5494673.8179
161737    0.0000  15.0000    1000.0000   3682806.4803   1020874.2487   5494673.8179
162237    0.0000  15.0000    1000.0000   3682806.4803   1020874.2487   5494673.8179
162737    0.0000  15.0000    1000.0000   3682806.4803   1020874.2487   5494673.8179
163237    0.0000  15.0000    1000.0000   3682806.4803   1020874.2487   5494673.8179
163737    0.0000  15.0000    1000.0000   3682806.4803   1020874.2487   5494673.8179
164237    0.0000  15.0000    1000.0000   3682806.4803   1020874.2487   5494673.8179
164737    0.0000  15.0000    1000.0000   3682806.4803   1020874.2487   5494673.8179
165237    0.0000  15.0000    1000.0000   3682806.4803   1020874.2487   5494673.8179
