X1012711 R_PNT     RP_TEST 1808 0000000    0 15.0 2025 127 115549 300 100   0   0 1     -1
115549    0.0000  15.0000    1000.0000   3682806.4803   1020874.2487   5494673.8179
120049    0.0000  15.0000    1000.0000   3682806.4803   1020874.2487   5494673.8179
120549    0.0000  15.0000    1000.0000   3682806.4803   1020874.2487   5494673.8179
121049    0.0000  15.0000    1000.0000   3682806.4803   1020874.2487   5494673.8179
121549    0.0000  15.0000    1000.0000   3682806.4803   1020874.2487   5494673.8179
122049    0.0000  15.0000    1000.0000   3682806.4803   1020874.2487   5494673.8179
122549    0.0000  15.0000    1000.0000   3682806.4803   1020874.2487   5494673.8179
123049    0.0000  15.0000    1000.0000   3682806.4803   1020874.2487   5494673.8179
123549    0.0000  15.0000    1000.0000   3682806.4803   1020874.2487   5494673.8179
124049    0.0000  15.0000    1000.0000   3682806.4803   1020874.2487   5494673.8179
124549    0.0000  15.0000    1000.0000   3682806.4803   1020874.2487   5494673.8179
125049    0.0000  15.0000    1000.0000   3682806.4803   1020874.2487   5494673.8179
125549    0.0000  15.0000    1000.0000   3682806.4803   1020874.2487   5494673.8179
130049    0.0000  15.0000    1000.0000   3682806.4803   1020874.2487   5494673.8179
130549    0.0000  15.0000    1000.0000   3682806.4803   1020874.2487   5494673.8179
131049    0.0000  15.0000    1000.0000   3682806.4803   1020874.2487   5494673.8179
131549    0.0000  15.0000    1000.0000   3682806.4803   1020874.2487   5494673.8179
132049    0.0000  15.0000    1000.0000   3682806.4803   1020874.2487   5494673.8179
132549    0.0000  15.0000    1000.0000   3682806.4803   1020874.2487   5494673.8179
133049    0.0000  15.0000    1000.0000   3682806.4803   1020874.2487   5494673.8179
133549    0.0000  15.0000    1000.0000   3682806.4803   1020874.2487   5494673.8179
134049    0.0000  15.0000    1000.0000   3682806.4803   1020874.2487   5494673.8179
134549    0.0000  15.0000    1000.0000   3682806.4803   1020874.2487   5494673.8179
135049    0.0000  15.0000    1000.0000   3682806.4803   1020874.2487   5494673.8179
135549    0.0000  15.0000    1000.0000   3682806.4803   1020874.2487   5494673.8179
140049    0.0000  15.0000    1000.0000   3682806.4803   1020874.2487   5494673.8179
140549    0.0000  15.0000    1000.0000   3682806.4803   1020874.2487   5494673.8179
141049    0.0000  15.0000    1000.0000   3682806.4803   1020874.2487   5494673.8179
141549    0.0000  15.0000    1000.0000   3682806.4803   1020874.2487   5494673.8179
142049    0.0000  15.0000    1000.0000   3682806.4803   1020874.2487   5494673.8179
142549    0.0000  15.0000    1000.0000   3682806.4803   1020874.2487   5494673.8179
143049    0.0000  15.0000    1000.0000   3682806.4803   1020874.2487   5494673.8179
143549    0.0000  15.0000    1000.0000   3682806.4803   1020874.2487   5494673.8179
144049    0.0000  15.0000    1000.0000   3682806.4803   1020874.2487   5494673.8179
144549    0.0000  15.0000    1000.0000   3682806.4803   1020874.2487   5494673.8179
145049    0.0000  15.0000    1000.0000   3682806.4803   1020874.2487   5494673.8179
145549    0.0000  15.0000    1000.0000   3682806.4803   1020874.2487   5494673.8179
150049    0.0000  15.0000    1000.0000   3682806.4803   1020874.2487   5494673.8179
150549    0.0000  15.0000    1000.0000   3682806.4803   1020874.2487   5494673.8179
151049    0.0000  15.0000    1000.0000   3682806.4803   1020874.2487   5494673.8179
151549    0.0000  15.0000    1000.0000   3682806.4803   1020874.2487   5494673.8179
152049    0.0000  15.0000    1000.0000   3682806.4803   1020874.2487   5494673.8179
152549    0.0000  15.0000    1000.0000   3682806.4803   1020874.2487   5494673.8179
153049    0.0000  15.0000    1000.0000   3682806.4803   1020874.2487   5494673.8179
153549    0.0000  15.0000    1000.0000   3682806.4803   1020874.2487   5494673.8179
154049    0.0000  15.0000    1000.0000   3682806.4803   1020874.2487   5494673.8179
154549    0.0000  15.0000    1000.0000   3682806.4803   1020874.2487   5494673.8179
155049    0.0000  15.0000    1000.0000   3682806.4803   1020874.2487   5494673.8179
155549    0.0000  15.0000    1000.0000   3682806.4803   1020874.2487   5494673.8179
160049    0.0000  15.0000    1000.0000   3682806.4803   1020874.2487   5494673.8179
160549    0.0000  15.0000    1000.0000   3682806.4803   1020874.2487   5494673.8179
161049    0.0000  15.0000    1000.0000   3682806.4803   1020874.2487   5494673.8179
161549    0.0000  15.0000    1000.0000   3682806.4803   1020874.2487   5494673.8179
162049    0.0000  15.0000    1000.0000   3682806.4803   1020874.2487   5494673.8179
162549    0.0000  15.0000    1000.0000   3682806.4803   1020874.2487   5494673.8179
163049    0.0000  15.0000    1000.0000   3682806.4803   1020874.2487   5494673.8179
163549    0.0000  15.0000    1000.0000   3682806.4803   1020874.2487   5494673.8179
164049    0.0000  15.0000    1000.0000   3682806.4803   1020874.2487   5494673.8179
164549    0.0000  15.0000    1000.0000   3682806.4803   1020874.2487   5494673.8179
165049    0.0000  15.0000    1000.0000   3682806.4803   1020874.2487   5494673.8179
165549    0.0000  15.0000    1000.0000   3682806.4803   1020874.2487   5494673.8179
170049    0.0000  15.0000    1000.0000   3682806.4803   1020874.2487   5494673.8179
170549    0.0000  15.0000    1000.0000   3682806.4803   1020874.2487   5494673.8179
171049    0.0000  15.0000    1000.0000   3682806.4803   1020874.2487   5494673.8179
171549    0.0000  15.0000    1000.0000   3682806.4803   1020874.2487   5494673.8179
172049    0.0000  15.0000    1000.0000   3682806.4803   1020874.2487   5494673.8179
172549    0.0000  15.0000    1000.0000   3682806.4803   1020874.2487   5494673.8179
173049    0.0000  15.0000    1000.0000   3682806.4803   1020874.2487   5494673.8179
173549    0.0000  15.0000    1000.0000   3682806.4803   1020874.2487   5494673.8179
174049    0.0000  15.0000    1000.0000   3682806.4803   1020874.2487   5494673.8179
174549    0.0000  15.0000    1000.0000   3682806.4803   1020874.2487   5494673.8179
175049    0.0000  15.0000    1000.0000   3682806.4803   1020874.2487   5494673.8179
175549    0.0000  15.0000    1000.0000   3682806.4803   1020874.2487   5494673.8179
180049    0.0000  15.0000    1000.0000   3682806.4803   1020874.2487   5494673.8179
180549    0.0000  15.0000    1000.0000   3682806.4803   1020874.2487   5494673.8179
181049    0.0000  15.0000    1000.0000   3682806.4803   1020874.2487   5494673.8179
181549    0.0000  15.0000    1000.0000   3682806.4803   1020874.2487   5494673.8179
182049    0.0000  15.0000    1000.0000   3682806.4803   1020874.2487   5494673.8179
182549    0.0000  15.0000    1000.0000   3682806.4803   1020874.2487   5494673.8179
183049    0.0000  15.0000    1000.0000   3682806.4803   1020874.2487   5494673.8179
183549    0.0000  15.0000    1000.0000   3682806.4803   1020874.2487   5494673.8179
184049    0.0000  15.0000    1000.0000   3682806.4803   1020874.2487   5494673.8179
184549    0.0000  15.0000    1000.0000   3682806.4803   1020874.2487   5494673.8179
185049    0.0000  15.0000    1000.0000   3682806.4803   1020874.2487   5494673.8179
185549    0.0000  15.0000    1000.0000   3682806.4803   1020874.2487   5494673.8179
190049    0.0000  15.0000    1000.0000   3682806.4803   1020874.2487   5494673.8179
190549    0.0000  15.0000    1000.0000   3682806.4803   1020874.2487   5494673.8179
191049    0.0000  15.0000    1000.0000   3682806.4803   1020874.2487   5494673.8179
191549    0.0000  15.0000    1000.0000   3682806.4803   1020874.2487   5494673.8179
192049    0.0000  15.0000    1000.0000   3682806.4803   1020874.2487   5494673.8179
192549    0.0000  15.0000    1000.0000   3682806.4803   1020874.2487   5494673.8179
193049    0.0000  15.0000    1000.0000   3682806.4803   1020874.2487   5494673.8179
193549    0.0000  15.0000    1000.0000   3682806.4803   1020874.2487   5494673.8179
194049    0.0000  15.0000    1000.0000   3682806.4803   1020874.2487   5494673.8179
194549    0.0000  15.0000    1000.0000   3682806.4803   1020874.2487   5494673.8179
195049    0.0000  15.0000    1000.0000   3682806.4803   1020874.2487   5494673.8179
195549    0.0000  15.0000    1000.0000   3682806.4803   1020874.2487   5494673.8179
200049    0.0000  15.0000    1000.0000   3682806.4803   1020874.2487   5494673.8179
200549    0.0000  15.0000    1000.0000   3682806.4803   1020874.2487   5494673.8179
201049    0.0000  15.0000    1000.0000   3682806.4803   1020874.2487   5494673.8179
