X1116110 R_PNT     RP_TEST 1808 0000000    0 30.0 2025 161 102527 300 100   0   0 1     -1
102527    0.0000  30.0000    1000.0000   3911599.6335   1084295.3945   5603208.5991
102707    0.0000  30.0000    1000.0000   3911599.6335   1084295.3945   5603208.5991
102847    0.0000  30.0000    1000.0000   3911599.6335   1084295.3945   5603208.5991
103027    0.0000  30.0000    1000.0000   3911599.6335   1084295.3945   5603208.5991
103207    0.0000  30.0000    1000.0000   3911599.6335   1084295.3945   5603208.5991
103347    0.0000  30.0000    1000.0000   3911599.6335   1084295.3945   5603208.5991
103527    0.0000  30.0000    1000.0000   3911599.6335   1084295.3945   5603208.5991
103707    0.0000  30.0000    1000.0000   3911599.6335   1084295.3945   5603208.5991
103847    0.0000  30.0000    1000.0000   3911599.6335   1084295.3945   5603208.5991
104027    0.0000  30.0000    1000.0000   3911599.6335   1084295.3945   5603208.5991
104207    0.0000  30.0000    1000.0000   3911599.6335   1084295.3945   5603208.5991
104347    0.0000  30.0000    1000.0000   3911599.6335   1084295.3945   5603208.5991
104527    0.0000  30.0000    1000.0000   3911599.6335   1084295.3945   5603208.5991
104707    0.0000  30.0000    1000.0000   3911599.6335   1084295.3945   5603208.5991
104847    0.0000  30.0000    1000.0000   3911599.6335   1084295.3945   5603208.5991
105027    0.0000  30.0000    1000.0000   3911599.6335   1084295.3945   5603208.5991
105207    0.0000  30.0000    1000.0000   3911599.6335   1084295.3945   5603208.5991
105347    0.0000  30.0000    1000.0000   3911599.6335   1084295.3945   5603208.5991
105527    0.0000  30.0000    1000.0000   3911599.6335   1084295.3945   5603208.5991
105707    0.0000  30.0000    1000.0000   3911599.6335   1084295.3945   5603208.5991
105847    0.0000  30.0000    1000.0000   3911599.6335   1084295.3945   5603208.5991
110027    0.0000  30.0000    1000.0000   3911599.6335   1084295.3945   5603208.5991
110207    0.0000  30.0000    1000.0000   3911599.6335   1084295.3945   5603208.5991
110347    0.0000  30.0000    1000.0000   3911599.6335   1084295.3945   5603208.5991
110527    0.0000  30.0000    1000.0000   3911599.6335   1084295.3945   5603208.5991
110707    0.0000  30.0000    1000.0000   3911599.6335   1084295.3945   5603208.5991
110847    0.0000  30.0000    1000.0000   3911599.6335   1084295.3945   5603208.5991
111027    0.0000  30.0000    1000.0000   3911599.6335   1084295.3945   5603208.5991
111207    0.0000  30.0000    1000.0000   3911599.6335   1084295.3945   5603208.5991
111347    0.0000  30.0000    1000.0000   3911599.6335   1084295.3945   5603208.5991
111527    0.0000  30.0000    1000.0000   3911599.6335   1084295.3945   5603208.5991
111707    0.0000  30.0000    1000.0000   3911599.6335   1084295.3945   5603208.5991
111847    0.0000  30.0000    1000.0000   3911599.6335   1084295.3945   5603208.5991
112027    0.0000  30.0000    1000.0000   3911599.6335   1084295.3945   5603208.5991
112207    0.0000  30.0000    1000.0000   3911599.6335   1084295.3945   5603208.5991
112347    0.0000  30.0000    1000.0000   3911599.6335   1084295.3945   5603208.5991
112527    0.0000  30.0000    1000.0000   3911599.6335   1084295.3945   5603208.5991
112707    0.0000  30.0000    1000.0000   3911599.6335   1084295.3945   5603208.5991
112847    0.0000  30.0000    1000.0000   3911599.6335   1084295.3945   5603208.5991
113027    0.0000  30.0000    1000.0000   3911599.6335   1084295.3945   5603208.5991
113207    0.0000  30.0000    1000.0000   3911599.6335   1084295.3945   5603208.5991
113347    0.0000  30.0000    1000.0000   3911599.6335   1084295.3945   5603208.5991
113527    0.0000  30.0000    1000.0000   3911599.6335   1084295.3945   5603208.5991
113707    0.0000  30.0000    1000.0000   3911599.6335   1084295.3945   5603208.5991
113847    0.0000  30.0000    1000.0000   3911599.6335   1084295.3945   5603208.5991
114027    0.0000  30.0000    1000.0000   3911599.6335   1084295.3945   5603208.5991
114207    0.0000  30.0000    1000.0000   3911599.6335   1084295.3945   5603208.5991
114347    0.0000  30.0000    1000.0000   3911599.6335   1084295.3945   5603208.5991
114527    0.0000  30.0000    1000.0000   3911599.6335   1084295.3945   5603208.5991
114707    0.0000  30.0000    1000.0000   3911599.6335   1084295.3945   5603208.5991
114847    0.0000  30.0000    1000.0000   3911599.6335   1084295.3945   5603208.5991
115027    0.0000  30.0000    1000.0000   3911599.6335   1084295.3945   5603208.5991
115207    0.0000  30.0000    1000.0000   3911599.6335   1084295.3945   5603208.5991
115347    0.0000  30.0000    1000.0000   3911599.6335   1084295.3945   5603208.5991
115527    0.0000  30.0000    1000.0000   3911599.6335   1084295.3945   5603208.5991
115707    0.0000  30.0000    1000.0000   3911599.6335   1084295.3945   5603208.5991
115847    0.0000  30.0000    1000.0000   3911599.6335   1084295.3945   5603208.5991
120027    0.0000  30.0000    1000.0000   3911599.6335   1084295.3945   5603208.5991
120207    0.0000  30.0000    1000.0000   3911599.6335   1084295.3945   5603208.5991
120347    0.0000  30.0000    1000.0000   3911599.6335   1084295.3945   5603208.5991
120527    0.0000  30.0000    1000.0000   3911599.6335   1084295.3945   5603208.5991
120707    0.0000  30.0000    1000.0000   3911599.6335   1084295.3945   5603208.5991
120847    0.0000  30.0000    1000.0000   3911599.6335   1084295.3945   5603208.5991
121027    0.0000  30.0000    1000.0000   3911599.6335   1084295.3945   5603208.5991
121207    0.0000  30.0000    1000.0000   3911599.6335   1084295.3945   5603208.5991
121347    0.0000  30.0000    1000.0000   3911599.6335   1084295.3945   5603208.5991
121527    0.0000  30.0000    1000.0000   3911599.6335   1084295.3945   5603208.5991
121707    0.0000  30.0000    1000.0000   3911599.6335   1084295.3945   5603208.5991
121847    0.0000  30.0000    1000.0000   3911599.6335   1084295.3945   5603208.5991
122027    0.0000  30.0000    1000.0000   3911599.6335   1084295.3945   5603208.5991
122207    0.0000  30.0000    1000.0000   3911599.6335   1084295.3945   5603208.5991
122347    0.0000  30.0000    1000.0000   3911599.6335   1084295.3945   5603208.5991
122527    0.0000  30.0000    1000.0000   3911599.6335   1084295.3945   5603208.5991
122707    0.0000  30.0000    1000.0000   3911599.6335   1084295.3945   5603208.5991
122847    0.0000  30.0000    1000.0000   3911599.6335   1084295.3945   5603208.5991
123027    0.0000  30.0000    1000.0000   3911599.6335   1084295.3945   5603208.5991
123207    0.0000  30.0000    1000.0000   3911599.6335   1084295.3945   5603208.5991
123347    0.0000  30.0000    1000.0000   3911599.6335   1084295.3945   5603208.5991
123527    0.0000  30.0000    1000.0000   3911599.6335   1084295.3945   5603208.5991
123707    0.0000  30.0000    1000.0000   3911599.6335   1084295.3945   5603208.5991
123847    0.0000  30.0000    1000.0000   3911599.6335   1084295.3945   5603208.5991
124027    0.0000  30.0000    1000.0000   3911599.6335   1084295.3945   5603208.5991
124207    0.0000  30.0000    1000.0000   3911599.6335   1084295.3945   5603208.5991
124347    0.0000  30.0000    1000.0000   3911599.6335   1084295.3945   5603208.5991
124527    0.0000  30.0000    1000.0000   3911599.6335   1084295.3945   5603208.5991
124707    0.0000  30.0000    1000.0000   3911599.6335   1084295.3945   5603208.5991
124847    0.0000  30.0000    1000.0000   3911599.6335   1084295.3945   5603208.5991
125027    0.0000  30.0000    1000.0000   3911599.6335   1084295.3945   5603208.5991
125207    0.0000  30.0000    1000.0000   3911599.6335   1084295.3945   5603208.5991
125347    0.0000  30.0000    1000.0000   3911599.6335   1084295.3945   5603208.5991
125527    0.0000  30.0000    1000.0000   3911599.6335   1084295.3945   5603208.5991
125707    0.0000  30.0000    1000.0000   3911599.6335   1084295.3945   5603208.5991
125847    0.0000  30.0000    1000.0000   3911599.6335   1084295.3945   5603208.5991
130027    0.0000  30.0000    1000.0000   3911599.6335   1084295.3945   5603208.5991
130207    0.0000  30.0000    1000.0000   3911599.6335   1084295.3945   5603208.5991
130347    0.0000  30.0000    1000.0000   3911599.6335   1084295.3945   5603208.5991
130527    0.0000  30.0000    1000.0000   3911599.6335   1084295.3945   5603208.5991
130707    0.0000  30.0000    1000.0000   3911599.6335   1084295.3945   5603208.5991
130847    0.0000  30.0000    1000.0000   3911599.6335   1084295.3945   5603208.5991
131027    0.0000  30.0000    1000.0000   3911599.6335   1084295.3945   5603208.5991
