X1114108 R_PNT     RP_TEST 1808 0000000    0 30.0 2025 141 083737 300 100   0   0 1     -1
083737    0.0000  30.0000    1000.0000   3911599.6335   1084295.3945   5603208.5991
084237    0.0000  30.0000    1000.0000   3911599.6335   1084295.3945   5603208.5991
084737    0.0000  30.0000    1000.0000   3911599.6335   1084295.3945   5603208.5991
085237    0.0000  30.0000    1000.0000   3911599.6335   1084295.3945   5603208.5991
085737    0.0000  30.0000    1000.0000   3911599.6335   1084295.3945   5603208.5991
090237    0.0000  30.0000    1000.0000   3911599.6335   1084295.3945   5603208.5991
090737    0.0000  30.0000    1000.0000   3911599.6335   1084295.3945   5603208.5991
091237    0.0000  30.0000    1000.0000   3911599.6335   1084295.3945   5603208.5991
091737    0.0000  30.0000    1000.0000   3911599.6335   1084295.3945   5603208.5991
092237    0.0000  30.0000    1000.0000   3911599.6335   1084295.3945   5603208.5991
092737    0.0000  30.0000    1000.0000   3911599.6335   1084295.3945   5603208.5991
093237    0.0000  30.0000    1000.0000   3911599.6335   1084295.3945   5603208.5991
093737    0.0000  30.0000    1000.0000   3911599.6335   1084295.3945   5603208.5991
094237    0.0000  30.0000    1000.0000   3911599.6335   1084295.3945   5603208.5991
094737    0.0000  30.0000    1000.0000   3911599.6335   1084295.3945   5603208.5991
095237    0.0000  30.0000    1000.0000   3911599.6335   1084295.3945   5603208.5991
095737    0.0000  30.0000    1000.0000   3911599.6335   1084295.3945   5603208.5991
100237    0.0000  30.0000    1000.0000   3911599.6335   1084295.3945   5603208.5991
100737    0.0000  30.0000    1000.0000   3911599.6335   1084295.3945   5603208.5991
101237    0.0000  30.0000    1000.0000   3911599.6335   1084295.3945   5603208.5991
101737    0.0000  30.0000    1000.0000   3911599.6335   1084295.3945   5603208.5991
102237    0.0000  30.0000    1000.0000   3911599.6335   1084295.3945   5603208.5991
102737    0.0000  30.0000    1000.0000   3911599.6335   1084295.3945   5603208.5991
103237    0.0000  30.0000    1000.0000   3911599.6335   1084295.3945   5603208.5991
103737    0.0000  30.0000    1000.0000   3911599.6335   1084295.3945   5603208.5991
104237    0.0000  30.0000    1000.0000   3911599.6335   1084295.3945   5603208.5991
104737    0.0000  30.0000    1000.0000   3911599.6335   1084295.3945   5603208.5991
105237    0.0000  30.0000    1000.0000   3911599.6335   1084295.3945   5603208.5991
105737    0.0000  30.0000    1000.0000   3911599.6335   1084295.3945   5603208.5991
110237    0.0000  30.0000    1000.0000   3911599.6335   1084295.3945   5603208.5991
110737    0.0000  30.0000    1000.0000   3911599.6335   1084295.3945   5603208.5991
111237    0.0000  30.0000    1000.0000   3911599.6335   1084295.3945   5603208.5991
111737    0.0000  30.0000    1000.0000   3911599.6335   1084295.3945   5603208.5991
112237    0.0000  30.0000    1000.0000   3911599.6335   1084295.3945   5603208.5991
112737    0.0000  30.0000    1000.0000   3911599.6335   1084295.3945   5603208.5991
113237    0.0000  30.0000    1000.0000   3911599.6335   1084295.3945   5603208.5991
113737    0.0000  30.0000    1000.0000   3911599.6335   1084295.3945   5603208.5991
114237    0.0000  30.0000    1000.0000   3911599.6335   1084295.3945   5603208.5991
114737    0.0000  30.0000    1000.0000   3911599.6335   1084295.3945   5603208.5991
115237    0.0000  30.0000    1000.0000   3911599.6335   1084295.3945   5603208.5991
115737    0.0000  30.0000    1000.0000   3911599.6335   1084295.3945   5603208.5991
120237    0.0000  30.0000    1000.0000   3911599.6335   1084295.3945   5603208.5991
120737    0.0000  30.0000    1000.0000   3911599.6335   1084295.3945   5603208.5991
121237    0.0000  30.0000    1000.0000   3911599.6335   1084295.3945   5603208.5991
121737    0.0000  30.0000    1000.0000   3911599.6335   1084295.3945   5603208.5991
122237    0.0000  30.0000    1000.0000   3911599.6335   1084295.3945   5603208.5991
122737    0.0000  30.0000    1000.0000   3911599.6335   1084295.3945   5603208.5991
123237    0.0000  30.0000    1000.0000   3911599.6335   1084295.3945   5603208.5991
123737    0.0000  30.0000    1000.0000   3911599.6335   1084295.3945   5603208.5991
124237    0.0000  30.0000    1000.0000   3911599.6335   1084295.3945   5603208.5991
124737    0.0000  30.0000    1000.0000   3911599.6335   1084295.3945   5603208.5991
125237    0.0000  30.0000    1000.0000   3911599.6335   1084295.3945   5603208.5991
125737    0.0000  30.0000    1000.0000   3911599.6335   1084295.3945   5603208.5991
130237    0.0000  30.0000    1000.0000   3911599.6335   1084295.3945   5603208.5991
130737    0.0000  30.0000    1000.0000   3911599.6335   1084295.3945   5603208.5991
131237    0.0000  30.0000    1000.0000   3911599.6335   1084295.3945   5603208.5991
131737    0.0000  30.0000    1000.0000   3911599.6335   1084295.3945   5603208.5991
132237    0.0000  30.0000    1000.0000   3911599.6335   1084295.3945   5603208.5991
132737    0.0000  30.0000    1000.0000   3911599.6335   1084295.3945   5603208.5991
133237    0.0000  30.0000    1000.0000   3911599.6335   1084295.3945   5603208.5991
133737    0.0000  30.0000    1000.0000   3911599.6335   1084295.3945   5603208.5991
134237    0.0000  30.0000    1000.0000   3911599.6335   1084295.3945   5603208.5991
134737    0.0000  30.0000    1000.0000   3911599.6335   1084295.3945   5603208.5991
135237    0.0000  30.0000    1000.0000   3911599.6335   1084295.3945   5603208.5991
135737    0.0000  30.0000    1000.0000   3911599.6335   1084295.3945   5603208.5991
140237    0.0000  30.0000    1000.0000   3911599.6335   1084295.3945   5603208.5991
140737    0.0000  30.0000    1000.0000   3911599.6335   1084295.3945   5603208.5991
141237    0.0000  30.0000    1000.0000   3911599.6335   1084295.3945   5603208.5991
141737    0.0000  30.0000    1000.0000   3911599.6335   1084295.3945   5603208.5991
142237    0.0000  30.0000    1000.0000   3911599.6335   1084295.3945   5603208.5991
142737    0.0000  30.0000    1000.0000   3911599.6335   1084295.3945   5603208.5991
143237    0.0000  30.0000    1000.0000   3911599.6335   1084295.3945   5603208.5991
143737    0.0000  30.0000    1000.0000   3911599.6335   1084295.3945   5603208.5991
144237    0.0000  30.0000    1000.0000   3911599.6335   1084295.3945   5603208.5991
144737    0.0000  30.0000    1000.0000   3911599.6335   1084295.3945   5603208.5991
145237    0.0000  30.0000    1000.0000   3911599.6335   1084295.3945   5603208.5991
145737    0.0000  30.0000    1000.0000   3911599.6335   1084295.3945   5603208.5991
150237    0.0000  30.0000    1000.0000   3911599.6335   1084295.3945   5603208.5991
150737    0.0000  30.0000    1000.0000   3911599.6335   1084295.3945   5603208.5991
151237    0.0000  30.0000    1000.0000   3911599.6335   1084295.3945   5603208.5991
151737    0.0000  30.0000    1000.0000   3911599.6335   1084295.3945   5603208.5991
152237    0.0000  30.0000    1000.0000   3911599.6335   1084295.3945   5603208.5991
152737    0.0000  30.0000    1000.0000   3911599.6335   1084295.3945   5603208.5991
153237    0.0000  30.0000    1000.0000   3911599.6335   1084295.3945   5603208.5991
153737    0.0000  30.0000    1000.0000   3911599.6335   1084295.3945   5603208.5991
154237    0.0000  30.0000    1000.0000   3911599.6335   1084295.3945   5603208.5991
154737    0.0000  30.0000    1000.0000   3911599.6335   1084295.3945   5603208.5991
155237    0.0000  30.0000    1000.0000   3911599.6335   1084295.3945   5603208.5991
155737    0.0000  30.0000    1000.0000   3911599.6335   1084295.3945   5603208.5991
160237    0.0000  30.0000    1000.0000   3911599.6335   1084295.3945   5603208.5991
160737    0.0000  30.0000    1000.0000   3911599.6335   1084295.3945   5603208.5991
161237    0.0000  30.0000    1000.0000   3911599.6335   1084295.3945   5603208.5991
161737    0.0000  30.0000    1000.0000   3911599.6335   1084295.3945   5603208.5991
162237    0.0000  30.0000    1000.0000   3911599.6335   1084295.3945   5603208.5991
162737    0.0000  30.0000    1000.0000   3911599.6335   1084295.3945   5603208.5991
163237    0.0000  30.0000    1000.0000   3911599.6335   1084295.3945   5603208.5991
163737    0.0000  30.0000    1000.0000   3911599.6335   1084295.3945   5603208.5991
164237    0.0000  30.0000    1000.0000   3911599.6335   1084295.3945   5603208.5991
164737    0.0000  30.0000    1000.0000   3911599.6335   1084295.3945   5603208.5991
165237    0.0000  30.0000    1000.0000   3911599.6335   1084295.3945   5603208.5991
