X1112711 R_PNT     RP_TEST 1808 0000000    0 30.0 2025 127 115549 300 100   0   0 1     -1
115549    0.0000  30.0000    1000.0000   3911599.6335   1084295.3945   5603208.5991
120049    0.0000  30.0000    1000.0000   3911599.6335   1084295.3945   5603208.5991
120549    0.0000  30.0000    1000.0000   3911599.6335   1084295.3945   5603208.5991
121049    0.0000  30.0000    1000.0000   3911599.6335   1084295.3945   5603208.5991
121549    0.0000  30.0000    1000.0000   3911599.6335   1084295.3945   5603208.5991
122049    0.0000  30.0000    1000.0000   3911599.6335   1084295.3945   5603208.5991
122549    0.0000  30.0000    1000.0000   3911599.6335   1084295.3945   5603208.5991
123049    0.0000  30.0000    1000.0000   3911599.6335   1084295.3945   5603208.5991
123549    0.0000  30.0000    1000.0000   3911599.6335   1084295.3945   5603208.5991
124049    0.0000  30.0000    1000.0000   3911599.6335   1084295.3945   5603208.5991
124549    0.0000  30.0000    1000.0000   3911599.6335   1084295.3945   5603208.5991
125049    0.0000  30.0000    1000.0000   3911599.6335   1084295.3945   5603208.5991
125549    0.0000  30.0000    1000.0000   3911599.6335   1084295.3945   5603208.5991
130049    0.0000  30.0000    1000.0000   3911599.6335   1084295.3945   5603208.5991
130549    0.0000  30.0000    1000.0000   3911599.6335   1084295.3945   5603208.5991
131049    0.0000  30.0000    1000.0000   3911599.6335   1084295.3945   5603208.5991
131549    0.0000  30.0000    1000.0000   3911599.6335   1084295.3945   5603208.5991
132049    0.0000  30.0000    1000.0000   3911599.6335   1084295.3945   5603208.5991
132549    0.0000  30.0000    1000.0000   3911599.6335   1084295.3945   5603208.5991
133049    0.0000  30.0000    1000.0000   3911599.6335   1084295.3945   5603208.5991
133549    0.0000  30.0000    1000.0000   3911599.6335   1084295.3945   5603208.5991
134049    0.0000  30.0000    1000.0000   3911599.6335   1084295.3945   5603208.5991
134549    0.0000  30.0000    1000.0000   3911599.6335   1084295.3945   5603208.5991
135049    0.0000  30.0000    1000.0000   3911599.6335   1084295.3945   5603208.5991
135549    0.0000  30.0000    1000.0000   3911599.6335   1084295.3945   5603208.5991
140049    0.0000  30.0000    1000.0000   3911599.6335   1084295.3945   5603208.5991
140549    0.0000  30.0000    1000.0000   3911599.6335   1084295.3945   5603208.5991
141049    0.0000  30.0000    1000.0000   3911599.6335   1084295.3945   5603208.5991
141549    0.0000  30.0000    1000.0000   3911599.6335   1084295.3945   5603208.5991
142049    0.0000  30.0000    1000.0000   3911599.6335   1084295.3945   5603208.5991
142549    0.0000  30.0000    1000.0000   3911599.6335   1084295.3945   5603208.5991
143049    0.0000  30.0000    1000.0000   3911599.6335   1084295.3945   5603208.5991
143549    0.0000  30.0000    1000.0000   3911599.6335   1084295.3945   5603208.5991
144049    0.0000  30.0000    1000.0000   3911599.6335   1084295.3945   5603208.5991
144549    0.0000  30.0000    1000.0000   3911599.6335   1084295.3945   5603208.5991
145049    0.0000  30.0000    1000.0000   3911599.6335   1084295.3945   5603208.5991
145549    0.0000  30.0000    1000.0000   3911599.6335   1084295.3945   5603208.5991
150049    0.0000  30.0000    1000.0000   3911599.6335   1084295.3945   5603208.5991
150549    0.0000  30.0000    1000.0000   3911599.6335   1084295.3945   5603208.5991
151049    0.0000  30.0000    1000.0000   3911599.6335   1084295.3945   5603208.5991
151549    0.0000  30.0000    1000.0000   3911599.6335   1084295.3945   5603208.5991
152049    0.0000  30.0000    1000.0000   3911599.6335   1084295.3945   5603208.5991
152549    0.0000  30.0000    1000.0000   3911599.6335   1084295.3945   5603208.5991
153049    0.0000  30.0000    1000.0000   3911599.6335   1084295.3945   5603208.5991
153549    0.0000  30.0000    1000.0000   3911599.6335   1084295.3945   5603208.5991
154049    0.0000  30.0000    1000.0000   3911599.6335   1084295.3945   5603208.5991
154549    0.0000  30.0000    1000.0000   3911599.6335   1084295.3945   5603208.5991
155049    0.0000  30.0000    1000.0000   3911599.6335   1084295.3945   5603208.5991
155549    0.0000  30.0000    1000.0000   3911599.6335   1084295.3945   5603208.5991
160049    0.0000  30.0000    1000.0000   3911599.6335   1084295.3945   5603208.5991
160549    0.0000  30.0000    1000.0000   3911599.6335   1084295.3945   5603208.5991
161049    0.0000  30.0000    1000.0000   3911599.6335   1084295.3945   5603208.5991
161549    0.0000  30.0000    1000.0000   3911599.6335   1084295.3945   5603208.5991
162049    0.0000  30.0000    1000.0000   3911599.6335   1084295.3945   5603208.5991
162549    0.0000  30.0000    1000.0000   3911599.6335   1084295.3945   5603208.5991
163049    0.0000  30.0000    1000.0000   3911599.6335   1084295.3945   5603208.5991
163549    0.0000  30.0000    1000.0000   3911599.6335   1084295.3945   5603208.5991
164049    0.0000  30.0000    1000.0000   3911599.6335   1084295.3945   5603208.5991
164549    0.0000  30.0000    1000.0000   3911599.6335   1084295.3945   5603208.5991
165049    0.0000  30.0000    1000.0000   3911599.6335   1084295.3945   5603208.5991
165549    0.0000  30.0000    1000.0000   3911599.6335   1084295.3945   5603208.5991
170049    0.0000  30.0000    1000.0000   3911599.6335   1084295.3945   5603208.5991
170549    0.0000  30.0000    1000.0000   3911599.6335   1084295.3945   5603208.5991
171049    0.0000  30.0000    1000.0000   3911599.6335   1084295.3945   5603208.5991
171549    0.0000  30.0000    1000.0000   3911599.6335   1084295.3945   5603208.5991
172049    0.0000  30.0000    1000.0000   3911599.6335   1084295.3945   5603208.5991
172549    0.0000  30.0000    1000.0000   3911599.6335   1084295.3945   5603208.5991
173049    0.0000  30.0000    1000.0000   3911599.6335   1084295.3945   5603208.5991
173549    0.0000  30.0000    1000.0000   3911599.6335   1084295.3945   5603208.5991
174049    0.0000  30.0000    1000.0000   3911599.6335   1084295.3945   5603208.5991
174549    0.0000  30.0000    1000.0000   3911599.6335   1084295.3945   5603208.5991
175049    0.0000  30.0000    1000.0000   3911599.6335   1084295.3945   5603208.5991
175549    0.0000  30.0000    1000.0000   3911599.6335   1084295.3945   5603208.5991
180049    0.0000  30.0000    1000.0000   3911599.6335   1084295.3945   5603208.5991
180549    0.0000  30.0000    1000.0000   3911599.6335   1084295.3945   5603208.5991
181049    0.0000  30.0000    1000.0000   3911599.6335   1084295.3945   5603208.5991
181549    0.0000  30.0000    1000.0000   3911599.6335   1084295.3945   5603208.5991
182049    0.0000  30.0000    1000.0000   3911599.6335   1084295.3945   5603208.5991
182549    0.0000  30.0000    1000.0000   3911599.6335   1084295.3945   5603208.5991
183049    0.0000  30.0000    1000.0000   3911599.6335   1084295.3945   5603208.5991
183549    0.0000  30.0000    1000.0000   3911599.6335   1084295.3945   5603208.5991
184049    0.0000  30.0000    1000.0000   3911599.6335   1084295.3945   5603208.5991
184549    0.0000  30.0000    1000.0000   3911599.6335   1084295.3945   5603208.5991
185049    0.0000  30.0000    1000.0000   3911599.6335   1084295.3945   5603208.5991
185549    0.0000  30.0000    1000.0000   3911599.6335   1084295.3945   5603208.5991
190049    0.0000  30.0000    1000.0000   3911599.6335   1084295.3945   5603208.5991
190549    0.0000  30.0000    1000.0000   3911599.6335   1084295.3945   5603208.5991
191049    0.0000  30.0000    1000.0000   3911599.6335   1084295.3945   5603208.5991
191549    0.0000  30.0000    1000.0000   3911599.6335   1084295.3945   5603208.5991
192049    0.0000  30.0000    1000.0000   3911599.6335   1084295.3945   5603208.5991
192549    0.0000  30.0000    1000.0000   3911599.6335   1084295.3945   5603208.5991
193049    0.0000  30.0000    1000.0000   3911599.6335   1084295.3945   5603208.5991
193549    0.0000  30.0000    1000.0000   3911599.6335   1084295.3945   5603208.5991
194049    0.0000  30.0000    1000.0000   3911599.6335   1084295.3945   5603208.5991
194549    0.0000  30.0000    1000.0000   3911599.6335   1084295.3945   5603208.5991
195049    0.0000  30.0000    1000.0000   3911599.6335   1084295.3945   5603208.5991
195549    0.0000  30.0000    1000.0000   3911599.6335   1084295.3945   5603208.5991
200049    0.0000  30.0000    1000.0000   3911599.6335   1084295.3945   5603208.5991
200549    0.0000  30.0000    1000.0000   3911599.6335   1084295.3945   5603208.5991
201049    0.0000  30.0000    1000.0000   3911599.6335   1084295.3945   5603208.5991
