X1112708 R_PNT     RP_TEST 1808 0000000    0 30.0 2025 127 085340 300 100   0   0 1     -1
085340    0.0000  30.0000    1000.0000   5028986.0649   1333886.7599   5170893.5433
085840    0.0000  30.0000    1000.0000   5028986.0649   1333886.7599   5170893.5433
090340    0.0000  30.0000    1000.0000   5028986.0649   1333886.7599   5170893.5433
090840    0.0000  30.0000    1000.0000   5028986.0649   1333886.7599   5170893.5433
091340    0.0000  30.0000    1000.0000   5028986.0649   1333886.7599   5170893.5433
091840    0.0000  30.0000    1000.0000   5028986.0649   1333886.7599   5170893.5433
092340    0.0000  30.0000    1000.0000   5028986.0649   1333886.7599   5170893.5433
092840    0.0000  30.0000    1000.0000   5028986.0649   1333886.7599   5170893.5433
093340    0.0000  30.0000    1000.0000   5028986.0649   1333886.7599   5170893.5433
093840    0.0000  30.0000    1000.0000   5028986.0649   1333886.7599   5170893.5433
094340    0.0000  30.0000    1000.0000   5028986.0649   1333886.7599   5170893.5433
094840    0.0000  30.0000    1000.0000   5028986.0649   1333886.7599   5170893.5433
095340    0.0000  30.0000    1000.0000   5028986.0649   1333886.7599   5170893.5433
095840    0.0000  30.0000    1000.0000   5028986.0649   1333886.7599   5170893.5433
100340    0.0000  30.0000    1000.0000   5028986.0649   1333886.7599   5170893.5433
100840    0.0000  30.0000    1000.0000   5028986.0649   1333886.7599   5170893.5433
101340    0.0000  30.0000    1000.0000   5028986.0649   1333886.7599   5170893.5433
101840    0.0000  30.0000    1000.0000   5028986.0649   1333886.7599   5170893.5433
102340    0.0000  30.0000    1000.0000   5028986.0649   1333886.7599   5170893.5433
102840    0.0000  30.0000    1000.0000   5028986.0649   1333886.7599   5170893.5433
103340    0.0000  30.0000    1000.0000   5028986.0649   1333886.7599   5170893.5433
103840    0.0000  30.0000    1000.0000   5028986.0649   1333886.7599   5170893.5433
104340    0.0000  30.0000    1000.0000   5028986.0649   1333886.7599   5170893.5433
104840    0.0000  30.0000    1000.0000   5028986.0649   1333886.7599   5170893.5433
105340    0.0000  30.0000    1000.0000   5028986.0649   1333886.7599   5170893.5433
105840    0.0000  30.0000    1000.0000   5028986.0649   1333886.7599   5170893.5433
110340    0.0000  30.0000    1000.0000   5028986.0649   1333886.7599   5170893.5433
110840    0.0000  30.0000    1000.0000   5028986.0649   1333886.7599   5170893.5433
111340    0.0000  30.0000    1000.0000   5028986.0649   1333886.7599   5170893.5433
111840    0.0000  30.0000    1000.0000   5028986.0649   1333886.7599   5170893.5433
112340    0.0000  30.0000    1000.0000   5028986.0649   1333886.7599   5170893.5433
112840    0.0000  30.0000    1000.0000   5028986.0649   1333886.7599   5170893.5433
113340    0.0000  30.0000    1000.0000   5028986.0649   1333886.7599   5170893.5433
113840    0.0000  30.0000    1000.0000   5028986.0649   1333886.7599   5170893.5433
114340    0.0000  30.0000    1000.0000   5028986.0649   1333886.7599   5170893.5433
114840    0.0000  30.0000    1000.0000   5028986.0649   1333886.7599   5170893.5433
115340    0.0000  30.0000    1000.0000   5028986.0649   1333886.7599   5170893.5433
115840    0.0000  30.0000    1000.0000   5028986.0649   1333886.7599   5170893.5433
120340    0.0000  30.0000    1000.0000   5028986.0649   1333886.7599   5170893.5433
120840    0.0000  30.0000    1000.0000   5028986.0649   1333886.7599   5170893.5433
121340    0.0000  30.0000    1000.0000   5028986.0649   1333886.7599   5170893.5433
121840    0.0000  30.0000    1000.0000   5028986.0649   1333886.7599   5170893.5433
122340    0.0000  30.0000    1000.0000   5028986.0649   1333886.7599   5170893.5433
122840    0.0000  30.0000    1000.0000   5028986.0649   1333886.7599   5170893.5433
123340    0.0000  30.0000    1000.0000   5028986.0649   1333886.7599   5170893.5433
123840    0.0000  30.0000    1000.0000   5028986.0649   1333886.7599   5170893.5433
124340    0.0000  30.0000    1000.0000   5028986.0649   1333886.7599   5170893.5433
124840    0.0000  30.0000    1000.0000   5028986.0649   1333886.7599   5170893.5433
125340    0.0000  30.0000    1000.0000   5028986.0649   1333886.7599   5170893.5433
125840    0.0000  30.0000    1000.0000   5028986.0649   1333886.7599   5170893.5433
130340    0.0000  30.0000    1000.0000   5028986.0649   1333886.7599   5170893.5433
130840    0.0000  30.0000    1000.0000   5028986.0649   1333886.7599   5170893.5433
131340    0.0000  30.0000    1000.0000   5028986.0649   1333886.7599   5170893.5433
131840    0.0000  30.0000    1000.0000   5028986.0649   1333886.7599   5170893.5433
132340    0.0000  30.0000    1000.0000   5028986.0649   1333886.7599   5170893.5433
132840    0.0000  30.0000    1000.0000   5028986.0649   1333886.7599   5170893.5433
133340    0.0000  30.0000    1000.0000   5028986.0649   1333886.7599   5170893.5433
133840    0.0000  30.0000    1000.0000   5028986.0649   1333886.7599   5170893.5433
134340    0.0000  30.0000    1000.0000   5028986.0649   1333886.7599   5170893.5433
134840    0.0000  30.0000    1000.0000   5028986.0649   1333886.7599   5170893.5433
135340    0.0000  30.0000    1000.0000   5028986.0649   1333886.7599   5170893.5433
135840    0.0000  30.0000    1000.0000   5028986.0649   1333886.7599   5170893.5433
140340    0.0000  30.0000    1000.0000   5028986.0649   1333886.7599   5170893.5433
140840    0.0000  30.0000    1000.0000   5028986.0649   1333886.7599   5170893.5433
141340    0.0000  30.0000    1000.0000   5028986.0649   1333886.7599   5170893.5433
141840    0.0000  30.0000    1000.0000   5028986.0649   1333886.7599   5170893.5433
142340    0.0000  30.0000    1000.0000   5028986.0649   1333886.7599   5170893.5433
142840    0.0000  30.0000    1000.0000   5028986.0649   1333886.7599   5170893.5433
143340    0.0000  30.0000    1000.0000   5028986.0649   1333886.7599   5170893.5433
143840    0.0000  30.0000    1000.0000   5028986.0649   1333886.7599   5170893.5433
144340    0.0000  30.0000    1000.0000   5028986.0649   1333886.7599   5170893.5433
144840    0.0000  30.0000    1000.0000   5028986.0649   1333886.7599   5170893.5433
145340    0.0000  30.0000    1000.0000   5028986.0649   1333886.7599   5170893.5433
145840    0.0000  30.0000    1000.0000   5028986.0649   1333886.7599   5170893.5433
150340    0.0000  30.0000    1000.0000   5028986.0649   1333886.7599   5170893.5433
150840    0.0000  30.0000    1000.0000   5028986.0649   1333886.7599   5170893.5433
151340    0.0000  30.0000    1000.0000   5028986.0649   1333886.7599   5170893.5433
151840    0.0000  30.0000    1000.0000   5028986.0649   1333886.7599   5170893.5433
152340    0.0000  30.0000    1000.0000   5028986.0649   1333886.7599   5170893.5433
152840    0.0000  30.0000    1000.0000   5028986.0649   1333886.7599   5170893.5433
153340    0.0000  30.0000    1000.0000   5028986.0649   1333886.7599   5170893.5433
153840    0.0000  30.0000    1000.0000   5028986.0649   1333886.7599   5170893.5433
154340    0.0000  30.0000    1000.0000   5028986.0649   1333886.7599   5170893.5433
154840    0.0000  30.0000    1000.0000   5028986.0649   1333886.7599   5170893.5433
155340    0.0000  30.0000    1000.0000   5028986.0649   1333886.7599   5170893.5433
155840    0.0000  30.0000    1000.0000   5028986.0649   1333886.7599   5170893.5433
160340    0.0000  30.0000    1000.0000   5028986.0649   1333886.7599   5170893.5433
160840    0.0000  30.0000    1000.0000   5028986.0649   1333886.7599   5170893.5433
161340    0.0000  30.0000    1000.0000   5028986.0649   1333886.7599   5170893.5433
161840    0.0000  30.0000    1000.0000   5028986.0649   1333886.7599   5170893.5433
162340    0.0000  30.0000    1000.0000   5028986.0649   1333886.7599   5170893.5433
162840    0.0000  30.0000    1000.0000   5028986.0649   1333886.7599   5170893.5433
163340    0.0000  30.0000    1000.0000   5028986.0649   1333886.7599   5170893.5433
163840    0.0000  30.0000    1000.0000   5028986.0649   1333886.7599   5170893.5433
164340    0.0000  30.0000    1000.0000   5028986.0649   1333886.7599   5170893.5433
164840    0.0000  30.0000    1000.0000   5028986.0649   1333886.7599   5170893.5433
165340    0.0000  30.0000    1000.0000   5028986.0649   1333886.7599   5170893.5433
165840    0.0000  30.0000    1000.0000   5028986.0649   1333886.7599   5170893.5433
170340    0.0000  30.0000    1000.0000   5028986.0649   1333886.7599   5170893.5433
170840    0.0000  30.0000    1000.0000   5028986.0649   1333886.7599   5170893.5433
