X1216110 R_PNT     RP_TEST 1808 0000000    0 45.0 2025 161 102527 300 100   0   0 1     -1
102527    0.0000  45.0000    1000.0000   4159666.9430   1153059.3097   5646596.1703
102707    0.0000  45.0000    1000.0000   4159666.9430   1153059.3097   5646596.1703
102847    0.0000  45.0000    1000.0000   4159666.9430   1153059.3097   5646596.1703
103027    0.0000  45.0000    1000.0000   4159666.9430   1153059.3097   5646596.1703
103207    0.0000  45.0000    1000.0000   4159666.9430   1153059.3097   5646596.1703
103347    0.0000  45.0000    1000.0000   4159666.9430   1153059.3097   5646596.1703
103527    0.0000  45.0000    1000.0000   4159666.9430   1153059.3097   5646596.1703
103707    0.0000  45.0000    1000.0000   4159666.9430   1153059.3097   5646596.1703
103847    0.0000  45.0000    1000.0000   4159666.9430   1153059.3097   5646596.1703
104027    0.0000  45.0000    1000.0000   4159666.9430   1153059.3097   5646596.1703
104207    0.0000  45.0000    1000.0000   4159666.9430   1153059.3097   5646596.1703
104347    0.0000  45.0000    1000.0000   4159666.9430   1153059.3097   5646596.1703
104527    0.0000  45.0000    1000.0000   4159666.9430   1153059.3097   5646596.1703
104707    0.0000  45.0000    1000.0000   4159666.9430   1153059.3097   5646596.1703
104847    0.0000  45.0000    1000.0000   4159666.9430   1153059.3097   5646596.1703
105027    0.0000  45.0000    1000.0000   4159666.9430   1153059.3097   5646596.1703
105207    0.0000  45.0000    1000.0000   4159666.9430   1153059.3097   5646596.1703
105347    0.0000  45.0000    1000.0000   4159666.9430   1153059.3097   5646596.1703
105527    0.0000  45.0000    1000.0000   4159666.9430   1153059.3097   5646596.1703
105707    0.0000  45.0000    1000.0000   4159666.9430   1153059.3097   5646596.1703
105847    0.0000  45.0000    1000.0000   4159666.9430   1153059.3097   5646596.1703
110027    0.0000  45.0000    1000.0000   4159666.9430   1153059.3097   5646596.1703
110207    0.0000  45.0000    1000.0000   4159666.9430   1153059.3097   5646596.1703
110347    0.0000  45.0000    1000.0000   4159666.9430   1153059.3097   5646596.1703
110527    0.0000  45.0000    1000.0000   4159666.9430   1153059.3097   5646596.1703
110707    0.0000  45.0000    1000.0000   4159666.9430   1153059.3097   5646596.1703
110847    0.0000  45.0000    1000.0000   4159666.9430   1153059.3097   5646596.1703
111027    0.0000  45.0000    1000.0000   4159666.9430   1153059.3097   5646596.1703
111207    0.0000  45.0000    1000.0000   4159666.9430   1153059.3097   5646596.1703
111347    0.0000  45.0000    1000.0000   4159666.9430   1153059.3097   5646596.1703
111527    0.0000  45.0000    1000.0000   4159666.9430   1153059.3097   5646596.1703
111707    0.0000  45.0000    1000.0000   4159666.9430   1153059.3097   5646596.1703
111847    0.0000  45.0000    1000.0000   4159666.9430   1153059.3097   5646596.1703
112027    0.0000  45.0000    1000.0000   4159666.9430   1153059.3097   5646596.1703
112207    0.0000  45.0000    1000.0000   4159666.9430   1153059.3097   5646596.1703
112347    0.0000  45.0000    1000.0000   4159666.9430   1153059.3097   5646596.1703
112527    0.0000  45.0000    1000.0000   4159666.9430   1153059.3097   5646596.1703
112707    0.0000  45.0000    1000.0000   4159666.9430   1153059.3097   5646596.1703
112847    0.0000  45.0000    1000.0000   4159666.9430   1153059.3097   5646596.1703
113027    0.0000  45.0000    1000.0000   4159666.9430   1153059.3097   5646596.1703
113207    0.0000  45.0000    1000.0000   4159666.9430   1153059.3097   5646596.1703
113347    0.0000  45.0000    1000.0000   4159666.9430   1153059.3097   5646596.1703
113527    0.0000  45.0000    1000.0000   4159666.9430   1153059.3097   5646596.1703
113707    0.0000  45.0000    1000.0000   4159666.9430   1153059.3097   5646596.1703
113847    0.0000  45.0000    1000.0000   4159666.9430   1153059.3097   5646596.1703
114027    0.0000  45.0000    1000.0000   4159666.9430   1153059.3097   5646596.1703
114207    0.0000  45.0000    1000.0000   4159666.9430   1153059.3097   5646596.1703
114347    0.0000  45.0000    1000.0000   4159666.9430   1153059.3097   5646596.1703
114527    0.0000  45.0000    1000.0000   4159666.9430   1153059.3097   5646596.1703
114707    0.0000  45.0000    1000.0000   4159666.9430   1153059.3097   5646596.1703
114847    0.0000  45.0000    1000.0000   4159666.9430   1153059.3097   5646596.1703
115027    0.0000  45.0000    1000.0000   4159666.9430   1153059.3097   5646596.1703
115207    0.0000  45.0000    1000.0000   4159666.9430   1153059.3097   5646596.1703
115347    0.0000  45.0000    1000.0000   4159666.9430   1153059.3097   5646596.1703
115527    0.0000  45.0000    1000.0000   4159666.9430   1153059.3097   5646596.1703
115707    0.0000  45.0000    1000.0000   4159666.9430   1153059.3097   5646596.1703
115847    0.0000  45.0000    1000.0000   4159666.9430   1153059.3097   5646596.1703
120027    0.0000  45.0000    1000.0000   4159666.9430   1153059.3097   5646596.1703
120207    0.0000  45.0000    1000.0000   4159666.9430   1153059.3097   5646596.1703
120347    0.0000  45.0000    1000.0000   4159666.9430   1153059.3097   5646596.1703
120527    0.0000  45.0000    1000.0000   4159666.9430   1153059.3097   5646596.1703
120707    0.0000  45.0000    1000.0000   4159666.9430   1153059.3097   5646596.1703
120847    0.0000  45.0000    1000.0000   4159666.9430   1153059.3097   5646596.1703
121027    0.0000  45.0000    1000.0000   4159666.9430   1153059.3097   5646596.1703
121207    0.0000  45.0000    1000.0000   4159666.9430   1153059.3097   5646596.1703
121347    0.0000  45.0000    1000.0000   4159666.9430   1153059.3097   5646596.1703
121527    0.0000  45.0000    1000.0000   4159666.9430   1153059.3097   5646596.1703
121707    0.0000  45.0000    1000.0000   4159666.9430   1153059.3097   5646596.1703
121847    0.0000  45.0000    1000.0000   4159666.9430   1153059.3097   5646596.1703
122027    0.0000  45.0000    1000.0000   4159666.9430   1153059.3097   5646596.1703
122207    0.0000  45.0000    1000.0000   4159666.9430   1153059.3097   5646596.1703
122347    0.0000  45.0000    1000.0000   4159666.9430   1153059.3097   5646596.1703
122527    0.0000  45.0000    1000.0000   4159666.9430   1153059.3097   5646596.1703
122707    0.0000  45.0000    1000.0000   4159666.9430   1153059.3097   5646596.1703
122847    0.0000  45.0000    1000.0000   4159666.9430   1153059.3097   5646596.1703
123027    0.0000  45.0000    1000.0000   4159666.9430   1153059.3097   5646596.1703
123207    0.0000  45.0000    1000.0000   4159666.9430   1153059.3097   5646596.1703
123347    0.0000  45.0000    1000.0000   4159666.9430   1153059.3097   5646596.1703
123527    0.0000  45.0000    1000.0000   4159666.9430   1153059.3097   5646596.1703
123707    0.0000  45.0000    1000.0000   4159666.9430   1153059.3097   5646596.1703
123847    0.0000  45.0000    1000.0000   4159666.9430   1153059.3097   5646596.1703
124027    0.0000  45.0000    1000.0000   4159666.9430   1153059.3097   5646596.1703
124207    0.0000  45.0000    1000.0000   4159666.9430   1153059.3097   5646596.1703
124347    0.0000  45.0000    1000.0000   4159666.9430   1153059.3097   5646596.1703
124527    0.0000  45.0000    1000.0000   4159666.9430   1153059.3097   5646596.1703
124707    0.0000  45.0000    1000.0000   4159666.9430   1153059.3097   5646596.1703
124847    0.0000  45.0000    1000.0000   4159666.9430   1153059.3097   5646596.1703
125027    0.0000  45.0000    1000.0000   4159666.9430   1153059.3097   5646596.1703
125207    0.0000  45.0000    1000.0000   4159666.9430   1153059.3097   5646596.1703
125347    0.0000  45.0000    1000.0000   4159666.9430   1153059.3097   5646596.1703
125527    0.0000  45.0000    1000.0000   4159666.9430   1153059.3097   5646596.1703
125707    0.0000  45.0000    1000.0000   4159666.9430   1153059.3097   5646596.1703
125847    0.0000  45.0000    1000.0000   4159666.9430   1153059.3097   5646596.1703
130027    0.0000  45.0000    1000.0000   4159666.9430   1153059.3097   5646596.1703
130207    0.0000  45.0000    1000.0000   4159666.9430   1153059.3097   5646596.1703
130347    0.0000  45.0000    1000.0000   4159666.9430   1153059.3097   5646596.1703
130527    0.0000  45.0000    1000.0000   4159666.9430   1153059.3097   5646596.1703
130707    0.0000  45.0000    1000.0000   4159666.9430   1153059.3097   5646596.1703
130847    0.0000  45.0000    1000.0000   4159666.9430   1153059.3097   5646596.1703
131027    0.0000  45.0000    1000.0000   4159666.9430   1153059.3097   5646596.1703
