X1212708 R_PNT     RP_TEST 1808 0000000    0 45.0 2025 127 085340 300 100   0   0 1     -1
085340    0.0000  45.0000    1000.0000   4875842.2754   1506036.5221   5293611.8651
085840    0.0000  45.0000    1000.0000   4875842.2754   1506036.5221   5293611.8651
090340    0.0000  45.0000    1000.0000   4875842.2754   1506036.5221   5293611.8651
090840    0.0000  45.0000    1000.0000   4875842.2754   1506036.5221   5293611.8651
091340    0.0000  45.0000    1000.0000   4875842.2754   1506036.5221   5293611.8651
091840    0.0000  45.0000    1000.0000   4875842.2754   1506036.5221   5293611.8651
092340    0.0000  45.0000    1000.0000   4875842.2754   1506036.5221   5293611.8651
092840    0.0000  45.0000    1000.0000   4875842.2754   1506036.5221   5293611.8651
093340    0.0000  45.0000    1000.0000   4875842.2754   1506036.5221   5293611.8651
093840    0.0000  45.0000    1000.0000   4875842.2754   1506036.5221   5293611.8651
094340    0.0000  45.0000    1000.0000   4875842.2754   1506036.5221   5293611.8651
094840    0.0000  45.0000    1000.0000   4875842.2754   1506036.5221   5293611.8651
095340    0.0000  45.0000    1000.0000   4875842.2754   1506036.5221   5293611.8651
095840    0.0000  45.0000    1000.0000   4875842.2754   1506036.5221   5293611.8651
100340    0.0000  45.0000    1000.0000   4875842.2754   1506036.5221   5293611.8651
100840    0.0000  45.0000    1000.0000   4875842.2754   1506036.5221   5293611.8651
101340    0.0000  45.0000    1000.0000   4875842.2754   1506036.5221   5293611.8651
101840    0.0000  45.0000    1000.0000   4875842.2754   1506036.5221   5293611.8651
102340    0.0000  45.0000    1000.0000   4875842.2754   1506036.5221   5293611.8651
102840    0.0000  45.0000    1000.0000   4875842.2754   1506036.5221   5293611.8651
103340    0.0000  45.0000    1000.0000   4875842.2754   1506036.5221   5293611.8651
103840    0.0000  45.0000    1000.0000   4875842.2754   1506036.5221   5293611.8651
104340    0.0000  45.0000    1000.0000   4875842.2754   1506036.5221   5293611.8651
104840    0.0000  45.0000    1000.0000   4875842.2754   1506036.5221   5293611.8651
105340    0.0000  45.0000    1000.0000   4875842.2754   1506036.5221   5293611.8651
105840    0.0000  45.0000    1000.0000   4875842.2754   1506036.5221   5293611.8651
110340    0.0000  45.0000    1000.0000   4875842.2754   1506036.5221   5293611.8651
110840    0.0000  45.0000    1000.0000   4875842.2754   1506036.5221   5293611.8651
111340    0.0000  45.0000    1000.0000   4875842.2754   1506036.5221   5293611.8651
111840    0.0000  45.0000    1000.0000   4875842.2754   1506036.5221   5293611.8651
112340    0.0000  45.0000    1000.0000   4875842.2754   1506036.5221   5293611.8651
112840    0.0000  45.0000    1000.0000   4875842.2754   1506036.5221   5293611.8651
113340    0.0000  45.0000    1000.0000   4875842.2754   1506036.5221   5293611.8651
113840    0.0000  45.0000    1000.0000   4875842.2754   1506036.5221   5293611.8651
114340    0.0000  45.0000    1000.0000   4875842.2754   1506036.5221   5293611.8651
114840    0.0000  45.0000    1000.0000   4875842.2754   1506036.5221   5293611.8651
115340    0.0000  45.0000    1000.0000   4875842.2754   1506036.5221   5293611.8651
115840    0.0000  45.0000    1000.0000   4875842.2754   1506036.5221   5293611.8651
120340    0.0000  45.0000    1000.0000   4875842.2754   1506036.5221   5293611.8651
120840    0.0000  45.0000    1000.0000   4875842.2754   1506036.5221   5293611.8651
121340    0.0000  45.0000    1000.0000   4875842.2754   1506036.5221   5293611.8651
121840    0.0000  45.0000    1000.0000   4875842.2754   1506036.5221   5293611.8651
122340    0.0000  45.0000    1000.0000   4875842.2754   1506036.5221   5293611.8651
122840    0.0000  45.0000    1000.0000   4875842.2754   1506036.5221   5293611.8651
123340    0.0000  45.0000    1000.0000   4875842.2754   1506036.5221   5293611.8651
123840    0.0000  45.0000    1000.0000   4875842.2754   1506036.5221   5293611.8651
124340    0.0000  45.0000    1000.0000   4875842.2754   1506036.5221   5293611.8651
124840    0.0000  45.0000    1000.0000   4875842.2754   1506036.5221   5293611.8651
125340    0.0000  45.0000    1000.0000   4875842.2754   1506036.5221   5293611.8651
125840    0.0000  45.0000    1000.0000   4875842.2754   1506036.5221   5293611.8651
130340    0.0000  45.0000    1000.0000   4875842.2754   1506036.5221   5293611.8651
130840    0.0000  45.0000    1000.0000   4875842.2754   1506036.5221   5293611.8651
131340    0.0000  45.0000    1000.0000   4875842.2754   1506036.5221   5293611.8651
131840    0.0000  45.0000    1000.0000   4875842.2754   1506036.5221   5293611.8651
132340    0.0000  45.0000    1000.0000   4875842.2754   1506036.5221   5293611.8651
132840    0.0000  45.0000    1000.0000   4875842.2754   1506036.5221   5293611.8651
133340    0.0000  45.0000    1000.0000   4875842.2754   1506036.5221   5293611.8651
133840    0.0000  45.0000    1000.0000   4875842.2754   1506036.5221   5293611.8651
134340    0.0000  45.0000    1000.0000   4875842.2754   1506036.5221   5293611.8651
134840    0.0000  45.0000    1000.0000   4875842.2754   1506036.5221   5293611.8651
135340    0.0000  45.0000    1000.0000   4875842.2754   1506036.5221   5293611.8651
135840    0.0000  45.0000    1000.0000   4875842.2754   1506036.5221   5293611.8651
140340    0.0000  45.0000    1000.0000   4875842.2754   1506036.5221   5293611.8651
140840    0.0000  45.0000    1000.0000   4875842.2754   1506036.5221   5293611.8651
141340    0.0000  45.0000    1000.0000   4875842.2754   1506036.5221   5293611.8651
141840    0.0000  45.0000    1000.0000   4875842.2754   1506036.5221   5293611.8651
142340    0.0000  45.0000    1000.0000   4875842.2754   1506036.5221   5293611.8651
142840    0.0000  45.0000    1000.0000   4875842.2754   1506036.5221   5293611.8651
143340    0.0000  45.0000    1000.0000   4875842.2754   1506036.5221   5293611.8651
143840    0.0000  45.0000    1000.0000   4875842.2754   1506036.5221   5293611.8651
144340    0.0000  45.0000    1000.0000   4875842.2754   1506036.5221   5293611.8651
144840    0.0000  45.0000    1000.0000   4875842.2754   1506036.5221   5293611.8651
145340    0.0000  45.0000    1000.0000   4875842.2754   1506036.5221   5293611.8651
145840    0.0000  45.0000    1000.0000   4875842.2754   1506036.5221   5293611.8651
150340    0.0000  45.0000    1000.0000   4875842.2754   1506036.5221   5293611.8651
150840    0.0000  45.0000    1000.0000   4875842.2754   1506036.5221   5293611.8651
151340    0.0000  45.0000    1000.0000   4875842.2754   1506036.5221   5293611.8651
151840    0.0000  45.0000    1000.0000   4875842.2754   1506036.5221   5293611.8651
152340    0.0000  45.0000    1000.0000   4875842.2754   1506036.5221   5293611.8651
152840    0.0000  45.0000    1000.0000   4875842.2754   1506036.5221   5293611.8651
153340    0.0000  45.0000    1000.0000   4875842.2754   1506036.5221   5293611.8651
153840    0.0000  45.0000    1000.0000   4875842.2754   1506036.5221   5293611.8651
154340    0.0000  45.0000    1000.0000   4875842.2754   1506036.5221   5293611.8651
154840    0.0000  45.0000    1000.0000   4875842.2754   1506036.5221   5293611.8651
155340    0.0000  45.0000    1000.0000   4875842.2754   1506036.5221   5293611.8651
155840    0.0000  45.0000    1000.0000   4875842.2754   1506036.5221   5293611.8651
160340    0.0000  45.0000    1000.0000   4875842.2754   1506036.5221   5293611.8651
160840    0.0000  45.0000    1000.0000   4875842.2754   1506036.5221   5293611.8651
161340    0.0000  45.0000    1000.0000   4875842.2754   1506036.5221   5293611.8651
161840    0.0000  45.0000    1000.0000   4875842.2754   1506036.5221   5293611.8651
162340    0.0000  45.0000    1000.0000   4875842.2754   1506036.5221   5293611.8651
162840    0.0000  45.0000    1000.0000   4875842.2754   1506036.5221   5293611.8651
163340    0.0000  45.0000    1000.0000   4875842.2754   1506036.5221   5293611.8651
163840    0.0000  45.0000    1000.0000   4875842.2754   1506036.5221   5293611.8651
164340    0.0000  45.0000    1000.0000   4875842.2754   1506036.5221   5293611.8651
164840    0.0000  45.0000    1000.0000   4875842.2754   1506036.5221   5293611.8651
165340    0.0000  45.0000    1000.0000   4875842.2754   1506036.5221   5293611.8651
165840    0.0000  45.0000    1000.0000   4875842.2754   1506036.5221   5293611.8651
170340    0.0000  45.0000    1000.0000   4875842.2754   1506036.5221   5293611.8651
170840    0.0000  45.0000    1000.0000   4875842.2754   1506036.5221   5293611.8651
