X1214108 R_PNT     RP_TEST 1808 0000000    0 45.0 2025 141 083737 300 100   0   0 1     -1
083737    0.0000  45.0000    1000.0000   4159666.9430   1153059.3097   5646596.1703
084237    0.0000  45.0000    1000.0000   4159666.9430   1153059.3097   5646596.1703
084737    0.0000  45.0000    1000.0000   4159666.9430   1153059.3097   5646596.1703
085237    0.0000  45.0000    1000.0000   4159666.9430   1153059.3097   5646596.1703
085737    0.0000  45.0000    1000.0000   4159666.9430   1153059.3097   5646596.1703
090237    0.0000  45.0000    1000.0000   4159666.9430   1153059.3097   5646596.1703
090737    0.0000  45.0000    1000.0000   4159666.9430   1153059.3097   5646596.1703
091237    0.0000  45.0000    1000.0000   4159666.9430   1153059.3097   5646596.1703
091737    0.0000  45.0000    1000.0000   4159666.9430   1153059.3097   5646596.1703
092237    0.0000  45.0000    1000.0000   4159666.9430   1153059.3097   5646596.1703
092737    0.0000  45.0000    1000.0000   4159666.9430   1153059.3097   5646596.1703
093237    0.0000  45.0000    1000.0000   4159666.9430   1153059.3097   5646596.1703
093737    0.0000  45.0000    1000.0000   4159666.9430   1153059.3097   5646596.1703
094237    0.0000  45.0000    1000.0000   4159666.9430   1153059.3097   5646596.1703
094737    0.0000  45.0000    1000.0000   4159666.9430   1153059.3097   5646596.1703
095237    0.0000  45.0000    1000.0000   4159666.9430   1153059.3097   5646596.1703
095737    0.0000  45.0000    1000.0000   4159666.9430   1153059.3097   5646596.1703
100237    0.0000  45.0000    1000.0000   4159666.9430   1153059.3097   5646596.1703
100737    0.0000  45.0000    1000.0000   4159666.9430   1153059.3097   5646596.1703
101237    0.0000  45.0000    1000.0000   4159666.9430   1153059.3097   5646596.1703
101737    0.0000  45.0000    1000.0000   4159666.9430   1153059.3097   5646596.1703
102237    0.0000  45.0000    1000.0000   4159666.9430   1153059.3097   5646596.1703
102737    0.0000  45.0000    1000.0000   4159666.9430   1153059.3097   5646596.1703
103237    0.0000  45.0000    1000.0000   4159666.9430   1153059.3097   5646596.1703
103737    0.0000  45.0000    1000.0000   4159666.9430   1153059.3097   5646596.1703
104237    0.0000  45.0000    1000.0000   4159666.9430   1153059.3097   5646596.1703
104737    0.0000  45.0000    1000.0000   4159666.9430   1153059.3097   5646596.1703
105237    0.0000  45.0000    1000.0000   4159666.9430   1153059.3097   5646596.1703
105737    0.0000  45.0000    1000.0000   4159666.9430   1153059.3097   5646596.1703
110237    0.0000  45.0000    1000.0000   4159666.9430   1153059.3097   5646596.1703
110737    0.0000  45.0000    1000.0000   4159666.9430   1153059.3097   5646596.1703
111237    0.0000  45.0000    1000.0000   4159666.9430   1153059.3097   5646596.1703
111737    0.0000  45.0000    1000.0000   4159666.9430   1153059.3097   5646596.1703
112237    0.0000  45.0000    1000.0000   4159666.9430   1153059.3097   5646596.1703
112737    0.0000  45.0000    1000.0000   4159666.9430   1153059.3097   5646596.1703
113237    0.0000  45.0000    1000.0000   4159666.9430   1153059.3097   5646596.1703
113737    0.0000  45.0000    1000.0000   4159666.9430   1153059.3097   5646596.1703
114237    0.0000  45.0000    1000.0000   4159666.9430   1153059.3097   5646596.1703
114737    0.0000  45.0000    1000.0000   4159666.9430   1153059.3097   5646596.1703
115237    0.0000  45.0000    1000.0000   4159666.9430   1153059.3097   5646596.1703
115737    0.0000  45.0000    1000.0000   4159666.9430   1153059.3097   5646596.1703
120237    0.0000  45.0000    1000.0000   4159666.9430   1153059.3097   5646596.1703
120737    0.0000  45.0000    1000.0000   4159666.9430   1153059.3097   5646596.1703
121237    0.0000  45.0000    1000.0000   4159666.9430   1153059.3097   5646596.1703
121737    0.0000  45.0000    1000.0000   4159666.9430   1153059.3097   5646596.1703
122237    0.0000  45.0000    1000.0000   4159666.9430   1153059.3097   5646596.1703
122737    0.0000  45.0000    1000.0000   4159666.9430   1153059.3097   5646596.1703
123237    0.0000  45.0000    1000.0000   4159666.9430   1153059.3097   5646596.1703
123737    0.0000  45.0000    1000.0000   4159666.9430   1153059.3097   5646596.1703
124237    0.0000  45.0000    1000.0000   4159666.9430   1153059.3097   5646596.1703
124737    0.0000  45.0000    1000.0000   4159666.9430   1153059.3097   5646596.1703
125237    0.0000  45.0000    1000.0000   4159666.9430   1153059.3097   5646596.1703
125737    0.0000  45.0000    1000.0000   4159666.9430   1153059.3097   5646596.1703
130237    0.0000  45.0000    1000.0000   4159666.9430   1153059.3097   5646596.1703
130737    0.0000  45.0000    1000.0000   4159666.9430   1153059.3097   5646596.1703
131237    0.0000  45.0000    1000.0000   4159666.9430   1153059.3097   5646596.1703
131737    0.0000  45.0000    1000.0000   4159666.9430   1153059.3097   5646596.1703
132237    0.0000  45.0000    1000.0000   4159666.9430   1153059.3097   5646596.1703
132737    0.0000  45.0000    1000.0000   4159666.9430   1153059.3097   5646596.1703
133237    0.0000  45.0000    1000.0000   4159666.9430   1153059.3097   5646596.1703
133737    0.0000  45.0000    1000.0000   4159666.9430   1153059.3097   5646596.1703
134237    0.0000  45.0000    1000.0000   4159666.9430   1153059.3097   5646596.1703
134737    0.0000  45.0000    1000.0000   4159666.9430   1153059.3097   5646596.1703
135237    0.0000  45.0000    1000.0000   4159666.9430   1153059.3097   5646596.1703
135737    0.0000  45.0000    1000.0000   4159666.9430   1153059.3097   5646596.1703
140237    0.0000  45.0000    1000.0000   4159666.9430   1153059.3097   5646596.1703
140737    0.0000  45.0000    1000.0000   4159666.9430   1153059.3097   5646596.1703
141237    0.0000  45.0000    1000.0000   4159666.9430   1153059.3097   5646596.1703
141737    0.0000  45.0000    1000.0000   4159666.9430   1153059.3097   5646596.1703
142237    0.0000  45.0000    1000.0000   4159666.9430   1153059.3097   5646596.1703
142737    0.0000  45.0000    1000.0000   4159666.9430   1153059.3097   5646596.1703
143237    0.0000  45.0000    1000.0000   4159666.9430   1153059.3097   5646596.1703
143737    0.0000  45.0000    1000.0000   4159666.9430   1153059.3097   5646596.1703
144237    0.0000  45.0000    1000.0000   4159666.9430   1153059.3097   5646596.1703
144737    0.0000  45.0000    1000.0000   4159666.9430   1153059.3097   5646596.1703
145237    0.0000  45.0000    1000.0000   4159666.9430   1153059.3097   5646596.1703
145737    0.0000  45.0000    1000.0000   4159666.9430   1153059.3097   5646596.1703
150237    0.0000  45.0000    1000.0000   4159666.9430   1153059.3097   5646596.1703
150737    0.0000  45.0000    1000.0000   4159666.9430   1153059.3097   5646596.1703
151237    0.0000  45.0000    1000.0000   4159666.9430   1153059.3097   5646596.1703
151737    0.0000  45.0000    1000.0000   4159666.9430   1153059.3097   5646596.1703
152237    0.0000  45.0000    1000.0000   4159666.9430   1153059.3097   5646596.1703
152737    0.0000  45.0000    1000.0000   4159666.9430   1153059.3097   5646596.1703
153237    0.0000  45.0000    1000.0000   4159666.9430   1153059.3097   5646596.1703
153737    0.0000  45.0000    1000.0000   4159666.9430   1153059.3097   5646596.1703
154237    0.0000  45.0000    1000.0000   4159666.9430   1153059.3097   5646596.1703
154737    0.0000  45.0000    1000.0000   4159666.9430   1153059.3097   5646596.1703
155237    0.0000  45.0000    1000.0000   4159666.9430   1153059.3097   5646596.1703
155737    0.0000  45.0000    1000.0000   4159666.9430   1153059.3097   5646596.1703
160237    0.0000  45.0000    1000.0000   4159666.9430   1153059.3097   5646596.1703
160737    0.0000  45.0000    1000.0000   4159666.9430   1153059.3097   5646596.1703
161237    0.0000  45.0000    1000.0000   4159666.9430   1153059.3097   5646596.1703
161737    0.0000  45.0000    1000.0000   4159666.9430   1153059.3097   5646596.1703
162237    0.0000  45.0000    1000.0000   4159666.9430   1153059.3097   5646596.1703
162737    0.0000  45.0000    1000.0000   4159666.9430   1153059.3097   5646596.1703
163237    0.0000  45.0000    1000.0000   4159666.9430   1153059.3097   5646596.1703
163737    0.0000  45.0000    1000.0000   4159666.9430   1153059.3097   5646596.1703
164237    0.0000  45.0000    1000.0000   4159666.9430   1153059.3097   5646596.1703
164737    0.0000  45.0000    1000.0000   4159666.9430   1153059.3097   5646596.1703
165237    0.0000  45.0000    1000.0000   4159666.9430   1153059.3097   5646596.1703
