X1212711 R_PNT     RP_TEST 1808 0000000    0 45.0 2025 127 115549 300 100   0   0 1     -1
115549    0.0000  45.0000    1000.0000   4159666.9430   1153059.3097   5646596.1703
120049    0.0000  45.0000    1000.0000   4159666.9430   1153059.3097   5646596.1703
120549    0.0000  45.0000    1000.0000   4159666.9430   1153059.3097   5646596.1703
121049    0.0000  45.0000    1000.0000   4159666.9430   1153059.3097   5646596.1703
121549    0.0000  45.0000    1000.0000   4159666.9430   1153059.3097   5646596.1703
122049    0.0000  45.0000    1000.0000   4159666.9430   1153059.3097   5646596.1703
122549    0.0000  45.0000    1000.0000   4159666.9430   1153059.3097   5646596.1703
123049    0.0000  45.0000    1000.0000   4159666.9430   1153059.3097   5646596.1703
123549    0.0000  45.0000    1000.0000   4159666.9430   1153059.3097   5646596.1703
124049    0.0000  45.0000    1000.0000   4159666.9430   1153059.3097   5646596.1703
124549    0.0000  45.0000    1000.0000   4159666.9430   1153059.3097   5646596.1703
125049    0.0000  45.0000    1000.0000   4159666.9430   1153059.3097   5646596.1703
125549    0.0000  45.0000    1000.0000   4159666.9430   1153059.3097   5646596.1703
130049    0.0000  45.0000    1000.0000   4159666.9430   1153059.3097   5646596.1703
130549    0.0000  45.0000    1000.0000   4159666.9430   1153059.3097   5646596.1703
131049    0.0000  45.0000    1000.0000   4159666.9430   1153059.3097   5646596.1703
131549    0.0000  45.0000    1000.0000   4159666.9430   1153059.3097   5646596.1703
132049    0.0000  45.0000    1000.0000   4159666.9430   1153059.3097   5646596.1703
132549    0.0000  45.0000    1000.0000   4159666.9430   1153059.3097   5646596.1703
133049    0.0000  45.0000    1000.0000   4159666.9430   1153059.3097   5646596.1703
133549    0.0000  45.0000    1000.0000   4159666.9430   1153059.3097   5646596.1703
134049    0.0000  45.0000    1000.0000   4159666.9430   1153059.3097   5646596.1703
134549    0.0000  45.0000    1000.0000   4159666.9430   1153059.3097   5646596.1703
135049    0.0000  45.0000    1000.0000   4159666.9430   1153059.3097   5646596.1703
135549    0.0000  45.0000    1000.0000   4159666.9430   1153059.3097   5646596.1703
140049    0.0000  45.0000    1000.0000   4159666.9430   1153059.3097   5646596.1703
140549    0.0000  45.0000    1000.0000   4159666.9430   1153059.3097   5646596.1703
141049    0.0000  45.0000    1000.0000   4159666.9430   1153059.3097   5646596.1703
141549    0.0000  45.0000    1000.0000   4159666.9430   1153059.3097   5646596.1703
142049    0.0000  45.0000    1000.0000   4159666.9430   1153059.3097   5646596.1703
142549    0.0000  45.0000    1000.0000   4159666.9430   1153059.3097   5646596.1703
143049    0.0000  45.0000    1000.0000   4159666.9430   1153059.3097   5646596.1703
143549    0.0000  45.0000    1000.0000   4159666.9430   1153059.3097   5646596.1703
144049    0.0000  45.0000    1000.0000   4159666.9430   1153059.3097   5646596.1703
144549    0.0000  45.0000    1000.0000   4159666.9430   1153059.3097   5646596.1703
145049    0.0000  45.0000    1000.0000   4159666.9430   1153059.3097   5646596.1703
145549    0.0000  45.0000    1000.0000   4159666.9430   1153059.3097   5646596.1703
150049    0.0000  45.0000    1000.0000   4159666.9430   1153059.3097   5646596.1703
150549    0.0000  45.0000    1000.0000   4159666.9430   1153059.3097   5646596.1703
151049    0.0000  45.0000    1000.0000   4159666.9430   1153059.3097   5646596.1703
151549    0.0000  45.0000    1000.0000   4159666.9430   1153059.3097   5646596.1703
152049    0.0000  45.0000    1000.0000   4159666.9430   1153059.3097   5646596.1703
152549    0.0000  45.0000    1000.0000   4159666.9430   1153059.3097   5646596.1703
153049    0.0000  45.0000    1000.0000   4159666.9430   1153059.3097   5646596.1703
153549    0.0000  45.0000    1000.0000   4159666.9430   1153059.3097   5646596.1703
154049    0.0000  45.0000    1000.0000   4159666.9430   1153059.3097   5646596.1703
154549    0.0000  45.0000    1000.0000   4159666.9430   1153059.3097   5646596.1703
155049    0.0000  45.0000    1000.0000   4159666.9430   1153059.3097   5646596.1703
155549    0.0000  45.0000    1000.0000   4159666.9430   1153059.3097   5646596.1703
160049    0.0000  45.0000    1000.0000   4159666.9430   1153059.3097   5646596.1703
160549    0.0000  45.0000    1000.0000   4159666.9430   1153059.3097   5646596.1703
161049    0.0000  45.0000    1000.0000   4159666.9430   1153059.3097   5646596.1703
161549    0.0000  45.0000    1000.0000   4159666.9430   1153059.3097   5646596.1703
162049    0.0000  45.0000    1000.0000   4159666.9430   1153059.3097   5646596.1703
162549    0.0000  45.0000    1000.0000   4159666.9430   1153059.3097   5646596.1703
163049    0.0000  45.0000    1000.0000   4159666.9430   1153059.3097   5646596.1703
163549    0.0000  45.0000    1000.0000   4159666.9430   1153059.3097   5646596.1703
164049    0.0000  45.0000    1000.0000   4159666.9430   1153059.3097   5646596.1703
164549    0.0000  45.0000    1000.0000   4159666.9430   1153059.3097   5646596.1703
165049    0.0000  45.0000    1000.0000   4159666.9430   1153059.3097   5646596.1703
165549    0.0000  45.0000    1000.0000   4159666.9430   1153059.3097   5646596.1703
170049    0.0000  45.0000    1000.0000   4159666.9430   1153059.3097   5646596.1703
170549    0.0000  45.0000    1000.0000   4159666.9430   1153059.3097   5646596.1703
171049    0.0000  45.0000    1000.0000   4159666.9430   1153059.3097   5646596.1703
171549    0.0000  45.0000    1000.0000   4159666.9430   1153059.3097   5646596.1703
172049    0.0000  45.0000    1000.0000   4159666.9430   1153059.3097   5646596.1703
172549    0.0000  45.0000    1000.0000   4159666.9430   1153059.3097   5646596.1703
173049    0.0000  45.0000    1000.0000   4159666.9430   1153059.3097   5646596.1703
173549    0.0000  45.0000    1000.0000   4159666.9430   1153059.3097   5646596.1703
174049    0.0000  45.0000    1000.0000   4159666.9430   1153059.3097   5646596.1703
174549    0.0000  45.0000    1000.0000   4159666.9430   1153059.3097   5646596.1703
175049    0.0000  45.0000    1000.0000   4159666.9430   1153059.3097   5646596.1703
175549    0.0000  45.0000    1000.0000   4159666.9430   1153059.3097   5646596.1703
180049    0.0000  45.0000    1000.0000   4159666.9430   1153059.3097   5646596.1703
180549    0.0000  45.0000    1000.0000   4159666.9430   1153059.3097   5646596.1703
181049    0.0000  45.0000    1000.0000   4159666.9430   1153059.3097   5646596.1703
181549    0.0000  45.0000    1000.0000   4159666.9430   1153059.3097   5646596.1703
182049    0.0000  45.0000    1000.0000   4159666.9430   1153059.3097   5646596.1703
182549    0.0000  45.0000    1000.0000   4159666.9430   1153059.3097   5646596.1703
183049    0.0000  45.0000    1000.0000   4159666.9430   1153059.3097   5646596.1703
183549    0.0000  45.0000    1000.0000   4159666.9430   1153059.3097   5646596.1703
184049    0.0000  45.0000    1000.0000   4159666.9430   1153059.3097   5646596.1703
184549    0.0000  45.0000    1000.0000   4159666.9430   1153059.3097   5646596.1703
185049    0.0000  45.0000    1000.0000   4159666.9430   1153059.3097   5646596.1703
185549    0.0000  45.0000    1000.0000   4159666.9430   1153059.3097   5646596.1703
190049    0.0000  45.0000    1000.0000   4159666.9430   1153059.3097   5646596.1703
190549    0.0000  45.0000    1000.0000   4159666.9430   1153059.3097   5646596.1703
191049    0.0000  45.0000    1000.0000   4159666.9430   1153059.3097   5646596.1703
191549    0.0000  45.0000    1000.0000   4159666.9430   1153059.3097   5646596.1703
192049    0.0000  45.0000    1000.0000   4159666.9430   1153059.3097   5646596.1703
192549    0.0000  45.0000    1000.0000   4159666.9430   1153059.3097   5646596.1703
193049    0.0000  45.0000    1000.0000   4159666.9430   1153059.3097   5646596.1703
193549    0.0000  45.0000    1000.0000   4159666.9430   1153059.3097   5646596.1703
194049    0.0000  45.0000    1000.0000   4159666.9430   1153059.3097   5646596.1703
194549    0.0000  45.0000    1000.0000   4159666.9430   1153059.3097   5646596.1703
195049    0.0000  45.0000    1000.0000   4159666.9430   1153059.3097   5646596.1703
195549    0.0000  45.0000    1000.0000   4159666.9430   1153059.3097   5646596.1703
200049    0.0000  45.0000    1000.0000   4159666.9430   1153059.3097   5646596.1703
200549    0.0000  45.0000    1000.0000   4159666.9430   1153059.3097   5646596.1703
201049    0.0000  45.0000    1000.0000   4159666.9430   1153059.3097   5646596.1703
