X1314108 R_PNT     RP_TEST 1808 0000000    0 60.0 2025 141 083737 300 100   0   0 1     -1
083737    0.0000  60.0000    1000.0000   4410103.0316   1222479.8473   5621879.7403
084237    0.0000  60.0000    1000.0000   4410103.0316   1222479.8473   5621879.7403
084737    0.0000  60.0000    1000.0000   4410103.0316   1222479.8473   5621879.7403
085237    0.0000  60.0000    1000.0000   4410103.0316   1222479.8473   5621879.7403
085737    0.0000  60.0000    1000.0000   4410103.0316   1222479.8473   5621879.7403
090237    0.0000  60.0000    1000.0000   4410103.0316   1222479.8473   5621879.7403
090737    0.0000  60.0000    1000.0000   4410103.0316   1222479.8473   5621879.7403
091237    0.0000  60.0000    1000.0000   4410103.0316   1222479.8473   5621879.7403
091737    0.0000  60.0000    1000.0000   4410103.0316   1222479.8473   5621879.7403
092237    0.0000  60.0000    1000.0000   4410103.0316   1222479.8473   5621879.7403
092737    0.0000  60.0000    1000.0000   4410103.0316   1222479.8473   5621879.7403
093237    0.0000  60.0000    1000.0000   4410103.0316   1222479.8473   5621879.7403
093737    0.0000  60.0000    1000.0000   4410103.0316   1222479.8473   5621879.7403
094237    0.0000  60.0000    1000.0000   4410103.0316   1222479.8473   5621879.7403
094737    0.0000  60.0000    1000.0000   4410103.0316   1222479.8473   5621879.7403
095237    0.0000  60.0000    1000.0000   4410103.0316   1222479.8473   5621879.7403
095737    0.0000  60.0000    1000.0000   4410103.0316   1222479.8473   5621879.7403
100237    0.0000  60.0000    1000.0000   4410103.0316   1222479.8473   5621879.7403
100737    0.0000  60.0000    1000.0000   4410103.0316   1222479.8473   5621879.7403
101237    0.0000  60.0000    1000.0000   4410103.0316   1222479.8473   5621879.7403
101737    0.0000  60.0000    1000.0000   4410103.0316   1222479.8473   5621879.7403
102237    0.0000  60.0000    1000.0000   4410103.0316   1222479.8473   5621879.7403
102737    0.0000  60.0000    1000.0000   4410103.0316   1222479.8473   5621879.7403
103237    0.0000  60.0000    1000.0000   4410103.0316   1222479.8473   5621879.7403
103737    0.0000  60.0000    1000.0000   4410103.0316   1222479.8473   5621879.7403
104237    0.0000  60.0000    1000.0000   4410103.0316   1222479.8473   5621879.7403
104737    0.0000  60.0000    1000.0000   4410103.0316   1222479.8473   5621879.7403
105237    0.0000  60.0000    1000.0000   4410103.0316   1222479.8473   5621879.7403
105737    0.0000  60.0000    1000.0000   4410103.0316   1222479.8473   5621879.7403
110237    0.0000  60.0000    1000.0000   4410103.0316   1222479.8473   5621879.7403
110737    0.0000  60.0000    1000.0000   4410103.0316   1222479.8473   5621879.7403
111237    0.0000  60.0000    1000.0000   4410103.0316   1222479.8473   5621879.7403
111737    0.0000  60.0000    1000.0000   4410103.0316   1222479.8473   5621879.7403
112237    0.0000  60.0000    1000.0000   4410103.0316   1222479.8473   5621879.7403
112737    0.0000  60.0000    1000.0000   4410103.0316   1222479.8473   5621879.7403
113237    0.0000  60.0000    1000.0000   4410103.0316   1222479.8473   5621879.7403
113737    0.0000  60.0000    1000.0000   4410103.0316   1222479.8473   5621879.7403
114237    0.0000  60.0000    1000.0000   4410103.0316   1222479.8473   5621879.7403
114737    0.0000  60.0000    1000.0000   4410103.0316   1222479.8473   5621879.7403
115237    0.0000  60.0000    1000.0000   4410103.0316   1222479.8473   5621879.7403
115737    0.0000  60.0000    1000.0000   4410103.0316   1222479.8473   5621879.7403
120237    0.0000  60.0000    1000.0000   4410103.0316   1222479.8473   5621879.7403
120737    0.0000  60.0000    1000.0000   4410103.0316   1222479.8473   5621879.7403
121237    0.0000  60.0000    1000.0000   4410103.0316   1222479.8473   5621879.7403
121737    0.0000  60.0000    1000.0000   4410103.0316   1222479.8473   5621879.7403
122237    0.0000  60.0000    1000.0000   4410103.0316   1222479.8473   5621879.7403
122737    0.0000  60.0000    1000.0000   4410103.0316   1222479.8473   5621879.7403
123237    0.0000  60.0000    1000.0000   4410103.0316   1222479.8473   5621879.7403
123737    0.0000  60.0000    1000.0000   4410103.0316   1222479.8473   5621879.7403
124237    0.0000  60.0000    1000.0000   4410103.0316   1222479.8473   5621879.7403
124737    0.0000  60.0000    1000.0000   4410103.0316   1222479.8473   5621879.7403
125237    0.0000  60.0000    1000.0000   4410103.0316   1222479.8473   5621879.7403
125737    0.0000  60.0000    1000.0000   4410103.0316   1222479.8473   5621879.7403
130237    0.0000  60.0000    1000.0000   4410103.0316   1222479.8473   5621879.7403
130737    0.0000  60.0000    1000.0000   4410103.0316   1222479.8473   5621879.7403
131237    0.0000  60.0000    1000.0000   4410103.0316   1222479.8473   5621879.7403
131737    0.0000  60.0000    1000.0000   4410103.0316   1222479.8473   5621879.7403
132237    0.0000  60.0000    1000.0000   4410103.0316   1222479.8473   5621879.7403
132737    0.0000  60.0000    1000.0000   4410103.0316   1222479.8473   5621879.7403
133237    0.0000  60.0000    1000.0000   4410103.0316   1222479.8473   5621879.7403
133737    0.0000  60.0000    1000.0000   4410103.0316   1222479.8473   5621879.7403
134237    0.0000  60.0000    1000.0000   4410103.0316   1222479.8473   5621879.7403
134737    0.0000  60.0000    1000.0000   4410103.0316   1222479.8473   5621879.7403
135237    0.0000  60.0000    1000.0000   4410103.0316   1222479.8473   5621879.7403
135737    0.0000  60.0000    1000.0000   4410103.0316   1222479.8473   5621879.7403
140237    0.0000  60.0000    1000.0000   4410103.0316   1222479.8473   5621879.7403
140737    0.0000  60.0000    1000.0000   4410103.0316   1222479.8473   5621879.7403
141237    0.0000  60.0000    1000.0000   4410103.0316   1222479.8473   5621879.7403
141737    0.0000  60.0000    1000.0000   4410103.0316   1222479.8473   5621879.7403
142237    0.0000  60.0000    1000.0000   4410103.0316   1222479.8473   5621879.7403
142737    0.0000  60.0000    1000.0000   4410103.0316   1222479.8473   5621879.7403
143237    0.0000  60.0000    1000.0000   4410103.0316   1222479.8473   5621879.7403
143737    0.0000  60.0000    1000.0000   4410103.0316   1222479.8473   5621879.7403
144237    0.0000  60.0000    1000.0000   4410103.0316   1222479.8473   5621879.7403
144737    0.0000  60.0000    1000.0000   4410103.0316   1222479.8473   5621879.7403
145237    0.0000  60.0000    1000.0000   4410103.0316   1222479.8473   5621879.7403
145737    0.0000  60.0000    1000.0000   4410103.0316   1222479.8473   5621879.7403
150237    0.0000  60.0000    1000.0000   4410103.0316   1222479.8473   5621879.7403
150737    0.0000  60.0000    1000.0000   4410103.0316   1222479.8473   5621879.7403
151237    0.0000  60.0000    1000.0000   4410103.0316   1222479.8473   5621879.7403
151737    0.0000  60.0000    1000.0000   4410103.0316   1222479.8473   5621879.7403
152237    0.0000  60.0000    1000.0000   4410103.0316   1222479.8473   5621879.7403
152737    0.0000  60.0000    1000.0000   4410103.0316   1222479.8473   5621879.7403
153237    0.0000  60.0000    1000.0000   4410103.0316   1222479.8473   5621879.7403
153737    0.0000  60.0000    1000.0000   4410103.0316   1222479.8473   5621879.7403
154237    0.0000  60.0000    1000.0000   4410103.0316   1222479.8473   5621879.7403
154737    0.0000  60.0000    1000.0000   4410103.0316   1222479.8473   5621879.7403
155237    0.0000  60.0000    1000.0000   4410103.0316   1222479.8473   5621879.7403
155737    0.0000  60.0000    1000.0000   4410103.0316   1222479.8473   5621879.7403
160237    0.0000  60.0000    1000.0000   4410103.0316   1222479.8473   5621879.7403
160737    0.0000  60.0000    1000.0000   4410103.0316   1222479.8473   5621879.7403
161237    0.0000  60.0000    1000.0000   4410103.0316   1222479.8473   5621879.7403
161737    0.0000  60.0000    1000.0000   4410103.0316   1222479.8473   5621879.7403
162237    0.0000  60.0000    1000.0000   4410103.0316   1222479.8473   5621879.7403
162737    0.0000  60.0000    1000.0000   4410103.0316   1222479.8473   5621879.7403
163237    0.0000  60.0000    1000.0000   4410103.0316   1222479.8473   5621879.7403
163737    0.0000  60.0000    1000.0000   4410103.0316   1222479.8473   5621879.7403
164237    0.0000  60.0000    1000.0000   4410103.0316   1222479.8473   5621879.7403
164737    0.0000  60.0000    1000.0000   4410103.0316   1222479.8473   5621879.7403
165237    0.0000  60.0000    1000.0000   4410103.0316   1222479.8473   5621879.7403
