X1312711 R_PNT     RP_TEST 1808 0000000    0 60.0 2025 127 115549 300 100   0   0 1     -1
115549    0.0000  60.0000    1000.0000   4410103.0316   1222479.8473   5621879.7403
120049    0.0000  60.0000    1000.0000   4410103.0316   1222479.8473   5621879.7403
120549    0.0000  60.0000    1000.0000   4410103.0316   1222479.8473   5621879.7403
121049    0.0000  60.0000    1000.0000   4410103.0316   1222479.8473   5621879.7403
121549    0.0000  60.0000    1000.0000   4410103.0316   1222479.8473   5621879.7403
122049    0.0000  60.0000    1000.0000   4410103.0316   1222479.8473   5621879.7403
122549    0.0000  60.0000    1000.0000   4410103.0316   1222479.8473   5621879.7403
123049    0.0000  60.0000    1000.0000   4410103.0316   1222479.8473   5621879.7403
123549    0.0000  60.0000    1000.0000   4410103.0316   1222479.8473   5621879.7403
124049    0.0000  60.0000    1000.0000   4410103.0316   1222479.8473   5621879.7403
124549    0.0000  60.0000    1000.0000   4410103.0316   1222479.8473   5621879.7403
125049    0.0000  60.0000    1000.0000   4410103.0316   1222479.8473   5621879.7403
125549    0.0000  60.0000    1000.0000   4410103.0316   1222479.8473   5621879.7403
130049    0.0000  60.0000    1000.0000   4410103.0316   1222479.8473   5621879.7403
130549    0.0000  60.0000    1000.0000   4410103.0316   1222479.8473   5621879.7403
131049    0.0000  60.0000    1000.0000   4410103.0316   1222479.8473   5621879.7403
131549    0.0000  60.0000    1000.0000   4410103.0316   1222479.8473   5621879.7403
132049    0.0000  60.0000    1000.0000   4410103.0316   1222479.8473   5621879.7403
132549    0.0000  60.0000    1000.0000   4410103.0316   1222479.8473   5621879.7403
133049    0.0000  60.0000    1000.0000   4410103.0316   1222479.8473   5621879.7403
133549    0.0000  60.0000    1000.0000   4410103.0316   1222479.8473   5621879.7403
134049    0.0000  60.0000    1000.0000   4410103.0316   1222479.8473   5621879.7403
134549    0.0000  60.0000    1000.0000   4410103.0316   1222479.8473   5621879.7403
135049    0.0000  60.0000    1000.0000   4410103.0316   1222479.8473   5621879.7403
135549    0.0000  60.0000    1000.0000   4410103.0316   1222479.8473   5621879.7403
140049    0.0000  60.0000    1000.0000   4410103.0316   1222479.8473   5621879.7403
140549    0.0000  60.0000    1000.0000   4410103.0316   1222479.8473   5621879.7403
141049    0.0000  60.0000    1000.0000   4410103.0316   1222479.8473   5621879.7403
141549    0.0000  60.0000    1000.0000   4410103.0316   1222479.8473   5621879.7403
142049    0.0000  60.0000    1000.0000   4410103.0316   1222479.8473   5621879.7403
142549    0.0000  60.0000    1000.0000   4410103.0316   1222479.8473   5621879.7403
143049    0.0000  60.0000    1000.0000   4410103.0316   1222479.8473   5621879.7403
143549    0.0000  60.0000    1000.0000   4410103.0316   1222479.8473   5621879.7403
144049    0.0000  60.0000    1000.0000   4410103.0316   1222479.8473   5621879.7403
144549    0.0000  60.0000    1000.0000   4410103.0316   1222479.8473   5621879.7403
145049    0.0000  60.0000    1000.0000   4410103.0316   1222479.8473   5621879.7403
145549    0.0000  60.0000    1000.0000   4410103.0316   1222479.8473   5621879.7403
150049    0.0000  60.0000    1000.0000   4410103.0316   1222479.8473   5621879.7403
150549    0.0000  60.0000    1000.0000   4410103.0316   1222479.8473   5621879.7403
151049    0.0000  60.0000    1000.0000   4410103.0316   1222479.8473   5621879.7403
151549    0.0000  60.0000    1000.0000   4410103.0316   1222479.8473   5621879.7403
152049    0.0000  60.0000    1000.0000   4410103.0316   1222479.8473   5621879.7403
152549    0.0000  60.0000    1000.0000   4410103.0316   1222479.8473   5621879.7403
153049    0.0000  60.0000    1000.0000   4410103.0316   1222479.8473   5621879.7403
153549    0.0000  60.0000    1000.0000   4410103.0316   1222479.8473   5621879.7403
154049    0.0000  60.0000    1000.0000   4410103.0316   1222479.8473   5621879.7403
154549    0.0000  60.0000    1000.0000   4410103.0316   1222479.8473   5621879.7403
155049    0.0000  60.0000    1000.0000   4410103.0316   1222479.8473   5621879.7403
155549    0.0000  60.0000    1000.0000   4410103.0316   1222479.8473   5621879.7403
160049    0.0000  60.0000    1000.0000   4410103.0316   1222479.8473   5621879.7403
160549    0.0000  60.0000    1000.0000   4410103.0316   1222479.8473   5621879.7403
161049    0.0000  60.0000    1000.0000   4410103.0316   1222479.8473   5621879.7403
161549    0.0000  60.0000    1000.0000   4410103.0316   1222479.8473   5621879.7403
162049    0.0000  60.0000    1000.0000   4410103.0316   1222479.8473   5621879.7403
162549    0.0000  60.0000    1000.0000   4410103.0316   1222479.8473   5621879.7403
163049    0.0000  60.0000    1000.0000   4410103.0316   1222479.8473   5621879.7403
163549    0.0000  60.0000    1000.0000   4410103.0316   1222479.8473   5621879.7403
164049    0.0000  60.0000    1000.0000   4410103.0316   1222479.8473   5621879.7403
164549    0.0000  60.0000    1000.0000   4410103.0316   1222479.8473   5621879.7403
165049    0.0000  60.0000    1000.0000   4410103.0316   1222479.8473   5621879.7403
165549    0.0000  60.0000    1000.0000   4410103.0316   1222479.8473   5621879.7403
170049    0.0000  60.0000    1000.0000   4410103.0316   1222479.8473   5621879.7403
170549    0.0000  60.0000    1000.0000   4410103.0316   1222479.8473   5621879.7403
171049    0.0000  60.0000    1000.0000   4410103.0316   1222479.8473   5621879.7403
171549    0.0000  60.0000    1000.0000   4410103.0316   1222479.8473   5621879.7403
172049    0.0000  60.0000    1000.0000   4410103.0316   1222479.8473   5621879.7403
172549    0.0000  60.0000    1000.0000   4410103.0316   1222479.8473   5621879.7403
173049    0.0000  60.0000    1000.0000   4410103.0316   1222479.8473   5621879.7403
173549    0.0000  60.0000    1000.0000   4410103.0316   1222479.8473   5621879.7403
174049    0.0000  60.0000    1000.0000   4410103.0316   1222479.8473   5621879.7403
174549    0.0000  60.0000    1000.0000   4410103.0316   1222479.8473   5621879.7403
175049    0.0000  60.0000    1000.0000   4410103.0316   1222479.8473   5621879.7403
175549    0.0000  60.0000    1000.0000   4410103.0316   1222479.8473   5621879.7403
180049    0.0000  60.0000    1000.0000   4410103.0316   1222479.8473   5621879.7403
180549    0.0000  60.0000    1000.0000   4410103.0316   1222479.8473   5621879.7403
181049    0.0000  60.0000    1000.0000   4410103.0316   1222479.8473   5621879.7403
181549    0.0000  60.0000    1000.0000   4410103.0316   1222479.8473   5621879.7403
182049    0.0000  60.0000    1000.0000   4410103.0316   1222479.8473   5621879.7403
182549    0.0000  60.0000    1000.0000   4410103.0316   1222479.8473   5621879.7403
183049    0.0000  60.0000    1000.0000   4410103.0316   1222479.8473   5621879.7403
183549    0.0000  60.0000    1000.0000   4410103.0316   1222479.8473   5621879.7403
184049    0.0000  60.0000    1000.0000   4410103.0316   1222479.8473   5621879.7403
184549    0.0000  60.0000    1000.0000   4410103.0316   1222479.8473   5621879.7403
185049    0.0000  60.0000    1000.0000   4410103.0316   1222479.8473   5621879.7403
185549    0.0000  60.0000    1000.0000   4410103.0316   1222479.8473   5621879.7403
190049    0.0000  60.0000    1000.0000   4410103.0316   1222479.8473   5621879.7403
190549    0.0000  60.0000    1000.0000   4410103.0316   1222479.8473   5621879.7403
191049    0.0000  60.0000    1000.0000   4410103.0316   1222479.8473   5621879.7403
191549    0.0000  60.0000    1000.0000   4410103.0316   1222479.8473   5621879.7403
192049    0.0000  60.0000    1000.0000   4410103.0316   1222479.8473   5621879.7403
192549    0.0000  60.0000    1000.0000   4410103.0316   1222479.8473   5621879.7403
193049    0.0000  60.0000    1000.0000   4410103.0316   1222479.8473   5621879.7403
193549    0.0000  60.0000    1000.0000   4410103.0316   1222479.8473   5621879.7403
194049    0.0000  60.0000    1000.0000   4410103.0316   1222479.8473   5621879.7403
194549    0.0000  60.0000    1000.0000   4410103.0316   1222479.8473   5621879.7403
195049    0.0000  60.0000    1000.0000   4410103.0316   1222479.8473   5621879.7403
195549    0.0000  60.0000    1000.0000   4410103.0316   1222479.8473   5621879.7403
200049    0.0000  60.0000    1000.0000   4410103.0316   1222479.8473   5621879.7403
200549    0.0000  60.0000    1000.0000   4410103.0316   1222479.8473   5621879.7403
201049    0.0000  60.0000    1000.0000   4410103.0316   1222479.8473   5621879.7403
