X1316110 R_PNT     RP_TEST 1808 0000000    0 60.0 2025 161 102527 300 100   0   0 1     -1
102527    0.0000  60.0000    1000.0000   4410103.0316   1222479.8473   5621879.7403
102707    0.0000  60.0000    1000.0000   4410103.0316   1222479.8473   5621879.7403
102847    0.0000  60.0000    1000.0000   4410103.0316   1222479.8473   5621879.7403
103027    0.0000  60.0000    1000.0000   4410103.0316   1222479.8473   5621879.7403
103207    0.0000  60.0000    1000.0000   4410103.0316   1222479.8473   5621879.7403
103347    0.0000  60.0000    1000.0000   4410103.0316   1222479.8473   5621879.7403
103527    0.0000  60.0000    1000.0000   4410103.0316   1222479.8473   5621879.7403
103707    0.0000  60.0000    1000.0000   4410103.0316   1222479.8473   5621879.7403
103847    0.0000  60.0000    1000.0000   4410103.0316   1222479.8473   5621879.7403
104027    0.0000  60.0000    1000.0000   4410103.0316   1222479.8473   5621879.7403
104207    0.0000  60.0000    1000.0000   4410103.0316   1222479.8473   5621879.7403
104347    0.0000  60.0000    1000.0000   4410103.0316   1222479.8473   5621879.7403
104527    0.0000  60.0000    1000.0000   4410103.0316   1222479.8473   5621879.7403
104707    0.0000  60.0000    1000.0000   4410103.0316   1222479.8473   5621879.7403
104847    0.0000  60.0000    1000.0000   4410103.0316   1222479.8473   5621879.7403
105027    0.0000  60.0000    1000.0000   4410103.0316   1222479.8473   5621879.7403
105207    0.0000  60.0000    1000.0000   4410103.0316   1222479.8473   5621879.7403
105347    0.0000  60.0000    1000.0000   4410103.0316   1222479.8473   5621879.7403
105527    0.0000  60.0000    1000.0000   4410103.0316   1222479.8473   5621879.7403
105707    0.0000  60.0000    1000.0000   4410103.0316   1222479.8473   5621879.7403
105847    0.0000  60.0000    1000.0000   4410103.0316   1222479.8473   5621879.7403
110027    0.0000  60.0000    1000.0000   4410103.0316   1222479.8473   5621879.7403
110207    0.0000  60.0000    1000.0000   4410103.0316   1222479.8473   5621879.7403
110347    0.0000  60.0000    1000.0000   4410103.0316   1222479.8473   5621879.7403
110527    0.0000  60.0000    1000.0000   4410103.0316   1222479.8473   5621879.7403
110707    0.0000  60.0000    1000.0000   4410103.0316   1222479.8473   5621879.7403
110847    0.0000  60.0000    1000.0000   4410103.0316   1222479.8473   5621879.7403
111027    0.0000  60.0000    1000.0000   4410103.0316   1222479.8473   5621879.7403
111207    0.0000  60.0000    1000.0000   4410103.0316   1222479.8473   5621879.7403
111347    0.0000  60.0000    1000.0000   4410103.0316   1222479.8473   5621879.7403
111527    0.0000  60.0000    1000.0000   4410103.0316   1222479.8473   5621879.7403
111707    0.0000  60.0000    1000.0000   4410103.0316   1222479.8473   5621879.7403
111847    0.0000  60.0000    1000.0000   4410103.0316   1222479.8473   5621879.7403
112027    0.0000  60.0000    1000.0000   4410103.0316   1222479.8473   5621879.7403
112207    0.0000  60.0000    1000.0000   4410103.0316   1222479.8473   5621879.7403
112347    0.0000  60.0000    1000.0000   4410103.0316   1222479.8473   5621879.7403
112527    0.0000  60.0000    1000.0000   4410103.0316   1222479.8473   5621879.7403
112707    0.0000  60.0000    1000.0000   4410103.0316   1222479.8473   5621879.7403
112847    0.0000  60.0000    1000.0000   4410103.0316   1222479.8473   5621879.7403
113027    0.0000  60.0000    1000.0000   4410103.0316   1222479.8473   5621879.7403
113207    0.0000  60.0000    1000.0000   4410103.0316   1222479.8473   5621879.7403
113347    0.0000  60.0000    1000.0000   4410103.0316   1222479.8473   5621879.7403
113527    0.0000  60.0000    1000.0000   4410103.0316   1222479.8473   5621879.7403
113707    0.0000  60.0000    1000.0000   4410103.0316   1222479.8473   5621879.7403
113847    0.0000  60.0000    1000.0000   4410103.0316   1222479.8473   5621879.7403
114027    0.0000  60.0000    1000.0000   4410103.0316   1222479.8473   5621879.7403
114207    0.0000  60.0000    1000.0000   4410103.0316   1222479.8473   5621879.7403
114347    0.0000  60.0000    1000.0000   4410103.0316   1222479.8473   5621879.7403
114527    0.0000  60.0000    1000.0000   4410103.0316   1222479.8473   5621879.7403
114707    0.0000  60.0000    1000.0000   4410103.0316   1222479.8473   5621879.7403
114847    0.0000  60.0000    1000.0000   4410103.0316   1222479.8473   5621879.7403
115027    0.0000  60.0000    1000.0000   4410103.0316   1222479.8473   5621879.7403
115207    0.0000  60.0000    1000.0000   4410103.0316   1222479.8473   5621879.7403
115347    0.0000  60.0000    1000.0000   4410103.0316   1222479.8473   5621879.7403
115527    0.0000  60.0000    1000.0000   4410103.0316   1222479.8473   5621879.7403
115707    0.0000  60.0000    1000.0000   4410103.0316   1222479.8473   5621879.7403
115847    0.0000  60.0000    1000.0000   4410103.0316   1222479.8473   5621879.7403
120027    0.0000  60.0000    1000.0000   4410103.0316   1222479.8473   5621879.7403
120207    0.0000  60.0000    1000.0000   4410103.0316   1222479.8473   5621879.7403
120347    0.0000  60.0000    1000.0000   4410103.0316   1222479.8473   5621879.7403
120527    0.0000  60.0000    1000.0000   4410103.0316   1222479.8473   5621879.7403
120707    0.0000  60.0000    1000.0000   4410103.0316   1222479.8473   5621879.7403
120847    0.0000  60.0000    1000.0000   4410103.0316   1222479.8473   5621879.7403
121027    0.0000  60.0000    1000.0000   4410103.0316   1222479.8473   5621879.7403
121207    0.0000  60.0000    1000.0000   4410103.0316   1222479.8473   5621879.7403
121347    0.0000  60.0000    1000.0000   4410103.0316   1222479.8473   5621879.7403
121527    0.0000  60.0000    1000.0000   4410103.0316   1222479.8473   5621879.7403
121707    0.0000  60.0000    1000.0000   4410103.0316   1222479.8473   5621879.7403
121847    0.0000  60.0000    1000.0000   4410103.0316   1222479.8473   5621879.7403
122027    0.0000  60.0000    1000.0000   4410103.0316   1222479.8473   5621879.7403
122207    0.0000  60.0000    1000.0000   4410103.0316   1222479.8473   5621879.7403
122347    0.0000  60.0000    1000.0000   4410103.0316   1222479.8473   5621879.7403
122527    0.0000  60.0000    1000.0000   4410103.0316   1222479.8473   5621879.7403
122707    0.0000  60.0000    1000.0000   4410103.0316   1222479.8473   5621879.7403
122847    0.0000  60.0000    1000.0000   4410103.0316   1222479.8473   5621879.7403
123027    0.0000  60.0000    1000.0000   4410103.0316   1222479.8473   5621879.7403
123207    0.0000  60.0000    1000.0000   4410103.0316   1222479.8473   5621879.7403
123347    0.0000  60.0000    1000.0000   4410103.0316   1222479.8473   5621879.7403
123527    0.0000  60.0000    1000.0000   4410103.0316   1222479.8473   5621879.7403
123707    0.0000  60.0000    1000.0000   4410103.0316   1222479.8473   5621879.7403
123847    0.0000  60.0000    1000.0000   4410103.0316   1222479.8473   5621879.7403
124027    0.0000  60.0000    1000.0000   4410103.0316   1222479.8473   5621879.7403
124207    0.0000  60.0000    1000.0000   4410103.0316   1222479.8473   5621879.7403
124347    0.0000  60.0000    1000.0000   4410103.0316   1222479.8473   5621879.7403
124527    0.0000  60.0000    1000.0000   4410103.0316   1222479.8473   5621879.7403
124707    0.0000  60.0000    1000.0000   4410103.0316   1222479.8473   5621879.7403
124847    0.0000  60.0000    1000.0000   4410103.0316   1222479.8473   5621879.7403
125027    0.0000  60.0000    1000.0000   4410103.0316   1222479.8473   5621879.7403
125207    0.0000  60.0000    1000.0000   4410103.0316   1222479.8473   5621879.7403
125347    0.0000  60.0000    1000.0000   4410103.0316   1222479.8473   5621879.7403
125527    0.0000  60.0000    1000.0000   4410103.0316   1222479.8473   5621879.7403
125707    0.0000  60.0000    1000.0000   4410103.0316   1222479.8473   5621879.7403
125847    0.0000  60.0000    1000.0000   4410103.0316   1222479.8473   5621879.7403
130027    0.0000  60.0000    1000.0000   4410103.0316   1222479.8473   5621879.7403
130207    0.0000  60.0000    1000.0000   4410103.0316   1222479.8473   5621879.7403
130347    0.0000  60.0000    1000.0000   4410103.0316   1222479.8473   5621879.7403
130527    0.0000  60.0000    1000.0000   4410103.0316   1222479.8473   5621879.7403
130707    0.0000  60.0000    1000.0000   4410103.0316   1222479.8473   5621879.7403
130847    0.0000  60.0000    1000.0000   4410103.0316   1222479.8473   5621879.7403
131027    0.0000  60.0000    1000.0000   4410103.0316   1222479.8473   5621879.7403
