X1312708 R_PNT     RP_TEST 1808 0000000    0 60.0 2025 127 085340 300 100   0   0 1     -1
085340    0.0000  60.0000    1000.0000   4676261.4033   1654787.8103   5372281.2821
085840    0.0000  60.0000    1000.0000   4676261.4033   1654787.8103   5372281.2821
090340    0.0000  60.0000    1000.0000   4676261.4033   1654787.8103   5372281.2821
090840    0.0000  60.0000    1000.0000   4676261.4033   1654787.8103   5372281.2821
091340    0.0000  60.0000    1000.0000   4676261.4033   1654787.8103   5372281.2821
091840    0.0000  60.0000    1000.0000   4676261.4033   1654787.8103   5372281.2821
092340    0.0000  60.0000    1000.0000   4676261.4033   1654787.8103   5372281.2821
092840    0.0000  60.0000    1000.0000   4676261.4033   1654787.8103   5372281.2821
093340    0.0000  60.0000    1000.0000   4676261.4033   1654787.8103   5372281.2821
093840    0.0000  60.0000    1000.0000   4676261.4033   1654787.8103   5372281.2821
094340    0.0000  60.0000    1000.0000   4676261.4033   1654787.8103   5372281.2821
094840    0.0000  60.0000    1000.0000   4676261.4033   1654787.8103   5372281.2821
095340    0.0000  60.0000    1000.0000   4676261.4033   1654787.8103   5372281.2821
095840    0.0000  60.0000    1000.0000   4676261.4033   1654787.8103   5372281.2821
100340    0.0000  60.0000    1000.0000   4676261.4033   1654787.8103   5372281.2821
100840    0.0000  60.0000    1000.0000   4676261.4033   1654787.8103   5372281.2821
101340    0.0000  60.0000    1000.0000   4676261.4033   1654787.8103   5372281.2821
101840    0.0000  60.0000    1000.0000   4676261.4033   1654787.8103   5372281.2821
102340    0.0000  60.0000    1000.0000   4676261.4033   1654787.8103   5372281.2821
102840    0.0000  60.0000    1000.0000   4676261.4033   1654787.8103   5372281.2821
103340    0.0000  60.0000    1000.0000   4676261.4033   1654787.8103   5372281.2821
103840    0.0000  60.0000    1000.0000   4676261.4033   1654787.8103   5372281.2821
104340    0.0000  60.0000    1000.0000   4676261.4033   1654787.8103   5372281.2821
104840    0.0000  60.0000    1000.0000   4676261.4033   1654787.8103   5372281.2821
105340    0.0000  60.0000    1000.0000   4676261.4033   1654787.8103   5372281.2821
105840    0.0000  60.0000    1000.0000   4676261.4033   1654787.8103   5372281.2821
110340    0.0000  60.0000    1000.0000   4676261.4033   1654787.8103   5372281.2821
110840    0.0000  60.0000    1000.0000   4676261.4033   1654787.8103   5372281.2821
111340    0.0000  60.0000    1000.0000   4676261.4033   1654787.8103   5372281.2821
111840    0.0000  60.0000    1000.0000   4676261.4033   1654787.8103   5372281.2821
112340    0.0000  60.0000    1000.0000   4676261.4033   1654787.8103   5372281.2821
112840    0.0000  60.0000    1000.0000   4676261.4033   1654787.8103   5372281.2821
113340    0.0000  60.0000    1000.0000   4676261.4033   1654787.8103   5372281.2821
113840    0.0000  60.0000    1000.0000   4676261.4033   1654787.8103   5372281.2821
114340    0.0000  60.0000    1000.0000   4676261.4033   1654787.8103   5372281.2821
114840    0.0000  60.0000    1000.0000   4676261.4033   1654787.8103   5372281.2821
115340    0.0000  60.0000    1000.0000   4676261.4033   1654787.8103   5372281.2821
115840    0.0000  60.0000    1000.0000   4676261.4033   1654787.8103   5372281.2821
120340    0.0000  60.0000    1000.0000   4676261.4033   1654787.8103   5372281.2821
120840    0.0000  60.0000    1000.0000   4676261.4033   1654787.8103   5372281.2821
121340    0.0000  60.0000    1000.0000   4676261.4033   1654787.8103   5372281.2821
121840    0.0000  60.0000    1000.0000   4676261.4033   1654787.8103   5372281.2821
122340    0.0000  60.0000    1000.0000   4676261.4033   1654787.8103   5372281.2821
122840    0.0000  60.0000    1000.0000   4676261.4033   1654787.8103   5372281.2821
123340    0.0000  60.0000    1000.0000   4676261.4033   1654787.8103   5372281.2821
123840    0.0000  60.0000    1000.0000   4676261.4033   1654787.8103   5372281.2821
124340    0.0000  60.0000    1000.0000   4676261.4033   1654787.8103   5372281.2821
124840    0.0000  60.0000    1000.0000   4676261.4033   1654787.8103   5372281.2821
125340    0.0000  60.0000    1000.0000   4676261.4033   1654787.8103   5372281.2821
125840    0.0000  60.0000    1000.0000   4676261.4033   1654787.8103   5372281.2821
130340    0.0000  60.0000    1000.0000   4676261.4033   1654787.8103   5372281.2821
130840    0.0000  60.0000    1000.0000   4676261.4033   1654787.8103   5372281.2821
131340    0.0000  60.0000    1000.0000   4676261.4033   1654787.8103   5372281.2821
131840    0.0000  60.0000    1000.0000   4676261.4033   1654787.8103   5372281.2821
132340    0.0000  60.0000    1000.0000   4676261.4033   1654787.8103   5372281.2821
132840    0.0000  60.0000    1000.0000   4676261.4033   1654787.8103   5372281.2821
133340    0.0000  60.0000    1000.0000   4676261.4033   1654787.8103   5372281.2821
133840    0.0000  60.0000    1000.0000   4676261.4033   1654787.8103   5372281.2821
134340    0.0000  60.0000    1000.0000   4676261.4033   1654787.8103   5372281.2821
134840    0.0000  60.0000    1000.0000   4676261.4033   1654787.8103   5372281.2821
135340    0.0000  60.0000    1000.0000   4676261.4033   1654787.8103   5372281.2821
135840    0.0000  60.0000    1000.0000   4676261.4033   1654787.8103   5372281.2821
140340    0.0000  60.0000    1000.0000   4676261.4033   1654787.8103   5372281.2821
140840    0.0000  60.0000    1000.0000   4676261.4033   1654787.8103   5372281.2821
141340    0.0000  60.0000    1000.0000   4676261.4033   1654787.8103   5372281.2821
141840    0.0000  60.0000    1000.0000   4676261.4033   1654787.8103   5372281.2821
142340    0.0000  60.0000    1000.0000   4676261.4033   1654787.8103   5372281.2821
142840    0.0000  60.0000    1000.0000   4676261.4033   1654787.8103   5372281.2821
143340    0.0000  60.0000    1000.0000   4676261.4033   1654787.8103   5372281.2821
143840    0.0000  60.0000    1000.0000   4676261.4033   1654787.8103   5372281.2821
144340    0.0000  60.0000    1000.0000   4676261.4033   1654787.8103   5372281.2821
144840    0.0000  60.0000    1000.0000   4676261.4033   1654787.8103   5372281.2821
145340    0.0000  60.0000    1000.0000   4676261.4033   1654787.8103   5372281.2821
145840    0.0000  60.0000    1000.0000   4676261.4033   1654787.8103   5372281.2821
150340    0.0000  60.0000    1000.0000   4676261.4033   1654787.8103   5372281.2821
150840    0.0000  60.0000    1000.0000   4676261.4033   1654787.8103   5372281.2821
151340    0.0000  60.0000    1000.0000   4676261.4033   1654787.8103   5372281.2821
151840    0.0000  60.0000    1000.0000   4676261.4033   1654787.8103   5372281.2821
152340    0.0000  60.0000    1000.0000   4676261.4033   1654787.8103   5372281.2821
152840    0.0000  60.0000    1000.0000   4676261.4033   1654787.8103   5372281.2821
153340    0.0000  60.0000    1000.0000   4676261.4033   1654787.8103   5372281.2821
153840    0.0000  60.0000    1000.0000   4676261.4033   1654787.8103   5372281.2821
154340    0.0000  60.0000    1000.0000   4676261.4033   1654787.8103   5372281.2821
154840    0.0000  60.0000    1000.0000   4676261.4033   1654787.8103   5372281.2821
155340    0.0000  60.0000    1000.0000   4676261.4033   1654787.8103   5372281.2821
155840    0.0000  60.0000    1000.0000   4676261.4033   1654787.8103   5372281.2821
160340    0.0000  60.0000    1000.0000   4676261.4033   1654787.8103   5372281.2821
160840    0.0000  60.0000    1000.0000   4676261.4033   1654787.8103   5372281.2821
161340    0.0000  60.0000    1000.0000   4676261.4033   1654787.8103   5372281.2821
161840    0.0000  60.0000    1000.0000   4676261.4033   1654787.8103   5372281.2821
162340    0.0000  60.0000    1000.0000   4676261.4033   1654787.8103   5372281.2821
162840    0.0000  60.0000    1000.0000   4676261.4033   1654787.8103   5372281.2821
163340    0.0000  60.0000    1000.0000   4676261.4033   1654787.8103   5372281.2821
163840    0.0000  60.0000    1000.0000   4676261.4033   1654787.8103   5372281.2821
164340    0.0000  60.0000    1000.0000   4676261.4033   1654787.8103   5372281.2821
164840    0.0000  60.0000    1000.0000   4676261.4033   1654787.8103   5372281.2821
165340    0.0000  60.0000    1000.0000   4676261.4033   1654787.8103   5372281.2821
165840    0.0000  60.0000    1000.0000   4676261.4033   1654787.8103   5372281.2821
170340    0.0000  60.0000    1000.0000   4676261.4033   1654787.8103   5372281.2821
170840    0.0000  60.0000    1000.0000   4676261.4033   1654787.8103   5372281.2821
