X1416110 R_PNT     RP_TEST 1808 0000000    0 75.0 2025 161 102527 300 100   0   0 1     -1
102527    0.0000  75.0000    1000.0000   4645841.0938   1287826.1122   5530743.6929
102707    0.0000  75.0000    1000.0000   4645841.0938   1287826.1122   5530743.6929
102847    0.0000  75.0000    1000.0000   4645841.0938   1287826.1122   5530743.6929
103027    0.0000  75.0000    1000.0000   4645841.0938   1287826.1122   5530743.6929
103207    0.0000  75.0000    1000.0000   4645841.0938   1287826.1122   5530743.6929
103347    0.0000  75.0000    1000.0000   4645841.0938   1287826.1122   5530743.6929
103527    0.0000  75.0000    1000.0000   4645841.0938   1287826.1122   5530743.6929
103707    0.0000  75.0000    1000.0000   4645841.0938   1287826.1122   5530743.6929
103847    0.0000  75.0000    1000.0000   4645841.0938   1287826.1122   5530743.6929
104027    0.0000  75.0000    1000.0000   4645841.0938   1287826.1122   5530743.6929
104207    0.0000  75.0000    1000.0000   4645841.0938   1287826.1122   5530743.6929
104347    0.0000  75.0000    1000.0000   4645841.0938   1287826.1122   5530743.6929
104527    0.0000  75.0000    1000.0000   4645841.0938   1287826.1122   5530743.6929
104707    0.0000  75.0000    1000.0000   4645841.0938   1287826.1122   5530743.6929
104847    0.0000  75.0000    1000.0000   4645841.0938   1287826.1122   5530743.6929
105027    0.0000  75.0000    1000.0000   4645841.0938   1287826.1122   5530743.6929
105207    0.0000  75.0000    1000.0000   4645841.0938   1287826.1122   5530743.6929
105347    0.0000  75.0000    1000.0000   4645841.0938   1287826.1122   5530743.6929
105527    0.0000  75.0000    1000.0000   4645841.0938   1287826.1122   5530743.6929
105707    0.0000  75.0000    1000.0000   4645841.0938   1287826.1122   5530743.6929
105847    0.0000  75.0000    1000.0000   4645841.0938   1287826.1122   5530743.6929
110027    0.0000  75.0000    1000.0000   4645841.0938   1287826.1122   5530743.6929
110207    0.0000  75.0000    1000.0000   4645841.0938   1287826.1122   5530743.6929
110347    0.0000  75.0000    1000.0000   4645841.0938   1287826.1122   5530743.6929
110527    0.0000  75.0000    1000.0000   4645841.0938   1287826.1122   5530743.6929
110707    0.0000  75.0000    1000.0000   4645841.0938   1287826.1122   5530743.6929
110847    0.0000  75.0000    1000.0000   4645841.0938   1287826.1122   5530743.6929
111027    0.0000  75.0000    1000.0000   4645841.0938   1287826.1122   5530743.6929
111207    0.0000  75.0000    1000.0000   4645841.0938   1287826.1122   5530743.6929
111347    0.0000  75.0000    1000.0000   4645841.0938   1287826.1122   5530743.6929
111527    0.0000  75.0000    1000.0000   4645841.0938   1287826.1122   5530743.6929
111707    0.0000  75.0000    1000.0000   4645841.0938   1287826.1122   5530743.6929
111847    0.0000  75.0000    1000.0000   4645841.0938   1287826.1122   5530743.6929
112027    0.0000  75.0000    1000.0000   4645841.0938   1287826.1122   5530743.6929
112207    0.0000  75.0000    1000.0000   4645841.0938   1287826.1122   5530743.6929
112347    0.0000  75.0000    1000.0000   4645841.0938   1287826.1122   5530743.6929
112527    0.0000  75.0000    1000.0000   4645841.0938   1287826.1122   5530743.6929
112707    0.0000  75.0000    1000.0000   4645841.0938   1287826.1122   5530743.6929
112847    0.0000  75.0000    1000.0000   4645841.0938   1287826.1122   5530743.6929
113027    0.0000  75.0000    1000.0000   4645841.0938   1287826.1122   5530743.6929
113207    0.0000  75.0000    1000.0000   4645841.0938   1287826.1122   5530743.6929
113347    0.0000  75.0000    1000.0000   4645841.0938   1287826.1122   5530743.6929
113527    0.0000  75.0000    1000.0000   4645841.0938   1287826.1122   5530743.6929
113707    0.0000  75.0000    1000.0000   4645841.0938   1287826.1122   5530743.6929
113847    0.0000  75.0000    1000.0000   4645841.0938   1287826.1122   5530743.6929
114027    0.0000  75.0000    1000.0000   4645841.0938   1287826.1122   5530743.6929
114207    0.0000  75.0000    1000.0000   4645841.0938   1287826.1122   5530743.6929
114347    0.0000  75.0000    1000.0000   4645841.0938   1287826.1122   5530743.6929
114527    0.0000  75.0000    1000.0000   4645841.0938   1287826.1122   5530743.6929
114707    0.0000  75.0000    1000.0000   4645841.0938   1287826.1122   5530743.6929
114847    0.0000  75.0000    1000.0000   4645841.0938   1287826.1122   5530743.6929
115027    0.0000  75.0000    1000.0000   4645841.0938   1287826.1122   5530743.6929
115207    0.0000  75.0000    1000.0000   4645841.0938   1287826.1122   5530743.6929
115347    0.0000  75.0000    1000.0000   4645841.0938   1287826.1122   5530743.6929
115527    0.0000  75.0000    1000.0000   4645841.0938   1287826.1122   5530743.6929
115707    0.0000  75.0000    1000.0000   4645841.0938   1287826.1122   5530743.6929
115847    0.0000  75.0000    1000.0000   4645841.0938   1287826.1122   5530743.6929
120027    0.0000  75.0000    1000.0000   4645841.0938   1287826.1122   5530743.6929
120207    0.0000  75.0000    1000.0000   4645841.0938   1287826.1122   5530743.6929
120347    0.0000  75.0000    1000.0000   4645841.0938   1287826.1122   5530743.6929
120527    0.0000  75.0000    1000.0000   4645841.0938   1287826.1122   5530743.6929
120707    0.0000  75.0000    1000.0000   4645841.0938   1287826.1122   5530743.6929
120847    0.0000  75.0000    1000.0000   4645841.0938   1287826.1122   5530743.6929
121027    0.0000  75.0000    1000.0000   4645841.0938   1287826.1122   5530743.6929
121207    0.0000  75.0000    1000.0000   4645841.0938   1287826.1122   5530743.6929
121347    0.0000  75.0000    1000.0000   4645841.0938   1287826.1122   5530743.6929
121527    0.0000  75.0000    1000.0000   4645841.0938   1287826.1122   5530743.6929
121707    0.0000  75.0000    1000.0000   4645841.0938   1287826.1122   5530743.6929
121847    0.0000  75.0000    1000.0000   4645841.0938   1287826.1122   5530743.6929
122027    0.0000  75.0000    1000.0000   4645841.0938   1287826.1122   5530743.6929
122207    0.0000  75.0000    1000.0000   4645841.0938   1287826.1122   5530743.6929
122347    0.0000  75.0000    1000.0000   4645841.0938   1287826.1122   5530743.6929
122527    0.0000  75.0000    1000.0000   4645841.0938   1287826.1122   5530743.6929
122707    0.0000  75.0000    1000.0000   4645841.0938   1287826.1122   5530743.6929
122847    0.0000  75.0000    1000.0000   4645841.0938   1287826.1122   5530743.6929
123027    0.0000  75.0000    1000.0000   4645841.0938   1287826.1122   5530743.6929
123207    0.0000  75.0000    1000.0000   4645841.0938   1287826.1122   5530743.6929
123347    0.0000  75.0000    1000.0000   4645841.0938   1287826.1122   5530743.6929
123527    0.0000  75.0000    1000.0000   4645841.0938   1287826.1122   5530743.6929
123707    0.0000  75.0000    1000.0000   4645841.0938   1287826.1122   5530743.6929
123847    0.0000  75.0000    1000.0000   4645841.0938   1287826.1122   5530743.6929
124027    0.0000  75.0000    1000.0000   4645841.0938   1287826.1122   5530743.6929
124207    0.0000  75.0000    1000.0000   4645841.0938   1287826.1122   5530743.6929
124347    0.0000  75.0000    1000.0000   4645841.0938   1287826.1122   5530743.6929
124527    0.0000  75.0000    1000.0000   4645841.0938   1287826.1122   5530743.6929
124707    0.0000  75.0000    1000.0000   4645841.0938   1287826.1122   5530743.6929
124847    0.0000  75.0000    1000.0000   4645841.0938   1287826.1122   5530743.6929
125027    0.0000  75.0000    1000.0000   4645841.0938   1287826.1122   5530743.6929
125207    0.0000  75.0000    1000.0000   4645841.0938   1287826.1122   5530743.6929
125347    0.0000  75.0000    1000.0000   4645841.0938   1287826.1122   5530743.6929
125527    0.0000  75.0000    1000.0000   4645841.0938   1287826.1122   5530743.6929
125707    0.0000  75.0000    1000.0000   4645841.0938   1287826.1122   5530743.6929
125847    0.0000  75.0000    1000.0000   4645841.0938   1287826.1122   5530743.6929
130027    0.0000  75.0000    1000.0000   4645841.0938   1287826.1122   5530743.6929
130207    0.0000  75.0000    1000.0000   4645841.0938   1287826.1122   5530743.6929
130347    0.0000  75.0000    1000.0000   4645841.0938   1287826.1122   5530743.6929
130527    0.0000  75.0000    1000.0000   4645841.0938   1287826.1122   5530743.6929
130707    0.0000  75.0000    1000.0000   4645841.0938   1287826.1122   5530743.6929
130847    0.0000  75.0000    1000.0000   4645841.0938   1287826.1122   5530743.6929
131027    0.0000  75.0000    1000.0000   4645841.0938   1287826.1122   5530743.6929
