X1414108 R_PNT     RP_TEST 1808 0000000    0 75.0 2025 141 083737 300 100   0   0 1     -1
083737    0.0000  75.0000    1000.0000   4645841.0938   1287826.1122   5530743.6929
084237    0.0000  75.0000    1000.0000   4645841.0938   1287826.1122   5530743.6929
084737    0.0000  75.0000    1000.0000   4645841.0938   1287826.1122   5530743.6929
085237    0.0000  75.0000    1000.0000   4645841.0938   1287826.1122   5530743.6929
085737    0.0000  75.0000    1000.0000   4645841.0938   1287826.1122   5530743.6929
090237    0.0000  75.0000    1000.0000   4645841.0938   1287826.1122   5530743.6929
090737    0.0000  75.0000    1000.0000   4645841.0938   1287826.1122   5530743.6929
091237    0.0000  75.0000    1000.0000   4645841.0938   1287826.1122   5530743.6929
091737    0.0000  75.0000    1000.0000   4645841.0938   1287826.1122   5530743.6929
092237    0.0000  75.0000    1000.0000   4645841.0938   1287826.1122   5530743.6929
092737    0.0000  75.0000    1000.0000   4645841.0938   1287826.1122   5530743.6929
093237    0.0000  75.0000    1000.0000   4645841.0938   1287826.1122   5530743.6929
093737    0.0000  75.0000    1000.0000   4645841.0938   1287826.1122   5530743.6929
094237    0.0000  75.0000    1000.0000   4645841.0938   1287826.1122   5530743.6929
094737    0.0000  75.0000    1000.0000   4645841.0938   1287826.1122   5530743.6929
095237    0.0000  75.0000    1000.0000   4645841.0938   1287826.1122   5530743.6929
095737    0.0000  75.0000    1000.0000   4645841.0938   1287826.1122   5530743.6929
100237    0.0000  75.0000    1000.0000   4645841.0938   1287826.1122   5530743.6929
100737    0.0000  75.0000    1000.0000   4645841.0938   1287826.1122   5530743.6929
101237    0.0000  75.0000    1000.0000   4645841.0938   1287826.1122   5530743.6929
101737    0.0000  75.0000    1000.0000   4645841.0938   1287826.1122   5530743.6929
102237    0.0000  75.0000    1000.0000   4645841.0938   1287826.1122   5530743.6929
102737    0.0000  75.0000    1000.0000   4645841.0938   1287826.1122   5530743.6929
103237    0.0000  75.0000    1000.0000   4645841.0938   1287826.1122   5530743.6929
103737    0.0000  75.0000    1000.0000   4645841.0938   1287826.1122   5530743.6929
104237    0.0000  75.0000    1000.0000   4645841.0938   1287826.1122   5530743.6929
104737    0.0000  75.0000    1000.0000   4645841.0938   1287826.1122   5530743.6929
105237    0.0000  75.0000    1000.0000   4645841.0938   1287826.1122   5530743.6929
105737    0.0000  75.0000    1000.0000   4645841.0938   1287826.1122   5530743.6929
110237    0.0000  75.0000    1000.0000   4645841.0938   1287826.1122   5530743.6929
110737    0.0000  75.0000    1000.0000   4645841.0938   1287826.1122   5530743.6929
111237    0.0000  75.0000    1000.0000   4645841.0938   1287826.1122   5530743.6929
111737    0.0000  75.0000    1000.0000   4645841.0938   1287826.1122   5530743.6929
112237    0.0000  75.0000    1000.0000   4645841.0938   1287826.1122   5530743.6929
112737    0.0000  75.0000    1000.0000   4645841.0938   1287826.1122   5530743.6929
113237    0.0000  75.0000    1000.0000   4645841.0938   1287826.1122   5530743.6929
113737    0.0000  75.0000    1000.0000   4645841.0938   1287826.1122   5530743.6929
114237    0.0000  75.0000    1000.0000   4645841.0938   1287826.1122   5530743.6929
114737    0.0000  75.0000    1000.0000   4645841.0938   1287826.1122   5530743.6929
115237    0.0000  75.0000    1000.0000   4645841.0938   1287826.1122   5530743.6929
115737    0.0000  75.0000    1000.0000   4645841.0938   1287826.1122   5530743.6929
120237    0.0000  75.0000    1000.0000   4645841.0938   1287826.1122   5530743.6929
120737    0.0000  75.0000    1000.0000   4645841.0938   1287826.1122   5530743.6929
121237    0.0000  75.0000    1000.0000   4645841.0938   1287826.1122   5530743.6929
121737    0.0000  75.0000    1000.0000   4645841.0938   1287826.1122   5530743.6929
122237    0.0000  75.0000    1000.0000   4645841.0938   1287826.1122   5530743.6929
122737    0.0000  75.0000    1000.0000   4645841.0938   1287826.1122   5530743.6929
123237    0.0000  75.0000    1000.0000   4645841.0938   1287826.1122   5530743.6929
123737    0.0000  75.0000    1000.0000   4645841.0938   1287826.1122   5530743.6929
124237    0.0000  75.0000    1000.0000   4645841.0938   1287826.1122   5530743.6929
124737    0.0000  75.0000    1000.0000   4645841.0938   1287826.1122   5530743.6929
125237    0.0000  75.0000    1000.0000   4645841.0938   1287826.1122   5530743.6929
125737    0.0000  75.0000    1000.0000   4645841.0938   1287826.1122   5530743.6929
130237    0.0000  75.0000    1000.0000   4645841.0938   1287826.1122   5530743.6929
130737    0.0000  75.0000    1000.0000   4645841.0938   1287826.1122   5530743.6929
131237    0.0000  75.0000    1000.0000   4645841.0938   1287826.1122   5530743.6929
131737    0.0000  75.0000    1000.0000   4645841.0938   1287826.1122   5530743.6929
132237    0.0000  75.0000    1000.0000   4645841.0938   1287826.1122   5530743.6929
132737    0.0000  75.0000    1000.0000   4645841.0938   1287826.1122   5530743.6929
133237    0.0000  75.0000    1000.0000   4645841.0938   1287826.1122   5530743.6929
133737    0.0000  75.0000    1000.0000   4645841.0938   1287826.1122   5530743.6929
134237    0.0000  75.0000    1000.0000   4645841.0938   1287826.1122   5530743.6929
134737    0.0000  75.0000    1000.0000   4645841.0938   1287826.1122   5530743.6929
135237    0.0000  75.0000    1000.0000   4645841.0938   1287826.1122   5530743.6929
135737    0.0000  75.0000    1000.0000   4645841.0938   1287826.1122   5530743.6929
140237    0.0000  75.0000    1000.0000   4645841.0938   1287826.1122   5530743.6929
140737    0.0000  75.0000    1000.0000   4645841.0938   1287826.1122   5530743.6929
141237    0.0000  75.0000    1000.0000   4645841.0938   1287826.1122   5530743.6929
141737    0.0000  75.0000    1000.0000   4645841.0938   1287826.1122   5530743.6929
142237    0.0000  75.0000    1000.0000   4645841.0938   1287826.1122   5530743.6929
142737    0.0000  75.0000    1000.0000   4645841.0938   1287826.1122   5530743.6929
143237    0.0000  75.0000    1000.0000   4645841.0938   1287826.1122   5530743.6929
143737    0.0000  75.0000    1000.0000   4645841.0938   1287826.1122   5530743.6929
144237    0.0000  75.0000    1000.0000   4645841.0938   1287826.1122   5530743.6929
144737    0.0000  75.0000    1000.0000   4645841.0938   1287826.1122   5530743.6929
145237    0.0000  75.0000    1000.0000   4645841.0938   1287826.1122   5530743.6929
145737    0.0000  75.0000    1000.0000   4645841.0938   1287826.1122   5530743.6929
150237    0.0000  75.0000    1000.0000   4645841.0938   1287826.1122   5530743.6929
150737    0.0000  75.0000    1000.0000   4645841.0938   1287826.1122   5530743.6929
151237    0.0000  75.0000    1000.0000   4645841.0938   1287826.1122   5530743.6929
151737    0.0000  75.0000    1000.0000   4645841.0938   1287826.1122   5530743.6929
152237    0.0000  75.0000    1000.0000   4645841.0938   1287826.1122   5530743.6929
152737    0.0000  75.0000    1000.0000   4645841.0938   1287826.1122   5530743.6929
153237    0.0000  75.0000    1000.0000   4645841.0938   1287826.1122   5530743.6929
153737    0.0000  75.0000    1000.0000   4645841.0938   1287826.1122   5530743.6929
154237    0.0000  75.0000    1000.0000   4645841.0938   1287826.1122   5530743.6929
154737    0.0000  75.0000    1000.0000   4645841.0938   1287826.1122   5530743.6929
155237    0.0000  75.0000    1000.0000   4645841.0938   1287826.1122   5530743.6929
155737    0.0000  75.0000    1000.0000   4645841.0938   1287826.1122   5530743.6929
160237    0.0000  75.0000    1000.0000   4645841.0938   1287826.1122   5530743.6929
160737    0.0000  75.0000    1000.0000   4645841.0938   1287826.1122   5530743.6929
161237    0.0000  75.0000    1000.0000   4645841.0938   1287826.1122   5530743.6929
161737    0.0000  75.0000    1000.0000   4645841.0938   1287826.1122   5530743.6929
162237    0.0000  75.0000    1000.0000   4645841.0938   1287826.1122   5530743.6929
162737    0.0000  75.0000    1000.0000   4645841.0938   1287826.1122   5530743.6929
163237    0.0000  75.0000    1000.0000   4645841.0938   1287826.1122   5530743.6929
163737    0.0000  75.0000    1000.0000   4645841.0938   1287826.1122   5530743.6929
164237    0.0000  75.0000    1000.0000   4645841.0938   1287826.1122   5530743.6929
164737    0.0000  75.0000    1000.0000   4645841.0938   1287826.1122   5530743.6929
165237    0.0000  75.0000    1000.0000   4645841.0938   1287826.1122   5530743.6929
