X1412711 R_PNT     RP_TEST 1808 0000000    0 75.0 2025 127 115550 300 100   0   0 1     -1
115550    0.0000  75.0000    1000.0000   4645841.0938   1287826.1122   5530743.6929
120050    0.0000  75.0000    1000.0000   4645841.0938   1287826.1122   5530743.6929
120550    0.0000  75.0000    1000.0000   4645841.0938   1287826.1122   5530743.6929
121050    0.0000  75.0000    1000.0000   4645841.0938   1287826.1122   5530743.6929
121550    0.0000  75.0000    1000.0000   4645841.0938   1287826.1122   5530743.6929
122050    0.0000  75.0000    1000.0000   4645841.0938   1287826.1122   5530743.6929
122550    0.0000  75.0000    1000.0000   4645841.0938   1287826.1122   5530743.6929
123050    0.0000  75.0000    1000.0000   4645841.0938   1287826.1122   5530743.6929
123550    0.0000  75.0000    1000.0000   4645841.0938   1287826.1122   5530743.6929
124050    0.0000  75.0000    1000.0000   4645841.0938   1287826.1122   5530743.6929
124550    0.0000  75.0000    1000.0000   4645841.0938   1287826.1122   5530743.6929
125050    0.0000  75.0000    1000.0000   4645841.0938   1287826.1122   5530743.6929
125550    0.0000  75.0000    1000.0000   4645841.0938   1287826.1122   5530743.6929
130050    0.0000  75.0000    1000.0000   4645841.0938   1287826.1122   5530743.6929
130550    0.0000  75.0000    1000.0000   4645841.0938   1287826.1122   5530743.6929
131050    0.0000  75.0000    1000.0000   4645841.0938   1287826.1122   5530743.6929
131550    0.0000  75.0000    1000.0000   4645841.0938   1287826.1122   5530743.6929
132050    0.0000  75.0000    1000.0000   4645841.0938   1287826.1122   5530743.6929
132550    0.0000  75.0000    1000.0000   4645841.0938   1287826.1122   5530743.6929
133050    0.0000  75.0000    1000.0000   4645841.0938   1287826.1122   5530743.6929
133550    0.0000  75.0000    1000.0000   4645841.0938   1287826.1122   5530743.6929
134050    0.0000  75.0000    1000.0000   4645841.0938   1287826.1122   5530743.6929
134550    0.0000  75.0000    1000.0000   4645841.0938   1287826.1122   5530743.6929
135050    0.0000  75.0000    1000.0000   4645841.0938   1287826.1122   5530743.6929
135550    0.0000  75.0000    1000.0000   4645841.0938   1287826.1122   5530743.6929
140050    0.0000  75.0000    1000.0000   4645841.0938   1287826.1122   5530743.6929
140550    0.0000  75.0000    1000.0000   4645841.0938   1287826.1122   5530743.6929
141050    0.0000  75.0000    1000.0000   4645841.0938   1287826.1122   5530743.6929
141550    0.0000  75.0000    1000.0000   4645841.0938   1287826.1122   5530743.6929
142050    0.0000  75.0000    1000.0000   4645841.0938   1287826.1122   5530743.6929
142550    0.0000  75.0000    1000.0000   4645841.0938   1287826.1122   5530743.6929
143050    0.0000  75.0000    1000.0000   4645841.0938   1287826.1122   5530743.6929
143550    0.0000  75.0000    1000.0000   4645841.0938   1287826.1122   5530743.6929
144050    0.0000  75.0000    1000.0000   4645841.0938   1287826.1122   5530743.6929
144550    0.0000  75.0000    1000.0000   4645841.0938   1287826.1122   5530743.6929
145050    0.0000  75.0000    1000.0000   4645841.0938   1287826.1122   5530743.6929
145550    0.0000  75.0000    1000.0000   4645841.0938   1287826.1122   5530743.6929
150050    0.0000  75.0000    1000.0000   4645841.0938   1287826.1122   5530743.6929
150550    0.0000  75.0000    1000.0000   4645841.0938   1287826.1122   5530743.6929
151050    0.0000  75.0000    1000.0000   4645841.0938   1287826.1122   5530743.6929
151550    0.0000  75.0000    1000.0000   4645841.0938   1287826.1122   5530743.6929
152050    0.0000  75.0000    1000.0000   4645841.0938   1287826.1122   5530743.6929
152550    0.0000  75.0000    1000.0000   4645841.0938   1287826.1122   5530743.6929
153050    0.0000  75.0000    1000.0000   4645841.0938   1287826.1122   5530743.6929
153550    0.0000  75.0000    1000.0000   4645841.0938   1287826.1122   5530743.6929
154050    0.0000  75.0000    1000.0000   4645841.0938   1287826.1122   5530743.6929
154550    0.0000  75.0000    1000.0000   4645841.0938   1287826.1122   5530743.6929
155050    0.0000  75.0000    1000.0000   4645841.0938   1287826.1122   5530743.6929
155550    0.0000  75.0000    1000.0000   4645841.0938   1287826.1122   5530743.6929
160050    0.0000  75.0000    1000.0000   4645841.0938   1287826.1122   5530743.6929
160550    0.0000  75.0000    1000.0000   4645841.0938   1287826.1122   5530743.6929
161050    0.0000  75.0000    1000.0000   4645841.0938   1287826.1122   5530743.6929
161550    0.0000  75.0000    1000.0000   4645841.0938   1287826.1122   5530743.6929
162050    0.0000  75.0000    1000.0000   4645841.0938   1287826.1122   5530743.6929
162550    0.0000  75.0000    1000.0000   4645841.0938   1287826.1122   5530743.6929
163050    0.0000  75.0000    1000.0000   4645841.0938   1287826.1122   5530743.6929
163550    0.0000  75.0000    1000.0000   4645841.0938   1287826.1122   5530743.6929
164050    0.0000  75.0000    1000.0000   4645841.0938   1287826.1122   5530743.6929
164550    0.0000  75.0000    1000.0000   4645841.0938   1287826.1122   5530743.6929
165050    0.0000  75.0000    1000.0000   4645841.0938   1287826.1122   5530743.6929
165550    0.0000  75.0000    1000.0000   4645841.0938   1287826.1122   5530743.6929
170050    0.0000  75.0000    1000.0000   4645841.0938   1287826.1122   5530743.6929
170550    0.0000  75.0000    1000.0000   4645841.0938   1287826.1122   5530743.6929
171050    0.0000  75.0000    1000.0000   4645841.0938   1287826.1122   5530743.6929
171550    0.0000  75.0000    1000.0000   4645841.0938   1287826.1122   5530743.6929
172050    0.0000  75.0000    1000.0000   4645841.0938   1287826.1122   5530743.6929
172550    0.0000  75.0000    1000.0000   4645841.0938   1287826.1122   5530743.6929
173050    0.0000  75.0000    1000.0000   4645841.0938   1287826.1122   5530743.6929
173550    0.0000  75.0000    1000.0000   4645841.0938   1287826.1122   5530743.6929
174050    0.0000  75.0000    1000.0000   4645841.0938   1287826.1122   5530743.6929
174550    0.0000  75.0000    1000.0000   4645841.0938   1287826.1122   5530743.6929
175050    0.0000  75.0000    1000.0000   4645841.0938   1287826.1122   5530743.6929
175550    0.0000  75.0000    1000.0000   4645841.0938   1287826.1122   5530743.6929
180050    0.0000  75.0000    1000.0000   4645841.0938   1287826.1122   5530743.6929
180550    0.0000  75.0000    1000.0000   4645841.0938   1287826.1122   5530743.6929
181050    0.0000  75.0000    1000.0000   4645841.0938   1287826.1122   5530743.6929
181550    0.0000  75.0000    1000.0000   4645841.0938   1287826.1122   5530743.6929
182050    0.0000  75.0000    1000.0000   4645841.0938   1287826.1122   5530743.6929
182550    0.0000  75.0000    1000.0000   4645841.0938   1287826.1122   5530743.6929
183050    0.0000  75.0000    1000.0000   4645841.0938   1287826.1122   5530743.6929
183550    0.0000  75.0000    1000.0000   4645841.0938   1287826.1122   5530743.6929
184050    0.0000  75.0000    1000.0000   4645841.0938   1287826.1122   5530743.6929
184550    0.0000  75.0000    1000.0000   4645841.0938   1287826.1122   5530743.6929
185050    0.0000  75.0000    1000.0000   4645841.0938   1287826.1122   5530743.6929
185550    0.0000  75.0000    1000.0000   4645841.0938   1287826.1122   5530743.6929
190050    0.0000  75.0000    1000.0000   4645841.0938   1287826.1122   5530743.6929
190550    0.0000  75.0000    1000.0000   4645841.0938   1287826.1122   5530743.6929
191050    0.0000  75.0000    1000.0000   4645841.0938   1287826.1122   5530743.6929
191550    0.0000  75.0000    1000.0000   4645841.0938   1287826.1122   5530743.6929
192050    0.0000  75.0000    1000.0000   4645841.0938   1287826.1122   5530743.6929
192550    0.0000  75.0000    1000.0000   4645841.0938   1287826.1122   5530743.6929
193050    0.0000  75.0000    1000.0000   4645841.0938   1287826.1122   5530743.6929
193550    0.0000  75.0000    1000.0000   4645841.0938   1287826.1122   5530743.6929
194050    0.0000  75.0000    1000.0000   4645841.0938   1287826.1122   5530743.6929
194550    0.0000  75.0000    1000.0000   4645841.0938   1287826.1122   5530743.6929
195050    0.0000  75.0000    1000.0000   4645841.0938   1287826.1122   5530743.6929
195550    0.0000  75.0000    1000.0000   4645841.0938   1287826.1122   5530743.6929
200050    0.0000  75.0000    1000.0000   4645841.0938   1287826.1122   5530743.6929
200550    0.0000  75.0000    1000.0000   4645841.0938   1287826.1122   5530743.6929
201050    0.0000  75.0000    1000.0000   4645841.0938   1287826.1122   5530743.6929
