X1412708 R_PNT     RP_TEST 1808 0000000    0 75.0 2025 127 085340 300 100   0   0 1     -1
085340    0.0000  75.0000    1000.0000   4443844.5551   1770003.4698   5401540.6035
085840    0.0000  75.0000    1000.0000   4443844.5551   1770003.4698   5401540.6035
090340    0.0000  75.0000    1000.0000   4443844.5551   1770003.4698   5401540.6035
090840    0.0000  75.0000    1000.0000   4443844.5551   1770003.4698   5401540.6035
091340    0.0000  75.0000    1000.0000   4443844.5551   1770003.4698   5401540.6035
091840    0.0000  75.0000    1000.0000   4443844.5551   1770003.4698   5401540.6035
092340    0.0000  75.0000    1000.0000   4443844.5551   1770003.4698   5401540.6035
092840    0.0000  75.0000    1000.0000   4443844.5551   1770003.4698   5401540.6035
093340    0.0000  75.0000    1000.0000   4443844.5551   1770003.4698   5401540.6035
093840    0.0000  75.0000    1000.0000   4443844.5551   1770003.4698   5401540.6035
094340    0.0000  75.0000    1000.0000   4443844.5551   1770003.4698   5401540.6035
094840    0.0000  75.0000    1000.0000   4443844.5551   1770003.4698   5401540.6035
095340    0.0000  75.0000    1000.0000   4443844.5551   1770003.4698   5401540.6035
095840    0.0000  75.0000    1000.0000   4443844.5551   1770003.4698   5401540.6035
100340    0.0000  75.0000    1000.0000   4443844.5551   1770003.4698   5401540.6035
100840    0.0000  75.0000    1000.0000   4443844.5551   1770003.4698   5401540.6035
101340    0.0000  75.0000    1000.0000   4443844.5551   1770003.4698   5401540.6035
101840    0.0000  75.0000    1000.0000   4443844.5551   1770003.4698   5401540.6035
102340    0.0000  75.0000    1000.0000   4443844.5551   1770003.4698   5401540.6035
102840    0.0000  75.0000    1000.0000   4443844.5551   1770003.4698   5401540.6035
103340    0.0000  75.0000    1000.0000   4443844.5551   1770003.4698   5401540.6035
103840    0.0000  75.0000    1000.0000   4443844.5551   1770003.4698   5401540.6035
104340    0.0000  75.0000    1000.0000   4443844.5551   1770003.4698   5401540.6035
104840    0.0000  75.0000    1000.0000   4443844.5551   1770003.4698   5401540.6035
105340    0.0000  75.0000    1000.0000   4443844.5551   1770003.4698   5401540.6035
105840    0.0000  75.0000    1000.0000   4443844.5551   1770003.4698   5401540.6035
110340    0.0000  75.0000    1000.0000   4443844.5551   1770003.4698   5401540.6035
110840    0.0000  75.0000    1000.0000   4443844.5551   1770003.4698   5401540.6035
111340    0.0000  75.0000    1000.0000   4443844.5551   1770003.4698   5401540.6035
111840    0.0000  75.0000    1000.0000   4443844.5551   1770003.4698   5401540.6035
112340    0.0000  75.0000    1000.0000   4443844.5551   1770003.4698   5401540.6035
112840    0.0000  75.0000    1000.0000   4443844.5551   1770003.4698   5401540.6035
113340    0.0000  75.0000    1000.0000   4443844.5551   1770003.4698   5401540.6035
113840    0.0000  75.0000    1000.0000   4443844.5551   1770003.4698   5401540.6035
114340    0.0000  75.0000    1000.0000   4443844.5551   1770003.4698   5401540.6035
114840    0.0000  75.0000    1000.0000   4443844.5551   1770003.4698   5401540.6035
115340    0.0000  75.0000    1000.0000   4443844.5551   1770003.4698   5401540.6035
115840    0.0000  75.0000    1000.0000   4443844.5551   1770003.4698   5401540.6035
120340    0.0000  75.0000    1000.0000   4443844.5551   1770003.4698   5401540.6035
120840    0.0000  75.0000    1000.0000   4443844.5551   1770003.4698   5401540.6035
121340    0.0000  75.0000    1000.0000   4443844.5551   1770003.4698   5401540.6035
121840    0.0000  75.0000    1000.0000   4443844.5551   1770003.4698   5401540.6035
122340    0.0000  75.0000    1000.0000   4443844.5551   1770003.4698   5401540.6035
122840    0.0000  75.0000    1000.0000   4443844.5551   1770003.4698   5401540.6035
123340    0.0000  75.0000    1000.0000   4443844.5551   1770003.4698   5401540.6035
123840    0.0000  75.0000    1000.0000   4443844.5551   1770003.4698   5401540.6035
124340    0.0000  75.0000    1000.0000   4443844.5551   1770003.4698   5401540.6035
124840    0.0000  75.0000    1000.0000   4443844.5551   1770003.4698   5401540.6035
125340    0.0000  75.0000    1000.0000   4443844.5551   1770003.4698   5401540.6035
125840    0.0000  75.0000    1000.0000   4443844.5551   1770003.4698   5401540.6035
130340    0.0000  75.0000    1000.0000   4443844.5551   1770003.4698   5401540.6035
130840    0.0000  75.0000    1000.0000   4443844.5551   1770003.4698   5401540.6035
131340    0.0000  75.0000    1000.0000   4443844.5551   1770003.4698   5401540.6035
131840    0.0000  75.0000    1000.0000   4443844.5551   1770003.4698   5401540.6035
132340    0.0000  75.0000    1000.0000   4443844.5551   1770003.4698   5401540.6035
132840    0.0000  75.0000    1000.0000   4443844.5551   1770003.4698   5401540.6035
133340    0.0000  75.0000    1000.0000   4443844.5551   1770003.4698   5401540.6035
133840    0.0000  75.0000    1000.0000   4443844.5551   1770003.4698   5401540.6035
134340    0.0000  75.0000    1000.0000   4443844.5551   1770003.4698   5401540.6035
134840    0.0000  75.0000    1000.0000   4443844.5551   1770003.4698   5401540.6035
135340    0.0000  75.0000    1000.0000   4443844.5551   1770003.4698   5401540.6035
135840    0.0000  75.0000    1000.0000   4443844.5551   1770003.4698   5401540.6035
140340    0.0000  75.0000    1000.0000   4443844.5551   1770003.4698   5401540.6035
140840    0.0000  75.0000    1000.0000   4443844.5551   1770003.4698   5401540.6035
141340    0.0000  75.0000    1000.0000   4443844.5551   1770003.4698   5401540.6035
141840    0.0000  75.0000    1000.0000   4443844.5551   1770003.4698   5401540.6035
142340    0.0000  75.0000    1000.0000   4443844.5551   1770003.4698   5401540.6035
142840    0.0000  75.0000    1000.0000   4443844.5551   1770003.4698   5401540.6035
143340    0.0000  75.0000    1000.0000   4443844.5551   1770003.4698   5401540.6035
143840    0.0000  75.0000    1000.0000   4443844.5551   1770003.4698   5401540.6035
144340    0.0000  75.0000    1000.0000   4443844.5551   1770003.4698   5401540.6035
144840    0.0000  75.0000    1000.0000   4443844.5551   1770003.4698   5401540.6035
145340    0.0000  75.0000    1000.0000   4443844.5551   1770003.4698   5401540.6035
145840    0.0000  75.0000    1000.0000   4443844.5551   1770003.4698   5401540.6035
150340    0.0000  75.0000    1000.0000   4443844.5551   1770003.4698   5401540.6035
150840    0.0000  75.0000    1000.0000   4443844.5551   1770003.4698   5401540.6035
151340    0.0000  75.0000    1000.0000   4443844.5551   1770003.4698   5401540.6035
151840    0.0000  75.0000    1000.0000   4443844.5551   1770003.4698   5401540.6035
152340    0.0000  75.0000    1000.0000   4443844.5551   1770003.4698   5401540.6035
152840    0.0000  75.0000    1000.0000   4443844.5551   1770003.4698   5401540.6035
153340    0.0000  75.0000    1000.0000   4443844.5551   1770003.4698   5401540.6035
153840    0.0000  75.0000    1000.0000   4443844.5551   1770003.4698   5401540.6035
154340    0.0000  75.0000    1000.0000   4443844.5551   1770003.4698   5401540.6035
154840    0.0000  75.0000    1000.0000   4443844.5551   1770003.4698   5401540.6035
155340    0.0000  75.0000    1000.0000   4443844.5551   1770003.4698   5401540.6035
155840    0.0000  75.0000    1000.0000   4443844.5551   1770003.4698   5401540.6035
160340    0.0000  75.0000    1000.0000   4443844.5551   1770003.4698   5401540.6035
160840    0.0000  75.0000    1000.0000   4443844.5551   1770003.4698   5401540.6035
161340    0.0000  75.0000    1000.0000   4443844.5551   1770003.4698   5401540.6035
161840    0.0000  75.0000    1000.0000   4443844.5551   1770003.4698   5401540.6035
162340    0.0000  75.0000    1000.0000   4443844.5551   1770003.4698   5401540.6035
162840    0.0000  75.0000    1000.0000   4443844.5551   1770003.4698   5401540.6035
163340    0.0000  75.0000    1000.0000   4443844.5551   1770003.4698   5401540.6035
163840    0.0000  75.0000    1000.0000   4443844.5551   1770003.4698   5401540.6035
164340    0.0000  75.0000    1000.0000   4443844.5551   1770003.4698   5401540.6035
164840    0.0000  75.0000    1000.0000   4443844.5551   1770003.4698   5401540.6035
165340    0.0000  75.0000    1000.0000   4443844.5551   1770003.4698   5401540.6035
165840    0.0000  75.0000    1000.0000   4443844.5551   1770003.4698   5401540.6035
170340    0.0000  75.0000    1000.0000   4443844.5551   1770003.4698   5401540.6035
170840    0.0000  75.0000    1000.0000   4443844.5551   1770003.4698   5401540.6035
