X1512708 R_PNT     RP_TEST 1808 0000000    0 90.0 2025 127 085340 300 100   0   0 1     -1
085340    0.0000  90.0000    1000.0000   4194430.5549   1843831.7440   5379395.8549
085840    0.0000  90.0000    1000.0000   4194430.5549   1843831.7440   5379395.8549
090340    0.0000  90.0000    1000.0000   4194430.5549   1843831.7440   5379395.8549
090840    0.0000  90.0000    1000.0000   4194430.5549   1843831.7440   5379395.8549
091340    0.0000  90.0000    1000.0000   4194430.5549   1843831.7440   5379395.8549
091840    0.0000  90.0000    1000.0000   4194430.5549   1843831.7440   5379395.8549
092340    0.0000  90.0000    1000.0000   4194430.5549   1843831.7440   5379395.8549
092840    0.0000  90.0000    1000.0000   4194430.5549   1843831.7440   5379395.8549
093340    0.0000  90.0000    1000.0000   4194430.5549   1843831.7440   5379395.8549
093840    0.0000  90.0000    1000.0000   4194430.5549   1843831.7440   5379395.8549
094340    0.0000  90.0000    1000.0000   4194430.5549   1843831.7440   5379395.8549
094840    0.0000  90.0000    1000.0000   4194430.5549   1843831.7440   5379395.8549
095340    0.0000  90.0000    1000.0000   4194430.5549   1843831.7440   5379395.8549
095840    0.0000  90.0000    1000.0000   4194430.5549   1843831.7440   5379395.8549
100340    0.0000  90.0000    1000.0000   4194430.5549   1843831.7440   5379395.8549
100840    0.0000  90.0000    1000.0000   4194430.5549   1843831.7440   5379395.8549
101340    0.0000  90.0000    1000.0000   4194430.5549   1843831.7440   5379395.8549
101840    0.0000  90.0000    1000.0000   4194430.5549   1843831.7440   5379395.8549
102340    0.0000  90.0000    1000.0000   4194430.5549   1843831.7440   5379395.8549
102840    0.0000  90.0000    1000.0000   4194430.5549   1843831.7440   5379395.8549
103340    0.0000  90.0000    1000.0000   4194430.5549   1843831.7440   5379395.8549
103840    0.0000  90.0000    1000.0000   4194430.5549   1843831.7440   5379395.8549
104340    0.0000  90.0000    1000.0000   4194430.5549   1843831.7440   5379395.8549
104840    0.0000  90.0000    1000.0000   4194430.5549   1843831.7440   5379395.8549
105340    0.0000  90.0000    1000.0000   4194430.5549   1843831.7440   5379395.8549
105840    0.0000  90.0000    1000.0000   4194430.5549   1843831.7440   5379395.8549
110340    0.0000  90.0000    1000.0000   4194430.5549   1843831.7440   5379395.8549
110840    0.0000  90.0000    1000.0000   4194430.5549   1843831.7440   5379395.8549
111340    0.0000  90.0000    1000.0000   4194430.5549   1843831.7440   5379395.8549
111840    0.0000  90.0000    1000.0000   4194430.5549   1843831.7440   5379395.8549
112340    0.0000  90.0000    1000.0000   4194430.5549   1843831.7440   5379395.8549
112840    0.0000  90.0000    1000.0000   4194430.5549   1843831.7440   5379395.8549
113340    0.0000  90.0000    1000.0000   4194430.5549   1843831.7440   5379395.8549
113840    0.0000  90.0000    1000.0000   4194430.5549   1843831.7440   5379395.8549
114340    0.0000  90.0000    1000.0000   4194430.5549   1843831.7440   5379395.8549
114840    0.0000  90.0000    1000.0000   4194430.5549   1843831.7440   5379395.8549
115340    0.0000  90.0000    1000.0000   4194430.5549   1843831.7440   5379395.8549
115840    0.0000  90.0000    1000.0000   4194430.5549   1843831.7440   5379395.8549
120340    0.0000  90.0000    1000.0000   4194430.5549   1843831.7440   5379395.8549
120840    0.0000  90.0000    1000.0000   4194430.5549   1843831.7440   5379395.8549
121340    0.0000  90.0000    1000.0000   4194430.5549   1843831.7440   5379395.8549
121840    0.0000  90.0000    1000.0000   4194430.5549   1843831.7440   5379395.8549
122340    0.0000  90.0000    1000.0000   4194430.5549   1843831.7440   5379395.8549
122840    0.0000  90.0000    1000.0000   4194430.5549   1843831.7440   5379395.8549
123340    0.0000  90.0000    1000.0000   4194430.5549   1843831.7440   5379395.8549
123840    0.0000  90.0000    1000.0000   4194430.5549   1843831.7440   5379395.8549
124340    0.0000  90.0000    1000.0000   4194430.5549   1843831.7440   5379395.8549
124840    0.0000  90.0000    1000.0000   4194430.5549   1843831.7440   5379395.8549
125340    0.0000  90.0000    1000.0000   4194430.5549   1843831.7440   5379395.8549
125840    0.0000  90.0000    1000.0000   4194430.5549   1843831.7440   5379395.8549
130340    0.0000  90.0000    1000.0000   4194430.5549   1843831.7440   5379395.8549
130840    0.0000  90.0000    1000.0000   4194430.5549   1843831.7440   5379395.8549
131340    0.0000  90.0000    1000.0000   4194430.5549   1843831.7440   5379395.8549
131840    0.0000  90.0000    1000.0000   4194430.5549   1843831.7440   5379395.8549
132340    0.0000  90.0000    1000.0000   4194430.5549   1843831.7440   5379395.8549
132840    0.0000  90.0000    1000.0000   4194430.5549   1843831.7440   5379395.8549
133340    0.0000  90.0000    1000.0000   4194430.5549   1843831.7440   5379395.8549
133840    0.0000  90.0000    1000.0000   4194430.5549   1843831.7440   5379395.8549
134340    0.0000  90.0000    1000.0000   4194430.5549   1843831.7440   5379395.8549
134840    0.0000  90.0000    1000.0000   4194430.5549   1843831.7440   5379395.8549
135340    0.0000  90.0000    1000.0000   4194430.5549   1843831.7440   5379395.8549
135840    0.0000  90.0000    1000.0000   4194430.5549   1843831.7440   5379395.8549
140340    0.0000  90.0000    1000.0000   4194430.5549   1843831.7440   5379395.8549
140840    0.0000  90.0000    1000.0000   4194430.5549   1843831.7440   5379395.8549
141340    0.0000  90.0000    1000.0000   4194430.5549   1843831.7440   5379395.8549
141840    0.0000  90.0000    1000.0000   4194430.5549   1843831.7440   5379395.8549
142340    0.0000  90.0000    1000.0000   4194430.5549   1843831.7440   5379395.8549
142840    0.0000  90.0000    1000.0000   4194430.5549   1843831.7440   5379395.8549
143340    0.0000  90.0000    1000.0000   4194430.5549   1843831.7440   5379395.8549
143840    0.0000  90.0000    1000.0000   4194430.5549   1843831.7440   5379395.8549
144340    0.0000  90.0000    1000.0000   4194430.5549   1843831.7440   5379395.8549
144840    0.0000  90.0000    1000.0000   4194430.5549   1843831.7440   5379395.8549
145340    0.0000  90.0000    1000.0000   4194430.5549   1843831.7440   5379395.8549
145840    0.0000  90.0000    1000.0000   4194430.5549   1843831.7440   5379395.8549
150340    0.0000  90.0000    1000.0000   4194430.5549   1843831.7440   5379395.8549
150840    0.0000  90.0000    1000.0000   4194430.5549   1843831.7440   5379395.8549
151340    0.0000  90.0000    1000.0000   4194430.5549   1843831.7440   5379395.8549
151840    0.0000  90.0000    1000.0000   4194430.5549   1843831.7440   5379395.8549
152340    0.0000  90.0000    1000.0000   4194430.5549   1843831.7440   5379395.8549
152840    0.0000  90.0000    1000.0000   4194430.5549   1843831.7440   5379395.8549
153340    0.0000  90.0000    1000.0000   4194430.5549   1843831.7440   5379395.8549
153840    0.0000  90.0000    1000.0000   4194430.5549   1843831.7440   5379395.8549
154340    0.0000  90.0000    1000.0000   4194430.5549   1843831.7440   5379395.8549
154840    0.0000  90.0000    1000.0000   4194430.5549   1843831.7440   5379395.8549
155340    0.0000  90.0000    1000.0000   4194430.5549   1843831.7440   5379395.8549
155840    0.0000  90.0000    1000.0000   4194430.5549   1843831.7440   5379395.8549
160340    0.0000  90.0000    1000.0000   4194430.5549   1843831.7440   5379395.8549
160840    0.0000  90.0000    1000.0000   4194430.5549   1843831.7440   5379395.8549
161340    0.0000  90.0000    1000.0000   4194430.5549   1843831.7440   5379395.8549
161840    0.0000  90.0000    1000.0000   4194430.5549   1843831.7440   5379395.8549
162340    0.0000  90.0000    1000.0000   4194430.5549   1843831.7440   5379395.8549
162840    0.0000  90.0000    1000.0000   4194430.5549   1843831.7440   5379395.8549
163340    0.0000  90.0000    1000.0000   4194430.5549   1843831.7440   5379395.8549
163840    0.0000  90.0000    1000.0000   4194430.5549   1843831.7440   5379395.8549
164340    0.0000  90.0000    1000.0000   4194430.5549   1843831.7440   5379395.8549
164840    0.0000  90.0000    1000.0000   4194430.5549   1843831.7440   5379395.8549
165340    0.0000  90.0000    1000.0000   4194430.5549   1843831.7440   5379395.8549
165840    0.0000  90.0000    1000.0000   4194430.5549   1843831.7440   5379395.8549
170340    0.0000  90.0000    1000.0000   4194430.5549   1843831.7440   5379395.8549
170840    0.0000  90.0000    1000.0000   4194430.5549   1843831.7440   5379395.8549
