X1514108 R_PNT     RP_TEST 1808 0000000    0 90.0 2025 141 083737 300 100   0   0 1     -1
083737    0.0000  90.0000    1000.0000   4850815.9701   1344644.8646   5379398.7990
084237    0.0000  90.0000    1000.0000   4850815.9701   1344644.8646   5379398.7990
084737    0.0000  90.0000    1000.0000   4850815.9701   1344644.8646   5379398.7990
085237    0.0000  90.0000    1000.0000   4850815.9701   1344644.8646   5379398.7990
085737    0.0000  90.0000    1000.0000   4850815.9701   1344644.8646   5379398.7990
090237    0.0000  90.0000    1000.0000   4850815.9701   1344644.8646   5379398.7990
090737    0.0000  90.0000    1000.0000   4850815.9701   1344644.8646   5379398.7990
091237    0.0000  90.0000    1000.0000   4850815.9701   1344644.8646   5379398.7990
091737    0.0000  90.0000    1000.0000   4850815.9701   1344644.8646   5379398.7990
092237    0.0000  90.0000    1000.0000   4850815.9701   1344644.8646   5379398.7990
092737    0.0000  90.0000    1000.0000   4850815.9701   1344644.8646   5379398.7990
093237    0.0000  90.0000    1000.0000   4850815.9701   1344644.8646   5379398.7990
093737    0.0000  90.0000    1000.0000   4850815.9701   1344644.8646   5379398.7990
094237    0.0000  90.0000    1000.0000   4850815.9701   1344644.8646   5379398.7990
094737    0.0000  90.0000    1000.0000   4850815.9701   1344644.8646   5379398.7990
095237    0.0000  90.0000    1000.0000   4850815.9701   1344644.8646   5379398.7990
095737    0.0000  90.0000    1000.0000   4850815.9701   1344644.8646   5379398.7990
100237    0.0000  90.0000    1000.0000   4850815.9701   1344644.8646   5379398.7990
100737    0.0000  90.0000    1000.0000   4850815.9701   1344644.8646   5379398.7990
101237    0.0000  90.0000    1000.0000   4850815.9701   1344644.8646   5379398.7990
101737    0.0000  90.0000    1000.0000   4850815.9701   1344644.8646   5379398.7990
102237    0.0000  90.0000    1000.0000   4850815.9701   1344644.8646   5379398.7990
102737    0.0000  90.0000    1000.0000   4850815.9701   1344644.8646   5379398.7990
103237    0.0000  90.0000    1000.0000   4850815.9701   1344644.8646   5379398.7990
103737    0.0000  90.0000    1000.0000   4850815.9701   1344644.8646   5379398.7990
104237    0.0000  90.0000    1000.0000   4850815.9701   1344644.8646   5379398.7990
104737    0.0000  90.0000    1000.0000   4850815.9701   1344644.8646   5379398.7990
105237    0.0000  90.0000    1000.0000   4850815.9701   1344644.8646   5379398.7990
105737    0.0000  90.0000    1000.0000   4850815.9701   1344644.8646   5379398.7990
110237    0.0000  90.0000    1000.0000   4850815.9701   1344644.8646   5379398.7990
110737    0.0000  90.0000    1000.0000   4850815.9701   1344644.8646   5379398.7990
111237    0.0000  90.0000    1000.0000   4850815.9701   1344644.8646   5379398.7990
111737    0.0000  90.0000    1000.0000   4850815.9701   1344644.8646   5379398.7990
112237    0.0000  90.0000    1000.0000   4850815.9701   1344644.8646   5379398.7990
112737    0.0000  90.0000    1000.0000   4850815.9701   1344644.8646   5379398.7990
113237    0.0000  90.0000    1000.0000   4850815.9701   1344644.8646   5379398.7990
113737    0.0000  90.0000    1000.0000   4850815.9701   1344644.8646   5379398.7990
114237    0.0000  90.0000    1000.0000   4850815.9701   1344644.8646   5379398.7990
114737    0.0000  90.0000    1000.0000   4850815.9701   1344644.8646   5379398.7990
115237    0.0000  90.0000    1000.0000   4850815.9701   1344644.8646   5379398.7990
115737    0.0000  90.0000    1000.0000   4850815.9701   1344644.8646   5379398.7990
120237    0.0000  90.0000    1000.0000   4850815.9701   1344644.8646   5379398.7990
120737    0.0000  90.0000    1000.0000   4850815.9701   1344644.8646   5379398.7990
121237    0.0000  90.0000    1000.0000   4850815.9701   1344644.8646   5379398.7990
121737    0.0000  90.0000    1000.0000   4850815.9701   1344644.8646   5379398.7990
122237    0.0000  90.0000    1000.0000   4850815.9701   1344644.8646   5379398.7990
122737    0.0000  90.0000    1000.0000   4850815.9701   1344644.8646   5379398.7990
123237    0.0000  90.0000    1000.0000   4850815.9701   1344644.8646   5379398.7990
123737    0.0000  90.0000    1000.0000   4850815.9701   1344644.8646   5379398.7990
124237    0.0000  90.0000    1000.0000   4850815.9701   1344644.8646   5379398.7990
124737    0.0000  90.0000    1000.0000   4850815.9701   1344644.8646   5379398.7990
125237    0.0000  90.0000    1000.0000   4850815.9701   1344644.8646   5379398.7990
125737    0.0000  90.0000    1000.0000   4850815.9701   1344644.8646   5379398.7990
130237    0.0000  90.0000    1000.0000   4850815.9701   1344644.8646   5379398.7990
130737    0.0000  90.0000    1000.0000   4850815.9701   1344644.8646   5379398.7990
131237    0.0000  90.0000    1000.0000   4850815.9701   1344644.8646   5379398.7990
131737    0.0000  90.0000    1000.0000   4850815.9701   1344644.8646   5379398.7990
132237    0.0000  90.0000    1000.0000   4850815.9701   1344644.8646   5379398.7990
132737    0.0000  90.0000    1000.0000   4850815.9701   1344644.8646   5379398.7990
133237    0.0000  90.0000    1000.0000   4850815.9701   1344644.8646   5379398.7990
133737    0.0000  90.0000    1000.0000   4850815.9701   1344644.8646   5379398.7990
134237    0.0000  90.0000    1000.0000   4850815.9701   1344644.8646   5379398.7990
134737    0.0000  90.0000    1000.0000   4850815.9701   1344644.8646   5379398.7990
135237    0.0000  90.0000    1000.0000   4850815.9701   1344644.8646   5379398.7990
135737    0.0000  90.0000    1000.0000   4850815.9701   1344644.8646   5379398.7990
140237    0.0000  90.0000    1000.0000   4850815.9701   1344644.8646   5379398.7990
140737    0.0000  90.0000    1000.0000   4850815.9701   1344644.8646   5379398.7990
141237    0.0000  90.0000    1000.0000   4850815.9701   1344644.8646   5379398.7990
141737    0.0000  90.0000    1000.0000   4850815.9701   1344644.8646   5379398.7990
142237    0.0000  90.0000    1000.0000   4850815.9701   1344644.8646   5379398.7990
142737    0.0000  90.0000    1000.0000   4850815.9701   1344644.8646   5379398.7990
143237    0.0000  90.0000    1000.0000   4850815.9701   1344644.8646   5379398.7990
143737    0.0000  90.0000    1000.0000   4850815.9701   1344644.8646   5379398.7990
144237    0.0000  90.0000    1000.0000   4850815.9701   1344644.8646   5379398.7990
144737    0.0000  90.0000    1000.0000   4850815.9701   1344644.8646   5379398.7990
145237    0.0000  90.0000    1000.0000   4850815.9701   1344644.8646   5379398.7990
145737    0.0000  90.0000    1000.0000   4850815.9701   1344644.8646   5379398.7990
150237    0.0000  90.0000    1000.0000   4850815.9701   1344644.8646   5379398.7990
150737    0.0000  90.0000    1000.0000   4850815.9701   1344644.8646   5379398.7990
151237    0.0000  90.0000    1000.0000   4850815.9701   1344644.8646   5379398.7990
151737    0.0000  90.0000    1000.0000   4850815.9701   1344644.8646   5379398.7990
152237    0.0000  90.0000    1000.0000   4850815.9701   1344644.8646   5379398.7990
152737    0.0000  90.0000    1000.0000   4850815.9701   1344644.8646   5379398.7990
153237    0.0000  90.0000    1000.0000   4850815.9701   1344644.8646   5379398.7990
153737    0.0000  90.0000    1000.0000   4850815.9701   1344644.8646   5379398.7990
154237    0.0000  90.0000    1000.0000   4850815.9701   1344644.8646   5379398.7990
154737    0.0000  90.0000    1000.0000   4850815.9701   1344644.8646   5379398.7990
155237    0.0000  90.0000    1000.0000   4850815.9701   1344644.8646   5379398.7990
155737    0.0000  90.0000    1000.0000   4850815.9701   1344644.8646   5379398.7990
160237    0.0000  90.0000    1000.0000   4850815.9701   1344644.8646   5379398.7990
160737    0.0000  90.0000    1000.0000   4850815.9701   1344644.8646   5379398.7990
161237    0.0000  90.0000    1000.0000   4850815.9701   1344644.8646   5379398.7990
161737    0.0000  90.0000    1000.0000   4850815.9701   1344644.8646   5379398.7990
162237    0.0000  90.0000    1000.0000   4850815.9701   1344644.8646   5379398.7990
162737    0.0000  90.0000    1000.0000   4850815.9701   1344644.8646   5379398.7990
163237    0.0000  90.0000    1000.0000   4850815.9701   1344644.8646   5379398.7990
163737    0.0000  90.0000    1000.0000   4850815.9701   1344644.8646   5379398.7990
164237    0.0000  90.0000    1000.0000   4850815.9701   1344644.8646   5379398.7990
164737    0.0000  90.0000    1000.0000   4850815.9701   1344644.8646   5379398.7990
165237    0.0000  90.0000    1000.0000   4850815.9701   1344644.8646   5379398.7990
