X1516110 R_PNT     RP_TEST 1808 0000000    0 89.0 2025 161 102527 300 100   0   0 1     -1
102527    0.0000  89.0000    1000.0000   4838402.5102   1341203.8707   5391174.8452
102707    0.0000  89.0000    1000.0000   4838402.5102   1341203.8707   5391174.8452
102847    0.0000  89.0000    1000.0000   4838402.5102   1341203.8707   5391174.8452
103027    0.0000  89.0000    1000.0000   4838402.5102   1341203.8707   5391174.8452
103207    0.0000  89.0000    1000.0000   4838402.5102   1341203.8707   5391174.8452
103347    0.0000  89.0000    1000.0000   4838402.5102   1341203.8707   5391174.8452
103527    0.0000  89.0000    1000.0000   4838402.5102   1341203.8707   5391174.8452
103707    0.0000  89.0000    1000.0000   4838402.5102   1341203.8707   5391174.8452
103847    0.0000  89.0000    1000.0000   4838402.5102   1341203.8707   5391174.8452
104027    0.0000  89.0000    1000.0000   4838402.5102   1341203.8707   5391174.8452
104207    0.0000  89.0000    1000.0000   4838402.5102   1341203.8707   5391174.8452
104347    0.0000  89.0000    1000.0000   4838402.5102   1341203.8707   5391174.8452
104527    0.0000  89.0000    1000.0000   4838402.5102   1341203.8707   5391174.8452
104707    0.0000  89.0000    1000.0000   4838402.5102   1341203.8707   5391174.8452
104847    0.0000  89.0000    1000.0000   4838402.5102   1341203.8707   5391174.8452
105027    0.0000  89.0000    1000.0000   4838402.5102   1341203.8707   5391174.8452
105207    0.0000  89.0000    1000.0000   4838402.5102   1341203.8707   5391174.8452
105347    0.0000  89.0000    1000.0000   4838402.5102   1341203.8707   5391174.8452
105527    0.0000  89.0000    1000.0000   4838402.5102   1341203.8707   5391174.8452
105707    0.0000  89.0000    1000.0000   4838402.5102   1341203.8707   5391174.8452
105847    0.0000  89.0000    1000.0000   4838402.5102   1341203.8707   5391174.8452
110027    0.0000  89.0000    1000.0000   4838402.5102   1341203.8707   5391174.8452
110207    0.0000  89.0000    1000.0000   4838402.5102   1341203.8707   5391174.8452
110347    0.0000  89.0000    1000.0000   4838402.5102   1341203.8707   5391174.8452
110527    0.0000  89.0000    1000.0000   4838402.5102   1341203.8707   5391174.8452
110707    0.0000  89.0000    1000.0000   4838402.5102   1341203.8707   5391174.8452
110847    0.0000  89.0000    1000.0000   4838402.5102   1341203.8707   5391174.8452
111027    0.0000  89.0000    1000.0000   4838402.5102   1341203.8707   5391174.8452
111207    0.0000  89.0000    1000.0000   4838402.5102   1341203.8707   5391174.8452
111347    0.0000  89.0000    1000.0000   4838402.5102   1341203.8707   5391174.8452
111527    0.0000  89.0000    1000.0000   4838402.5102   1341203.8707   5391174.8452
111707    0.0000  89.0000    1000.0000   4838402.5102   1341203.8707   5391174.8452
111847    0.0000  89.0000    1000.0000   4838402.5102   1341203.8707   5391174.8452
112027    0.0000  89.0000    1000.0000   4838402.5102   1341203.8707   5391174.8452
112207    0.0000  89.0000    1000.0000   4838402.5102   1341203.8707   5391174.8452
112347    0.0000  89.0000    1000.0000   4838402.5102   1341203.8707   5391174.8452
112527    0.0000  89.0000    1000.0000   4838402.5102   1341203.8707   5391174.8452
112707    0.0000  89.0000    1000.0000   4838402.5102   1341203.8707   5391174.8452
112847    0.0000  89.0000    1000.0000   4838402.5102   1341203.8707   5391174.8452
113027    0.0000  89.0000    1000.0000   4838402.5102   1341203.8707   5391174.8452
113207    0.0000  89.0000    1000.0000   4838402.5102   1341203.8707   5391174.8452
113347    0.0000  89.0000    1000.0000   4838402.5102   1341203.8707   5391174.8452
113527    0.0000  89.0000    1000.0000   4838402.5102   1341203.8707   5391174.8452
113707    0.0000  89.0000    1000.0000   4838402.5102   1341203.8707   5391174.8452
113847    0.0000  89.0000    1000.0000   4838402.5102   1341203.8707   5391174.8452
114027    0.0000  89.0000    1000.0000   4838402.5102   1341203.8707   5391174.8452
114207    0.0000  89.0000    1000.0000   4838402.5102   1341203.8707   5391174.8452
114347    0.0000  89.0000    1000.0000   4838402.5102   1341203.8707   5391174.8452
114527    0.0000  89.0000    1000.0000   4838402.5102   1341203.8707   5391174.8452
114707    0.0000  89.0000    1000.0000   4838402.5102   1341203.8707   5391174.8452
114847    0.0000  89.0000    1000.0000   4838402.5102   1341203.8707   5391174.8452
115027    0.0000  89.0000    1000.0000   4838402.5102   1341203.8707   5391174.8452
115207    0.0000  89.0000    1000.0000   4838402.5102   1341203.8707   5391174.8452
115347    0.0000  89.0000    1000.0000   4838402.5102   1341203.8707   5391174.8452
115527    0.0000  89.0000    1000.0000   4838402.5102   1341203.8707   5391174.8452
115707    0.0000  89.0000    1000.0000   4838402.5102   1341203.8707   5391174.8452
115847    0.0000  89.0000    1000.0000   4838402.5102   1341203.8707   5391174.8452
120027    0.0000  89.0000    1000.0000   4838402.5102   1341203.8707   5391174.8452
120207    0.0000  89.0000    1000.0000   4838402.5102   1341203.8707   5391174.8452
120347    0.0000  89.0000    1000.0000   4838402.5102   1341203.8707   5391174.8452
120527    0.0000  89.0000    1000.0000   4838402.5102   1341203.8707   5391174.8452
120707    0.0000  89.0000    1000.0000   4838402.5102   1341203.8707   5391174.8452
120847    0.0000  89.0000    1000.0000   4838402.5102   1341203.8707   5391174.8452
121027    0.0000  89.0000    1000.0000   4838402.5102   1341203.8707   5391174.8452
121207    0.0000  89.0000    1000.0000   4838402.5102   1341203.8707   5391174.8452
121347    0.0000  89.0000    1000.0000   4838402.5102   1341203.8707   5391174.8452
121527    0.0000  89.0000    1000.0000   4838402.5102   1341203.8707   5391174.8452
121707    0.0000  89.0000    1000.0000   4838402.5102   1341203.8707   5391174.8452
121847    0.0000  89.0000    1000.0000   4838402.5102   1341203.8707   5391174.8452
122027    0.0000  89.0000    1000.0000   4838402.5102   1341203.8707   5391174.8452
122207    0.0000  89.0000    1000.0000   4838402.5102   1341203.8707   5391174.8452
122347    0.0000  89.0000    1000.0000   4838402.5102   1341203.8707   5391174.8452
122527    0.0000  89.0000    1000.0000   4838402.5102   1341203.8707   5391174.8452
122707    0.0000  89.0000    1000.0000   4838402.5102   1341203.8707   5391174.8452
122847    0.0000  89.0000    1000.0000   4838402.5102   1341203.8707   5391174.8452
123027    0.0000  89.0000    1000.0000   4838402.5102   1341203.8707   5391174.8452
123207    0.0000  89.0000    1000.0000   4838402.5102   1341203.8707   5391174.8452
123347    0.0000  89.0000    1000.0000   4838402.5102   1341203.8707   5391174.8452
123527    0.0000  89.0000    1000.0000   4838402.5102   1341203.8707   5391174.8452
123707    0.0000  89.0000    1000.0000   4838402.5102   1341203.8707   5391174.8452
123847    0.0000  89.0000    1000.0000   4838402.5102   1341203.8707   5391174.8452
124027    0.0000  89.0000    1000.0000   4838402.5102   1341203.8707   5391174.8452
124207    0.0000  89.0000    1000.0000   4838402.5102   1341203.8707   5391174.8452
124347    0.0000  89.0000    1000.0000   4838402.5102   1341203.8707   5391174.8452
124527    0.0000  89.0000    1000.0000   4838402.5102   1341203.8707   5391174.8452
124707    0.0000  89.0000    1000.0000   4838402.5102   1341203.8707   5391174.8452
124847    0.0000  89.0000    1000.0000   4838402.5102   1341203.8707   5391174.8452
125027    0.0000  89.0000    1000.0000   4838402.5102   1341203.8707   5391174.8452
125207    0.0000  89.0000    1000.0000   4838402.5102   1341203.8707   5391174.8452
125347    0.0000  89.0000    1000.0000   4838402.5102   1341203.8707   5391174.8452
125527    0.0000  89.0000    1000.0000   4838402.5102   1341203.8707   5391174.8452
125707    0.0000  89.0000    1000.0000   4838402.5102   1341203.8707   5391174.8452
125847    0.0000  89.0000    1000.0000   4838402.5102   1341203.8707   5391174.8452
130027    0.0000  89.0000    1000.0000   4838402.5102   1341203.8707   5391174.8452
130207    0.0000  89.0000    1000.0000   4838402.5102   1341203.8707   5391174.8452
130347    0.0000  89.0000    1000.0000   4838402.5102   1341203.8707   5391174.8452
130527    0.0000  89.0000    1000.0000   4838402.5102   1341203.8707   5391174.8452
130707    0.0000  89.0000    1000.0000   4838402.5102   1341203.8707   5391174.8452
130847    0.0000  89.0000    1000.0000   4838402.5102   1341203.8707   5391174.8452
131027    0.0000  89.0000    1000.0000   4838402.5102   1341203.8707   5391174.8452
