X1512711 R_PNT     RP_TEST 1808 0000000    0 90.0 2025 127 115550 300 100   0   0 1     -1
115550    0.0000  90.0000    1000.0000   4850815.9701   1344644.8646   5379398.7990
120050    0.0000  90.0000    1000.0000   4850815.9701   1344644.8646   5379398.7990
120550    0.0000  90.0000    1000.0000   4850815.9701   1344644.8646   5379398.7990
121050    0.0000  90.0000    1000.0000   4850815.9701   1344644.8646   5379398.7990
121550    0.0000  90.0000    1000.0000   4850815.9701   1344644.8646   5379398.7990
122050    0.0000  90.0000    1000.0000   4850815.9701   1344644.8646   5379398.7990
122550    0.0000  90.0000    1000.0000   4850815.9701   1344644.8646   5379398.7990
123050    0.0000  90.0000    1000.0000   4850815.9701   1344644.8646   5379398.7990
123550    0.0000  90.0000    1000.0000   4850815.9701   1344644.8646   5379398.7990
124050    0.0000  90.0000    1000.0000   4850815.9701   1344644.8646   5379398.7990
124550    0.0000  90.0000    1000.0000   4850815.9701   1344644.8646   5379398.7990
125050    0.0000  90.0000    1000.0000   4850815.9701   1344644.8646   5379398.7990
125550    0.0000  90.0000    1000.0000   4850815.9701   1344644.8646   5379398.7990
130050    0.0000  90.0000    1000.0000   4850815.9701   1344644.8646   5379398.7990
130550    0.0000  90.0000    1000.0000   4850815.9701   1344644.8646   5379398.7990
131050    0.0000  90.0000    1000.0000   4850815.9701   1344644.8646   5379398.7990
131550    0.0000  90.0000    1000.0000   4850815.9701   1344644.8646   5379398.7990
132050    0.0000  90.0000    1000.0000   4850815.9701   1344644.8646   5379398.7990
132550    0.0000  90.0000    1000.0000   4850815.9701   1344644.8646   5379398.7990
133050    0.0000  90.0000    1000.0000   4850815.9701   1344644.8646   5379398.7990
133550    0.0000  90.0000    1000.0000   4850815.9701   1344644.8646   5379398.7990
134050    0.0000  90.0000    1000.0000   4850815.9701   1344644.8646   5379398.7990
134550    0.0000  90.0000    1000.0000   4850815.9701   1344644.8646   5379398.7990
135050    0.0000  90.0000    1000.0000   4850815.9701   1344644.8646   5379398.7990
135550    0.0000  90.0000    1000.0000   4850815.9701   1344644.8646   5379398.7990
140050    0.0000  90.0000    1000.0000   4850815.9701   1344644.8646   5379398.7990
140550    0.0000  90.0000    1000.0000   4850815.9701   1344644.8646   5379398.7990
141050    0.0000  90.0000    1000.0000   4850815.9701   1344644.8646   5379398.7990
141550    0.0000  90.0000    1000.0000   4850815.9701   1344644.8646   5379398.7990
142050    0.0000  90.0000    1000.0000   4850815.9701   1344644.8646   5379398.7990
142550    0.0000  90.0000    1000.0000   4850815.9701   1344644.8646   5379398.7990
143050    0.0000  90.0000    1000.0000   4850815.9701   1344644.8646   5379398.7990
143550    0.0000  90.0000    1000.0000   4850815.9701   1344644.8646   5379398.7990
144050    0.0000  90.0000    1000.0000   4850815.9701   1344644.8646   5379398.7990
144550    0.0000  90.0000    1000.0000   4850815.9701   1344644.8646   5379398.7990
145050    0.0000  90.0000    1000.0000   4850815.9701   1344644.8646   5379398.7990
145550    0.0000  90.0000    1000.0000   4850815.9701   1344644.8646   5379398.7990
150050    0.0000  90.0000    1000.0000   4850815.9701   1344644.8646   5379398.7990
150550    0.0000  90.0000    1000.0000   4850815.9701   1344644.8646   5379398.7990
151050    0.0000  90.0000    1000.0000   4850815.9701   1344644.8646   5379398.7990
151550    0.0000  90.0000    1000.0000   4850815.9701   1344644.8646   5379398.7990
152050    0.0000  90.0000    1000.0000   4850815.9701   1344644.8646   5379398.7990
152550    0.0000  90.0000    1000.0000   4850815.9701   1344644.8646   5379398.7990
153050    0.0000  90.0000    1000.0000   4850815.9701   1344644.8646   5379398.7990
153550    0.0000  90.0000    1000.0000   4850815.9701   1344644.8646   5379398.7990
154050    0.0000  90.0000    1000.0000   4850815.9701   1344644.8646   5379398.7990
154550    0.0000  90.0000    1000.0000   4850815.9701   1344644.8646   5379398.7990
155050    0.0000  90.0000    1000.0000   4850815.9701   1344644.8646   5379398.7990
155550    0.0000  90.0000    1000.0000   4850815.9701   1344644.8646   5379398.7990
160050    0.0000  90.0000    1000.0000   4850815.9701   1344644.8646   5379398.7990
160550    0.0000  90.0000    1000.0000   4850815.9701   1344644.8646   5379398.7990
161050    0.0000  90.0000    1000.0000   4850815.9701   1344644.8646   5379398.7990
161550    0.0000  90.0000    1000.0000   4850815.9701   1344644.8646   5379398.7990
162050    0.0000  90.0000    1000.0000   4850815.9701   1344644.8646   5379398.7990
162550    0.0000  90.0000    1000.0000   4850815.9701   1344644.8646   5379398.7990
163050    0.0000  90.0000    1000.0000   4850815.9701   1344644.8646   5379398.7990
163550    0.0000  90.0000    1000.0000   4850815.9701   1344644.8646   5379398.7990
164050    0.0000  90.0000    1000.0000   4850815.9701   1344644.8646   5379398.7990
164550    0.0000  90.0000    1000.0000   4850815.9701   1344644.8646   5379398.7990
165050    0.0000  90.0000    1000.0000   4850815.9701   1344644.8646   5379398.7990
165550    0.0000  90.0000    1000.0000   4850815.9701   1344644.8646   5379398.7990
170050    0.0000  90.0000    1000.0000   4850815.9701   1344644.8646   5379398.7990
170550    0.0000  90.0000    1000.0000   4850815.9701   1344644.8646   5379398.7990
171050    0.0000  90.0000    1000.0000   4850815.9701   1344644.8646   5379398.7990
171550    0.0000  90.0000    1000.0000   4850815.9701   1344644.8646   5379398.7990
172050    0.0000  90.0000    1000.0000   4850815.9701   1344644.8646   5379398.7990
172550    0.0000  90.0000    1000.0000   4850815.9701   1344644.8646   5379398.7990
173050    0.0000  90.0000    1000.0000   4850815.9701   1344644.8646   5379398.7990
173550    0.0000  90.0000    1000.0000   4850815.9701   1344644.8646   5379398.7990
174050    0.0000  90.0000    1000.0000   4850815.9701   1344644.8646   5379398.7990
174550    0.0000  90.0000    1000.0000   4850815.9701   1344644.8646   5379398.7990
175050    0.0000  90.0000    1000.0000   4850815.9701   1344644.8646   5379398.7990
175550    0.0000  90.0000    1000.0000   4850815.9701   1344644.8646   5379398.7990
180050    0.0000  90.0000    1000.0000   4850815.9701   1344644.8646   5379398.7990
180550    0.0000  90.0000    1000.0000   4850815.9701   1344644.8646   5379398.7990
181050    0.0000  90.0000    1000.0000   4850815.9701   1344644.8646   5379398.7990
181550    0.0000  90.0000    1000.0000   4850815.9701   1344644.8646   5379398.7990
182050    0.0000  90.0000    1000.0000   4850815.9701   1344644.8646   5379398.7990
182550    0.0000  90.0000    1000.0000   4850815.9701   1344644.8646   5379398.7990
183050    0.0000  90.0000    1000.0000   4850815.9701   1344644.8646   5379398.7990
183550    0.0000  90.0000    1000.0000   4850815.9701   1344644.8646   5379398.7990
184050    0.0000  90.0000    1000.0000   4850815.9701   1344644.8646   5379398.7990
184550    0.0000  90.0000    1000.0000   4850815.9701   1344644.8646   5379398.7990
185050    0.0000  90.0000    1000.0000   4850815.9701   1344644.8646   5379398.7990
185550    0.0000  90.0000    1000.0000   4850815.9701   1344644.8646   5379398.7990
190050    0.0000  90.0000    1000.0000   4850815.9701   1344644.8646   5379398.7990
190550    0.0000  90.0000    1000.0000   4850815.9701   1344644.8646   5379398.7990
191050    0.0000  90.0000    1000.0000   4850815.9701   1344644.8646   5379398.7990
191550    0.0000  90.0000    1000.0000   4850815.9701   1344644.8646   5379398.7990
192050    0.0000  90.0000    1000.0000   4850815.9701   1344644.8646   5379398.7990
192550    0.0000  90.0000    1000.0000   4850815.9701   1344644.8646   5379398.7990
193050    0.0000  90.0000    1000.0000   4850815.9701   1344644.8646   5379398.7990
193550    0.0000  90.0000    1000.0000   4850815.9701   1344644.8646   5379398.7990
194050    0.0000  90.0000    1000.0000   4850815.9701   1344644.8646   5379398.7990
194550    0.0000  90.0000    1000.0000   4850815.9701   1344644.8646   5379398.7990
195050    0.0000  90.0000    1000.0000   4850815.9701   1344644.8646   5379398.7990
195550    0.0000  90.0000    1000.0000   4850815.9701   1344644.8646   5379398.7990
200050    0.0000  90.0000    1000.0000   4850815.9701   1344644.8646   5379398.7990
200550    0.0000  90.0000    1000.0000   4850815.9701   1344644.8646   5379398.7990
201050    0.0000  90.0000    1000.0000   4850815.9701   1344644.8646   5379398.7990
