X1612708 R_PNT     RP_TEST 1808 0000000   45 15.0 2025 127 085340 300 100   0   0 1     -1
085340   45.0000  15.0000    1000.0000   4670173.4947    723504.0409   5409335.8400
085840   45.0000  15.0000    1000.0000   4670173.4947    723504.0409   5409335.8400
090340   45.0000  15.0000    1000.0000   4670173.4947    723504.0409   5409335.8400
090840   45.0000  15.0000    1000.0000   4670173.4947    723504.0409   5409335.8400
091340   45.0000  15.0000    1000.0000   4670173.4947    723504.0409   5409335.8400
091840   45.0000  15.0000    1000.0000   4670173.4947    723504.0409   5409335.8400
092340   45.0000  15.0000    1000.0000   4670173.4947    723504.0409   5409335.8400
092840   45.0000  15.0000    1000.0000   4670173.4947    723504.0409   5409335.8400
093340   45.0000  15.0000    1000.0000   4670173.4947    723504.0409   5409335.8400
093840   45.0000  15.0000    1000.0000   4670173.4947    723504.0409   5409335.8400
094340   45.0000  15.0000    1000.0000   4670173.4947    723504.0409   5409335.8400
094840   45.0000  15.0000    1000.0000   4670173.4947    723504.0409   5409335.8400
095340   45.0000  15.0000    1000.0000   4670173.4947    723504.0409   5409335.8400
095840   45.0000  15.0000    1000.0000   4670173.4947    723504.0409   5409335.8400
100340   45.0000  15.0000    1000.0000   4670173.4947    723504.0409   5409335.8400
100840   45.0000  15.0000    1000.0000   4670173.4947    723504.0409   5409335.8400
101340   45.0000  15.0000    1000.0000   4670173.4947    723504.0409   5409335.8400
101840   45.0000  15.0000    1000.0000   4670173.4947    723504.0409   5409335.8400
102340   45.0000  15.0000    1000.0000   4670173.4947    723504.0409   5409335.8400
102840   45.0000  15.0000    1000.0000   4670173.4947    723504.0409   5409335.8400
103340   45.0000  15.0000    1000.0000   4670173.4947    723504.0409   5409335.8400
103840   45.0000  15.0000    1000.0000   4670173.4947    723504.0409   5409335.8400
104340   45.0000  15.0000    1000.0000   4670173.4947    723504.0409   5409335.8400
104840   45.0000  15.0000    1000.0000   4670173.4947    723504.0409   5409335.8400
105340   45.0000  15.0000    1000.0000   4670173.4947    723504.0409   5409335.8400
105840   45.0000  15.0000    1000.0000   4670173.4947    723504.0409   5409335.8400
110340   45.0000  15.0000    1000.0000   4670173.4947    723504.0409   5409335.8400
110840   45.0000  15.0000    1000.0000   4670173.4947    723504.0409   5409335.8400
111340   45.0000  15.0000    1000.0000   4670173.4947    723504.0409   5409335.8400
111840   45.0000  15.0000    1000.0000   4670173.4947    723504.0409   5409335.8400
112340   45.0000  15.0000    1000.0000   4670173.4947    723504.0409   5409335.8400
112840   45.0000  15.0000    1000.0000   4670173.4947    723504.0409   5409335.8400
113340   45.0000  15.0000    1000.0000   4670173.4947    723504.0409   5409335.8400
113840   45.0000  15.0000    1000.0000   4670173.4947    723504.0409   5409335.8400
114340   45.0000  15.0000    1000.0000   4670173.4947    723504.0409   5409335.8400
114840   45.0000  15.0000    1000.0000   4670173.4947    723504.0409   5409335.8400
115340   45.0000  15.0000    1000.0000   4670173.4947    723504.0409   5409335.8400
115840   45.0000  15.0000    1000.0000   4670173.4947    723504.0409   5409335.8400
120340   45.0000  15.0000    1000.0000   4670173.4947    723504.0409   5409335.8400
120840   45.0000  15.0000    1000.0000   4670173.4947    723504.0409   5409335.8400
121340   45.0000  15.0000    1000.0000   4670173.4947    723504.0409   5409335.8400
121840   45.0000  15.0000    1000.0000   4670173.4947    723504.0409   5409335.8400
122340   45.0000  15.0000    1000.0000   4670173.4947    723504.0409   5409335.8400
122840   45.0000  15.0000    1000.0000   4670173.4947    723504.0409   5409335.8400
123340   45.0000  15.0000    1000.0000   4670173.4947    723504.0409   5409335.8400
123840   45.0000  15.0000    1000.0000   4670173.4947    723504.0409   5409335.8400
124340   45.0000  15.0000    1000.0000   4670173.4947    723504.0409   5409335.8400
124840   45.0000  15.0000    1000.0000   4670173.4947    723504.0409   5409335.8400
125340   45.0000  15.0000    1000.0000   4670173.4947    723504.0409   5409335.8400
125840   45.0000  15.0000    1000.0000   4670173.4947    723504.0409   5409335.8400
130340   45.0000  15.0000    1000.0000   4670173.4947    723504.0409   5409335.8400
130840   45.0000  15.0000    1000.0000   4670173.4947    723504.0409   5409335.8400
131340   45.0000  15.0000    1000.0000   4670173.4947    723504.0409   5409335.8400
131840   45.0000  15.0000    1000.0000   4670173.4947    723504.0409   5409335.8400
132340   45.0000  15.0000    1000.0000   4670173.4947    723504.0409   5409335.8400
132840   45.0000  15.0000    1000.0000   4670173.4947    723504.0409   5409335.8400
133340   45.0000  15.0000    1000.0000   4670173.4947    723504.0409   5409335.8400
133840   45.0000  15.0000    1000.0000   4670173.4947    723504.0409   5409335.8400
134340   45.0000  15.0000    1000.0000   4670173.4947    723504.0409   5409335.8400
134840   45.0000  15.0000    1000.0000   4670173.4947    723504.0409   5409335.8400
135340   45.0000  15.0000    1000.0000   4670173.4947    723504.0409   5409335.8400
135840   45.0000  15.0000    1000.0000   4670173.4947    723504.0409   5409335.8400
140340   45.0000  15.0000    1000.0000   4670173.4947    723504.0409   5409335.8400
140840   45.0000  15.0000    1000.0000   4670173.4947    723504.0409   5409335.8400
141340   45.0000  15.0000    1000.0000   4670173.4947    723504.0409   5409335.8400
141840   45.0000  15.0000    1000.0000   4670173.4947    723504.0409   5409335.8400
142340   45.0000  15.0000    1000.0000   4670173.4947    723504.0409   5409335.8400
142840   45.0000  15.0000    1000.0000   4670173.4947    723504.0409   5409335.8400
143340   45.0000  15.0000    1000.0000   4670173.4947    723504.0409   5409335.8400
143840   45.0000  15.0000    1000.0000   4670173.4947    723504.0409   5409335.8400
144340   45.0000  15.0000    1000.0000   4670173.4947    723504.0409   5409335.8400
144840   45.0000  15.0000    1000.0000   4670173.4947    723504.0409   5409335.8400
145340   45.0000  15.0000    1000.0000   4670173.4947    723504.0409   5409335.8400
145840   45.0000  15.0000    1000.0000   4670173.4947    723504.0409   5409335.8400
150340   45.0000  15.0000    1000.0000   4670173.4947    723504.0409   5409335.8400
150840   45.0000  15.0000    1000.0000   4670173.4947    723504.0409   5409335.8400
151340   45.0000  15.0000    1000.0000   4670173.4947    723504.0409   5409335.8400
151840   45.0000  15.0000    1000.0000   4670173.4947    723504.0409   5409335.8400
152340   45.0000  15.0000    1000.0000   4670173.4947    723504.0409   5409335.8400
152840   45.0000  15.0000    1000.0000   4670173.4947    723504.0409   5409335.8400
153340   45.0000  15.0000    1000.0000   4670173.4947    723504.0409   5409335.8400
153840   45.0000  15.0000    1000.0000   4670173.4947    723504.0409   5409335.8400
154340   45.0000  15.0000    1000.0000   4670173.4947    723504.0409   5409335.8400
154840   45.0000  15.0000    1000.0000   4670173.4947    723504.0409   5409335.8400
155340   45.0000  15.0000    1000.0000   4670173.4947    723504.0409   5409335.8400
155840   45.0000  15.0000    1000.0000   4670173.4947    723504.0409   5409335.8400
160340   45.0000  15.0000    1000.0000   4670173.4947    723504.0409   5409335.8400
160840   45.0000  15.0000    1000.0000   4670173.4947    723504.0409   5409335.8400
161340   45.0000  15.0000    1000.0000   4670173.4947    723504.0409   5409335.8400
161840   45.0000  15.0000    1000.0000   4670173.4947    723504.0409   5409335.8400
162340   45.0000  15.0000    1000.0000   4670173.4947    723504.0409   5409335.8400
162840   45.0000  15.0000    1000.0000   4670173.4947    723504.0409   5409335.8400
163340   45.0000  15.0000    1000.0000   4670173.4947    723504.0409   5409335.8400
163840   45.0000  15.0000    1000.0000   4670173.4947    723504.0409   5409335.8400
164340   45.0000  15.0000    1000.0000   4670173.4947    723504.0409   5409335.8400
164840   45.0000  15.0000    1000.0000   4670173.4947    723504.0409   5409335.8400
165340   45.0000  15.0000    1000.0000   4670173.4947    723504.0409   5409335.8400
165840   45.0000  15.0000    1000.0000   4670173.4947    723504.0409   5409335.8400
170340   45.0000  15.0000    1000.0000   4670173.4947    723504.0409   5409335.8400
170840   45.0000  15.0000    1000.0000   4670173.4947    723504.0409   5409335.8400
