X1616110 R_PNT     RP_TEST 1808 0000000   45 15.0 2025 161 102527 300 100   0   0 1     -1
102527   45.0000  15.0000    1000.0000   3699964.6740   1734398.6095   5301969.9783
102707   45.0000  15.0000    1000.0000   3699964.6740   1734398.6095   5301969.9783
102847   45.0000  15.0000    1000.0000   3699964.6740   1734398.6095   5301969.9783
103027   45.0000  15.0000    1000.0000   3699964.6740   1734398.6095   5301969.9783
103207   45.0000  15.0000    1000.0000   3699964.6740   1734398.6095   5301969.9783
103347   45.0000  15.0000    1000.0000   3699964.6740   1734398.6095   5301969.9783
103527   45.0000  15.0000    1000.0000   3699964.6740   1734398.6095   5301969.9783
103707   45.0000  15.0000    1000.0000   3699964.6740   1734398.6095   5301969.9783
103847   45.0000  15.0000    1000.0000   3699964.6740   1734398.6095   5301969.9783
104027   45.0000  15.0000    1000.0000   3699964.6740   1734398.6095   5301969.9783
104207   45.0000  15.0000    1000.0000   3699964.6740   1734398.6095   5301969.9783
104347   45.0000  15.0000    1000.0000   3699964.6740   1734398.6095   5301969.9783
104527   45.0000  15.0000    1000.0000   3699964.6740   1734398.6095   5301969.9783
104707   45.0000  15.0000    1000.0000   3699964.6740   1734398.6095   5301969.9783
104847   45.0000  15.0000    1000.0000   3699964.6740   1734398.6095   5301969.9783
105027   45.0000  15.0000    1000.0000   3699964.6740   1734398.6095   5301969.9783
105207   45.0000  15.0000    1000.0000   3699964.6740   1734398.6095   5301969.9783
105347   45.0000  15.0000    1000.0000   3699964.6740   1734398.6095   5301969.9783
105527   45.0000  15.0000    1000.0000   3699964.6740   1734398.6095   5301969.9783
105707   45.0000  15.0000    1000.0000   3699964.6740   1734398.6095   5301969.9783
105847   45.0000  15.0000    1000.0000   3699964.6740   1734398.6095   5301969.9783
110027   45.0000  15.0000    1000.0000   3699964.6740   1734398.6095   5301969.9783
110207   45.0000  15.0000    1000.0000   3699964.6740   1734398.6095   5301969.9783
110347   45.0000  15.0000    1000.0000   3699964.6740   1734398.6095   5301969.9783
110527   45.0000  15.0000    1000.0000   3699964.6740   1734398.6095   5301969.9783
110707   45.0000  15.0000    1000.0000   3699964.6740   1734398.6095   5301969.9783
110847   45.0000  15.0000    1000.0000   3699964.6740   1734398.6095   5301969.9783
111027   45.0000  15.0000    1000.0000   3699964.6740   1734398.6095   5301969.9783
111207   45.0000  15.0000    1000.0000   3699964.6740   1734398.6095   5301969.9783
111347   45.0000  15.0000    1000.0000   3699964.6740   1734398.6095   5301969.9783
111527   45.0000  15.0000    1000.0000   3699964.6740   1734398.6095   5301969.9783
111707   45.0000  15.0000    1000.0000   3699964.6740   1734398.6095   5301969.9783
111847   45.0000  15.0000    1000.0000   3699964.6740   1734398.6095   5301969.9783
112027   45.0000  15.0000    1000.0000   3699964.6740   1734398.6095   5301969.9783
112207   45.0000  15.0000    1000.0000   3699964.6740   1734398.6095   5301969.9783
112347   45.0000  15.0000    1000.0000   3699964.6740   1734398.6095   5301969.9783
112527   45.0000  15.0000    1000.0000   3699964.6740   1734398.6095   5301969.9783
112707   45.0000  15.0000    1000.0000   3699964.6740   1734398.6095   5301969.9783
112847   45.0000  15.0000    1000.0000   3699964.6740   1734398.6095   5301969.9783
113027   45.0000  15.0000    1000.0000   3699964.6740   1734398.6095   5301969.9783
113207   45.0000  15.0000    1000.0000   3699964.6740   1734398.6095   5301969.9783
113347   45.0000  15.0000    1000.0000   3699964.6740   1734398.6095   5301969.9783
113527   45.0000  15.0000    1000.0000   3699964.6740   1734398.6095   5301969.9783
113707   45.0000  15.0000    1000.0000   3699964.6740   1734398.6095   5301969.9783
113847   45.0000  15.0000    1000.0000   3699964.6740   1734398.6095   5301969.9783
114027   45.0000  15.0000    1000.0000   3699964.6740   1734398.6095   5301969.9783
114207   45.0000  15.0000    1000.0000   3699964.6740   1734398.6095   5301969.9783
114347   45.0000  15.0000    1000.0000   3699964.6740   1734398.6095   5301969.9783
114527   45.0000  15.0000    1000.0000   3699964.6740   1734398.6095   5301969.9783
114707   45.0000  15.0000    1000.0000   3699964.6740   1734398.6095   5301969.9783
114847   45.0000  15.0000    1000.0000   3699964.6740   1734398.6095   5301969.9783
115027   45.0000  15.0000    1000.0000   3699964.6740   1734398.6095   5301969.9783
115207   45.0000  15.0000    1000.0000   3699964.6740   1734398.6095   5301969.9783
115347   45.0000  15.0000    1000.0000   3699964.6740   1734398.6095   5301969.9783
115527   45.0000  15.0000    1000.0000   3699964.6740   1734398.6095   5301969.9783
115707   45.0000  15.0000    1000.0000   3699964.6740   1734398.6095   5301969.9783
115847   45.0000  15.0000    1000.0000   3699964.6740   1734398.6095   5301969.9783
120027   45.0000  15.0000    1000.0000   3699964.6740   1734398.6095   5301969.9783
120207   45.0000  15.0000    1000.0000   3699964.6740   1734398.6095   5301969.9783
120347   45.0000  15.0000    1000.0000   3699964.6740   1734398.6095   5301969.9783
120527   45.0000  15.0000    1000.0000   3699964.6740   1734398.6095   5301969.9783
120707   45.0000  15.0000    1000.0000   3699964.6740   1734398.6095   5301969.9783
120847   45.0000  15.0000    1000.0000   3699964.6740   1734398.6095   5301969.9783
121027   45.0000  15.0000    1000.0000   3699964.6740   1734398.6095   5301969.9783
121207   45.0000  15.0000    1000.0000   3699964.6740   1734398.6095   5301969.9783
121347   45.0000  15.0000    1000.0000   3699964.6740   1734398.6095   5301969.9783
121527   45.0000  15.0000    1000.0000   3699964.6740   1734398.6095   5301969.9783
121707   45.0000  15.0000    1000.0000   3699964.6740   1734398.6095   5301969.9783
121847   45.0000  15.0000    1000.0000   3699964.6740   1734398.6095   5301969.9783
122027   45.0000  15.0000    1000.0000   3699964.6740   1734398.6095   5301969.9783
122207   45.0000  15.0000    1000.0000   3699964.6740   1734398.6095   5301969.9783
122347   45.0000  15.0000    1000.0000   3699964.6740   1734398.6095   5301969.9783
122527   45.0000  15.0000    1000.0000   3699964.6740   1734398.6095   5301969.9783
122707   45.0000  15.0000    1000.0000   3699964.6740   1734398.6095   5301969.9783
122847   45.0000  15.0000    1000.0000   3699964.6740   1734398.6095   5301969.9783
123027   45.0000  15.0000    1000.0000   3699964.6740   1734398.6095   5301969.9783
123207   45.0000  15.0000    1000.0000   3699964.6740   1734398.6095   5301969.9783
123347   45.0000  15.0000    1000.0000   3699964.6740   1734398.6095   5301969.9783
123527   45.0000  15.0000    1000.0000   3699964.6740   1734398.6095   5301969.9783
123707   45.0000  15.0000    1000.0000   3699964.6740   1734398.6095   5301969.9783
123847   45.0000  15.0000    1000.0000   3699964.6740   1734398.6095   5301969.9783
124027   45.0000  15.0000    1000.0000   3699964.6740   1734398.6095   5301969.9783
124207   45.0000  15.0000    1000.0000   3699964.6740   1734398.6095   5301969.9783
124347   45.0000  15.0000    1000.0000   3699964.6740   1734398.6095   5301969.9783
124527   45.0000  15.0000    1000.0000   3699964.6740   1734398.6095   5301969.9783
124707   45.0000  15.0000    1000.0000   3699964.6740   1734398.6095   5301969.9783
124847   45.0000  15.0000    1000.0000   3699964.6740   1734398.6095   5301969.9783
125027   45.0000  15.0000    1000.0000   3699964.6740   1734398.6095   5301969.9783
125207   45.0000  15.0000    1000.0000   3699964.6740   1734398.6095   5301969.9783
125347   45.0000  15.0000    1000.0000   3699964.6740   1734398.6095   5301969.9783
125527   45.0000  15.0000    1000.0000   3699964.6740   1734398.6095   5301969.9783
125707   45.0000  15.0000    1000.0000   3699964.6740   1734398.6095   5301969.9783
125847   45.0000  15.0000    1000.0000   3699964.6740   1734398.6095   5301969.9783
130027   45.0000  15.0000    1000.0000   3699964.6740   1734398.6095   5301969.9783
130207   45.0000  15.0000    1000.0000   3699964.6740   1734398.6095   5301969.9783
130347   45.0000  15.0000    1000.0000   3699964.6740   1734398.6095   5301969.9783
130527   45.0000  15.0000    1000.0000   3699964.6740   1734398.6095   5301969.9783
130707   45.0000  15.0000    1000.0000   3699964.6740   1734398.6095   5301969.9783
130847   45.0000  15.0000    1000.0000   3699964.6740   1734398.6095   5301969.9783
131027   45.0000  15.0000    1000.0000   3699964.6740   1734398.6095   5301969.9783
