X1612711 R_PNT     RP_TEST 1808 0000000   45 15.0 2025 127 115550 300 100   0   0 1     -1
115550   45.0000  15.0000    1000.0000   3699964.6740   1734398.6095   5301969.9783
120050   45.0000  15.0000    1000.0000   3699964.6740   1734398.6095   5301969.9783
120550   45.0000  15.0000    1000.0000   3699964.6740   1734398.6095   5301969.9783
121050   45.0000  15.0000    1000.0000   3699964.6740   1734398.6095   5301969.9783
121550   45.0000  15.0000    1000.0000   3699964.6740   1734398.6095   5301969.9783
122050   45.0000  15.0000    1000.0000   3699964.6740   1734398.6095   5301969.9783
122550   45.0000  15.0000    1000.0000   3699964.6740   1734398.6095   5301969.9783
123050   45.0000  15.0000    1000.0000   3699964.6740   1734398.6095   5301969.9783
123550   45.0000  15.0000    1000.0000   3699964.6740   1734398.6095   5301969.9783
124050   45.0000  15.0000    1000.0000   3699964.6740   1734398.6095   5301969.9783
124550   45.0000  15.0000    1000.0000   3699964.6740   1734398.6095   5301969.9783
125050   45.0000  15.0000    1000.0000   3699964.6740   1734398.6095   5301969.9783
125550   45.0000  15.0000    1000.0000   3699964.6740   1734398.6095   5301969.9783
130050   45.0000  15.0000    1000.0000   3699964.6740   1734398.6095   5301969.9783
130550   45.0000  15.0000    1000.0000   3699964.6740   1734398.6095   5301969.9783
131050   45.0000  15.0000    1000.0000   3699964.6740   1734398.6095   5301969.9783
131550   45.0000  15.0000    1000.0000   3699964.6740   1734398.6095   5301969.9783
132050   45.0000  15.0000    1000.0000   3699964.6740   1734398.6095   5301969.9783
132550   45.0000  15.0000    1000.0000   3699964.6740   1734398.6095   5301969.9783
133050   45.0000  15.0000    1000.0000   3699964.6740   1734398.6095   5301969.9783
133550   45.0000  15.0000    1000.0000   3699964.6740   1734398.6095   5301969.9783
134050   45.0000  15.0000    1000.0000   3699964.6740   1734398.6095   5301969.9783
134550   45.0000  15.0000    1000.0000   3699964.6740   1734398.6095   5301969.9783
135050   45.0000  15.0000    1000.0000   3699964.6740   1734398.6095   5301969.9783
135550   45.0000  15.0000    1000.0000   3699964.6740   1734398.6095   5301969.9783
140050   45.0000  15.0000    1000.0000   3699964.6740   1734398.6095   5301969.9783
140550   45.0000  15.0000    1000.0000   3699964.6740   1734398.6095   5301969.9783
141050   45.0000  15.0000    1000.0000   3699964.6740   1734398.6095   5301969.9783
141550   45.0000  15.0000    1000.0000   3699964.6740   1734398.6095   5301969.9783
142050   45.0000  15.0000    1000.0000   3699964.6740   1734398.6095   5301969.9783
142550   45.0000  15.0000    1000.0000   3699964.6740   1734398.6095   5301969.9783
143050   45.0000  15.0000    1000.0000   3699964.6740   1734398.6095   5301969.9783
143550   45.0000  15.0000    1000.0000   3699964.6740   1734398.6095   5301969.9783
144050   45.0000  15.0000    1000.0000   3699964.6740   1734398.6095   5301969.9783
144550   45.0000  15.0000    1000.0000   3699964.6740   1734398.6095   5301969.9783
145050   45.0000  15.0000    1000.0000   3699964.6740   1734398.6095   5301969.9783
145550   45.0000  15.0000    1000.0000   3699964.6740   1734398.6095   5301969.9783
150050   45.0000  15.0000    1000.0000   3699964.6740   1734398.6095   5301969.9783
150550   45.0000  15.0000    1000.0000   3699964.6740   1734398.6095   5301969.9783
151050   45.0000  15.0000    1000.0000   3699964.6740   1734398.6095   5301969.9783
151550   45.0000  15.0000    1000.0000   3699964.6740   1734398.6095   5301969.9783
152050   45.0000  15.0000    1000.0000   3699964.6740   1734398.6095   5301969.9783
152550   45.0000  15.0000    1000.0000   3699964.6740   1734398.6095   5301969.9783
153050   45.0000  15.0000    1000.0000   3699964.6740   1734398.6095   5301969.9783
153550   45.0000  15.0000    1000.0000   3699964.6740   1734398.6095   5301969.9783
154050   45.0000  15.0000    1000.0000   3699964.6740   1734398.6095   5301969.9783
154550   45.0000  15.0000    1000.0000   3699964.6740   1734398.6095   5301969.9783
155050   45.0000  15.0000    1000.0000   3699964.6740   1734398.6095   5301969.9783
155550   45.0000  15.0000    1000.0000   3699964.6740   1734398.6095   5301969.9783
160050   45.0000  15.0000    1000.0000   3699964.6740   1734398.6095   5301969.9783
160550   45.0000  15.0000    1000.0000   3699964.6740   1734398.6095   5301969.9783
161050   45.0000  15.0000    1000.0000   3699964.6740   1734398.6095   5301969.9783
161550   45.0000  15.0000    1000.0000   3699964.6740   1734398.6095   5301969.9783
162050   45.0000  15.0000    1000.0000   3699964.6740   1734398.6095   5301969.9783
162550   45.0000  15.0000    1000.0000   3699964.6740   1734398.6095   5301969.9783
163050   45.0000  15.0000    1000.0000   3699964.6740   1734398.6095   5301969.9783
163550   45.0000  15.0000    1000.0000   3699964.6740   1734398.6095   5301969.9783
164050   45.0000  15.0000    1000.0000   3699964.6740   1734398.6095   5301969.9783
164550   45.0000  15.0000    1000.0000   3699964.6740   1734398.6095   5301969.9783
165050   45.0000  15.0000    1000.0000   3699964.6740   1734398.6095   5301969.9783
165550   45.0000  15.0000    1000.0000   3699964.6740   1734398.6095   5301969.9783
170050   45.0000  15.0000    1000.0000   3699964.6740   1734398.6095   5301969.9783
170550   45.0000  15.0000    1000.0000   3699964.6740   1734398.6095   5301969.9783
171050   45.0000  15.0000    1000.0000   3699964.6740   1734398.6095   5301969.9783
171550   45.0000  15.0000    1000.0000   3699964.6740   1734398.6095   5301969.9783
172050   45.0000  15.0000    1000.0000   3699964.6740   1734398.6095   5301969.9783
172550   45.0000  15.0000    1000.0000   3699964.6740   1734398.6095   5301969.9783
173050   45.0000  15.0000    1000.0000   3699964.6740   1734398.6095   5301969.9783
173550   45.0000  15.0000    1000.0000   3699964.6740   1734398.6095   5301969.9783
174050   45.0000  15.0000    1000.0000   3699964.6740   1734398.6095   5301969.9783
174550   45.0000  15.0000    1000.0000   3699964.6740   1734398.6095   5301969.9783
175050   45.0000  15.0000    1000.0000   3699964.6740   1734398.6095   5301969.9783
175550   45.0000  15.0000    1000.0000   3699964.6740   1734398.6095   5301969.9783
180050   45.0000  15.0000    1000.0000   3699964.6740   1734398.6095   5301969.9783
180550   45.0000  15.0000    1000.0000   3699964.6740   1734398.6095   5301969.9783
181050   45.0000  15.0000    1000.0000   3699964.6740   1734398.6095   5301969.9783
181550   45.0000  15.0000    1000.0000   3699964.6740   1734398.6095   5301969.9783
182050   45.0000  15.0000    1000.0000   3699964.6740   1734398.6095   5301969.9783
182550   45.0000  15.0000    1000.0000   3699964.6740   1734398.6095   5301969.9783
183050   45.0000  15.0000    1000.0000   3699964.6740   1734398.6095   5301969.9783
183550   45.0000  15.0000    1000.0000   3699964.6740   1734398.6095   5301969.9783
184050   45.0000  15.0000    1000.0000   3699964.6740   1734398.6095   5301969.9783
184550   45.0000  15.0000    1000.0000   3699964.6740   1734398.6095   5301969.9783
185050   45.0000  15.0000    1000.0000   3699964.6740   1734398.6095   5301969.9783
185550   45.0000  15.0000    1000.0000   3699964.6740   1734398.6095   5301969.9783
190050   45.0000  15.0000    1000.0000   3699964.6740   1734398.6095   5301969.9783
190550   45.0000  15.0000    1000.0000   3699964.6740   1734398.6095   5301969.9783
191050   45.0000  15.0000    1000.0000   3699964.6740   1734398.6095   5301969.9783
191550   45.0000  15.0000    1000.0000   3699964.6740   1734398.6095   5301969.9783
192050   45.0000  15.0000    1000.0000   3699964.6740   1734398.6095   5301969.9783
192550   45.0000  15.0000    1000.0000   3699964.6740   1734398.6095   5301969.9783
193050   45.0000  15.0000    1000.0000   3699964.6740   1734398.6095   5301969.9783
193550   45.0000  15.0000    1000.0000   3699964.6740   1734398.6095   5301969.9783
194050   45.0000  15.0000    1000.0000   3699964.6740   1734398.6095   5301969.9783
194550   45.0000  15.0000    1000.0000   3699964.6740   1734398.6095   5301969.9783
195050   45.0000  15.0000    1000.0000   3699964.6740   1734398.6095   5301969.9783
195550   45.0000  15.0000    1000.0000   3699964.6740   1734398.6095   5301969.9783
200050   45.0000  15.0000    1000.0000   3699964.6740   1734398.6095   5301969.9783
200550   45.0000  15.0000    1000.0000   3699964.6740   1734398.6095   5301969.9783
201050   45.0000  15.0000    1000.0000   3699964.6740   1734398.6095   5301969.9783
