X1716110 R_PNT     RP_TEST 1808 0000000   45 30.0 2025 161 102527 300 100   0   0 1     -1
102527   45.0000  30.0000    1000.0000   3926983.2491   1724023.8352   5430435.0632
102707   45.0000  30.0000    1000.0000   3926983.2491   1724023.8352   5430435.0632
102847   45.0000  30.0000    1000.0000   3926983.2491   1724023.8352   5430435.0632
103027   45.0000  30.0000    1000.0000   3926983.2491   1724023.8352   5430435.0632
103207   45.0000  30.0000    1000.0000   3926983.2491   1724023.8352   5430435.0632
103347   45.0000  30.0000    1000.0000   3926983.2491   1724023.8352   5430435.0632
103527   45.0000  30.0000    1000.0000   3926983.2491   1724023.8352   5430435.0632
103707   45.0000  30.0000    1000.0000   3926983.2491   1724023.8352   5430435.0632
103847   45.0000  30.0000    1000.0000   3926983.2491   1724023.8352   5430435.0632
104027   45.0000  30.0000    1000.0000   3926983.2491   1724023.8352   5430435.0632
104207   45.0000  30.0000    1000.0000   3926983.2491   1724023.8352   5430435.0632
104347   45.0000  30.0000    1000.0000   3926983.2491   1724023.8352   5430435.0632
104527   45.0000  30.0000    1000.0000   3926983.2491   1724023.8352   5430435.0632
104707   45.0000  30.0000    1000.0000   3926983.2491   1724023.8352   5430435.0632
104847   45.0000  30.0000    1000.0000   3926983.2491   1724023.8352   5430435.0632
105027   45.0000  30.0000    1000.0000   3926983.2491   1724023.8352   5430435.0632
105207   45.0000  30.0000    1000.0000   3926983.2491   1724023.8352   5430435.0632
105347   45.0000  30.0000    1000.0000   3926983.2491   1724023.8352   5430435.0632
105527   45.0000  30.0000    1000.0000   3926983.2491   1724023.8352   5430435.0632
105707   45.0000  30.0000    1000.0000   3926983.2491   1724023.8352   5430435.0632
105847   45.0000  30.0000    1000.0000   3926983.2491   1724023.8352   5430435.0632
110027   45.0000  30.0000    1000.0000   3926983.2491   1724023.8352   5430435.0632
110207   45.0000  30.0000    1000.0000   3926983.2491   1724023.8352   5430435.0632
110347   45.0000  30.0000    1000.0000   3926983.2491   1724023.8352   5430435.0632
110527   45.0000  30.0000    1000.0000   3926983.2491   1724023.8352   5430435.0632
110707   45.0000  30.0000    1000.0000   3926983.2491   1724023.8352   5430435.0632
110847   45.0000  30.0000    1000.0000   3926983.2491   1724023.8352   5430435.0632
111027   45.0000  30.0000    1000.0000   3926983.2491   1724023.8352   5430435.0632
111207   45.0000  30.0000    1000.0000   3926983.2491   1724023.8352   5430435.0632
111347   45.0000  30.0000    1000.0000   3926983.2491   1724023.8352   5430435.0632
111527   45.0000  30.0000    1000.0000   3926983.2491   1724023.8352   5430435.0632
111707   45.0000  30.0000    1000.0000   3926983.2491   1724023.8352   5430435.0632
111847   45.0000  30.0000    1000.0000   3926983.2491   1724023.8352   5430435.0632
112027   45.0000  30.0000    1000.0000   3926983.2491   1724023.8352   5430435.0632
112207   45.0000  30.0000    1000.0000   3926983.2491   1724023.8352   5430435.0632
112347   45.0000  30.0000    1000.0000   3926983.2491   1724023.8352   5430435.0632
112527   45.0000  30.0000    1000.0000   3926983.2491   1724023.8352   5430435.0632
112707   45.0000  30.0000    1000.0000   3926983.2491   1724023.8352   5430435.0632
112847   45.0000  30.0000    1000.0000   3926983.2491   1724023.8352   5430435.0632
113027   45.0000  30.0000    1000.0000   3926983.2491   1724023.8352   5430435.0632
113207   45.0000  30.0000    1000.0000   3926983.2491   1724023.8352   5430435.0632
113347   45.0000  30.0000    1000.0000   3926983.2491   1724023.8352   5430435.0632
113527   45.0000  30.0000    1000.0000   3926983.2491   1724023.8352   5430435.0632
113707   45.0000  30.0000    1000.0000   3926983.2491   1724023.8352   5430435.0632
113847   45.0000  30.0000    1000.0000   3926983.2491   1724023.8352   5430435.0632
114027   45.0000  30.0000    1000.0000   3926983.2491   1724023.8352   5430435.0632
114207   45.0000  30.0000    1000.0000   3926983.2491   1724023.8352   5430435.0632
114347   45.0000  30.0000    1000.0000   3926983.2491   1724023.8352   5430435.0632
114527   45.0000  30.0000    1000.0000   3926983.2491   1724023.8352   5430435.0632
114707   45.0000  30.0000    1000.0000   3926983.2491   1724023.8352   5430435.0632
114847   45.0000  30.0000    1000.0000   3926983.2491   1724023.8352   5430435.0632
115027   45.0000  30.0000    1000.0000   3926983.2491   1724023.8352   5430435.0632
115207   45.0000  30.0000    1000.0000   3926983.2491   1724023.8352   5430435.0632
115347   45.0000  30.0000    1000.0000   3926983.2491   1724023.8352   5430435.0632
115527   45.0000  30.0000    1000.0000   3926983.2491   1724023.8352   5430435.0632
115707   45.0000  30.0000    1000.0000   3926983.2491   1724023.8352   5430435.0632
115847   45.0000  30.0000    1000.0000   3926983.2491   1724023.8352   5430435.0632
120027   45.0000  30.0000    1000.0000   3926983.2491   1724023.8352   5430435.0632
120207   45.0000  30.0000    1000.0000   3926983.2491   1724023.8352   5430435.0632
120347   45.0000  30.0000    1000.0000   3926983.2491   1724023.8352   5430435.0632
120527   45.0000  30.0000    1000.0000   3926983.2491   1724023.8352   5430435.0632
120707   45.0000  30.0000    1000.0000   3926983.2491   1724023.8352   5430435.0632
120847   45.0000  30.0000    1000.0000   3926983.2491   1724023.8352   5430435.0632
121027   45.0000  30.0000    1000.0000   3926983.2491   1724023.8352   5430435.0632
121207   45.0000  30.0000    1000.0000   3926983.2491   1724023.8352   5430435.0632
121347   45.0000  30.0000    1000.0000   3926983.2491   1724023.8352   5430435.0632
121527   45.0000  30.0000    1000.0000   3926983.2491   1724023.8352   5430435.0632
121707   45.0000  30.0000    1000.0000   3926983.2491   1724023.8352   5430435.0632
121847   45.0000  30.0000    1000.0000   3926983.2491   1724023.8352   5430435.0632
122027   45.0000  30.0000    1000.0000   3926983.2491   1724023.8352   5430435.0632
122207   45.0000  30.0000    1000.0000   3926983.2491   1724023.8352   5430435.0632
122347   45.0000  30.0000    1000.0000   3926983.2491   1724023.8352   5430435.0632
122527   45.0000  30.0000    1000.0000   3926983.2491   1724023.8352   5430435.0632
122707   45.0000  30.0000    1000.0000   3926983.2491   1724023.8352   5430435.0632
122847   45.0000  30.0000    1000.0000   3926983.2491   1724023.8352   5430435.0632
123027   45.0000  30.0000    1000.0000   3926983.2491   1724023.8352   5430435.0632
123207   45.0000  30.0000    1000.0000   3926983.2491   1724023.8352   5430435.0632
123347   45.0000  30.0000    1000.0000   3926983.2491   1724023.8352   5430435.0632
123527   45.0000  30.0000    1000.0000   3926983.2491   1724023.8352   5430435.0632
123707   45.0000  30.0000    1000.0000   3926983.2491   1724023.8352   5430435.0632
123847   45.0000  30.0000    1000.0000   3926983.2491   1724023.8352   5430435.0632
124027   45.0000  30.0000    1000.0000   3926983.2491   1724023.8352   5430435.0632
124207   45.0000  30.0000    1000.0000   3926983.2491   1724023.8352   5430435.0632
124347   45.0000  30.0000    1000.0000   3926983.2491   1724023.8352   5430435.0632
124527   45.0000  30.0000    1000.0000   3926983.2491   1724023.8352   5430435.0632
124707   45.0000  30.0000    1000.0000   3926983.2491   1724023.8352   5430435.0632
124847   45.0000  30.0000    1000.0000   3926983.2491   1724023.8352   5430435.0632
125027   45.0000  30.0000    1000.0000   3926983.2491   1724023.8352   5430435.0632
125207   45.0000  30.0000    1000.0000   3926983.2491   1724023.8352   5430435.0632
125347   45.0000  30.0000    1000.0000   3926983.2491   1724023.8352   5430435.0632
125527   45.0000  30.0000    1000.0000   3926983.2491   1724023.8352   5430435.0632
125707   45.0000  30.0000    1000.0000   3926983.2491   1724023.8352   5430435.0632
125847   45.0000  30.0000    1000.0000   3926983.2491   1724023.8352   5430435.0632
130027   45.0000  30.0000    1000.0000   3926983.2491   1724023.8352   5430435.0632
130207   45.0000  30.0000    1000.0000   3926983.2491   1724023.8352   5430435.0632
130347   45.0000  30.0000    1000.0000   3926983.2491   1724023.8352   5430435.0632
130527   45.0000  30.0000    1000.0000   3926983.2491   1724023.8352   5430435.0632
130707   45.0000  30.0000    1000.0000   3926983.2491   1724023.8352   5430435.0632
130847   45.0000  30.0000    1000.0000   3926983.2491   1724023.8352   5430435.0632
131027   45.0000  30.0000    1000.0000   3926983.2491   1724023.8352   5430435.0632
