X1712711 R_PNT     RP_TEST 1808 0000000   45 30.0 2025 127 115550 300 100   0   0 1     -1
115550   45.0000  30.0000    1000.0000   3926983.2491   1724023.8352   5430435.0632
120050   45.0000  30.0000    1000.0000   3926983.2491   1724023.8352   5430435.0632
120550   45.0000  30.0000    1000.0000   3926983.2491   1724023.8352   5430435.0632
121050   45.0000  30.0000    1000.0000   3926983.2491   1724023.8352   5430435.0632
121550   45.0000  30.0000    1000.0000   3926983.2491   1724023.8352   5430435.0632
122050   45.0000  30.0000    1000.0000   3926983.2491   1724023.8352   5430435.0632
122550   45.0000  30.0000    1000.0000   3926983.2491   1724023.8352   5430435.0632
123050   45.0000  30.0000    1000.0000   3926983.2491   1724023.8352   5430435.0632
123550   45.0000  30.0000    1000.0000   3926983.2491   1724023.8352   5430435.0632
124050   45.0000  30.0000    1000.0000   3926983.2491   1724023.8352   5430435.0632
124550   45.0000  30.0000    1000.0000   3926983.2491   1724023.8352   5430435.0632
125050   45.0000  30.0000    1000.0000   3926983.2491   1724023.8352   5430435.0632
125550   45.0000  30.0000    1000.0000   3926983.2491   1724023.8352   5430435.0632
130050   45.0000  30.0000    1000.0000   3926983.2491   1724023.8352   5430435.0632
130550   45.0000  30.0000    1000.0000   3926983.2491   1724023.8352   5430435.0632
131050   45.0000  30.0000    1000.0000   3926983.2491   1724023.8352   5430435.0632
131550   45.0000  30.0000    1000.0000   3926983.2491   1724023.8352   5430435.0632
132050   45.0000  30.0000    1000.0000   3926983.2491   1724023.8352   5430435.0632
132550   45.0000  30.0000    1000.0000   3926983.2491   1724023.8352   5430435.0632
133050   45.0000  30.0000    1000.0000   3926983.2491   1724023.8352   5430435.0632
133550   45.0000  30.0000    1000.0000   3926983.2491   1724023.8352   5430435.0632
134050   45.0000  30.0000    1000.0000   3926983.2491   1724023.8352   5430435.0632
134550   45.0000  30.0000    1000.0000   3926983.2491   1724023.8352   5430435.0632
135050   45.0000  30.0000    1000.0000   3926983.2491   1724023.8352   5430435.0632
135550   45.0000  30.0000    1000.0000   3926983.2491   1724023.8352   5430435.0632
140050   45.0000  30.0000    1000.0000   3926983.2491   1724023.8352   5430435.0632
140550   45.0000  30.0000    1000.0000   3926983.2491   1724023.8352   5430435.0632
141050   45.0000  30.0000    1000.0000   3926983.2491   1724023.8352   5430435.0632
141550   45.0000  30.0000    1000.0000   3926983.2491   1724023.8352   5430435.0632
142050   45.0000  30.0000    1000.0000   3926983.2491   1724023.8352   5430435.0632
142550   45.0000  30.0000    1000.0000   3926983.2491   1724023.8352   5430435.0632
143050   45.0000  30.0000    1000.0000   3926983.2491   1724023.8352   5430435.0632
143550   45.0000  30.0000    1000.0000   3926983.2491   1724023.8352   5430435.0632
144050   45.0000  30.0000    1000.0000   3926983.2491   1724023.8352   5430435.0632
144550   45.0000  30.0000    1000.0000   3926983.2491   1724023.8352   5430435.0632
145050   45.0000  30.0000    1000.0000   3926983.2491   1724023.8352   5430435.0632
145550   45.0000  30.0000    1000.0000   3926983.2491   1724023.8352   5430435.0632
150050   45.0000  30.0000    1000.0000   3926983.2491   1724023.8352   5430435.0632
150550   45.0000  30.0000    1000.0000   3926983.2491   1724023.8352   5430435.0632
151050   45.0000  30.0000    1000.0000   3926983.2491   1724023.8352   5430435.0632
151550   45.0000  30.0000    1000.0000   3926983.2491   1724023.8352   5430435.0632
152050   45.0000  30.0000    1000.0000   3926983.2491   1724023.8352   5430435.0632
152550   45.0000  30.0000    1000.0000   3926983.2491   1724023.8352   5430435.0632
153050   45.0000  30.0000    1000.0000   3926983.2491   1724023.8352   5430435.0632
153550   45.0000  30.0000    1000.0000   3926983.2491   1724023.8352   5430435.0632
154050   45.0000  30.0000    1000.0000   3926983.2491   1724023.8352   5430435.0632
154550   45.0000  30.0000    1000.0000   3926983.2491   1724023.8352   5430435.0632
155050   45.0000  30.0000    1000.0000   3926983.2491   1724023.8352   5430435.0632
155550   45.0000  30.0000    1000.0000   3926983.2491   1724023.8352   5430435.0632
160050   45.0000  30.0000    1000.0000   3926983.2491   1724023.8352   5430435.0632
160550   45.0000  30.0000    1000.0000   3926983.2491   1724023.8352   5430435.0632
161050   45.0000  30.0000    1000.0000   3926983.2491   1724023.8352   5430435.0632
161550   45.0000  30.0000    1000.0000   3926983.2491   1724023.8352   5430435.0632
162050   45.0000  30.0000    1000.0000   3926983.2491   1724023.8352   5430435.0632
162550   45.0000  30.0000    1000.0000   3926983.2491   1724023.8352   5430435.0632
163050   45.0000  30.0000    1000.0000   3926983.2491   1724023.8352   5430435.0632
163550   45.0000  30.0000    1000.0000   3926983.2491   1724023.8352   5430435.0632
164050   45.0000  30.0000    1000.0000   3926983.2491   1724023.8352   5430435.0632
164550   45.0000  30.0000    1000.0000   3926983.2491   1724023.8352   5430435.0632
165050   45.0000  30.0000    1000.0000   3926983.2491   1724023.8352   5430435.0632
165550   45.0000  30.0000    1000.0000   3926983.2491   1724023.8352   5430435.0632
170050   45.0000  30.0000    1000.0000   3926983.2491   1724023.8352   5430435.0632
170550   45.0000  30.0000    1000.0000   3926983.2491   1724023.8352   5430435.0632
171050   45.0000  30.0000    1000.0000   3926983.2491   1724023.8352   5430435.0632
171550   45.0000  30.0000    1000.0000   3926983.2491   1724023.8352   5430435.0632
172050   45.0000  30.0000    1000.0000   3926983.2491   1724023.8352   5430435.0632
172550   45.0000  30.0000    1000.0000   3926983.2491   1724023.8352   5430435.0632
173050   45.0000  30.0000    1000.0000   3926983.2491   1724023.8352   5430435.0632
173550   45.0000  30.0000    1000.0000   3926983.2491   1724023.8352   5430435.0632
174050   45.0000  30.0000    1000.0000   3926983.2491   1724023.8352   5430435.0632
174550   45.0000  30.0000    1000.0000   3926983.2491   1724023.8352   5430435.0632
175050   45.0000  30.0000    1000.0000   3926983.2491   1724023.8352   5430435.0632
175550   45.0000  30.0000    1000.0000   3926983.2491   1724023.8352   5430435.0632
180050   45.0000  30.0000    1000.0000   3926983.2491   1724023.8352   5430435.0632
180550   45.0000  30.0000    1000.0000   3926983.2491   1724023.8352   5430435.0632
181050   45.0000  30.0000    1000.0000   3926983.2491   1724023.8352   5430435.0632
181550   45.0000  30.0000    1000.0000   3926983.2491   1724023.8352   5430435.0632
182050   45.0000  30.0000    1000.0000   3926983.2491   1724023.8352   5430435.0632
182550   45.0000  30.0000    1000.0000   3926983.2491   1724023.8352   5430435.0632
183050   45.0000  30.0000    1000.0000   3926983.2491   1724023.8352   5430435.0632
183550   45.0000  30.0000    1000.0000   3926983.2491   1724023.8352   5430435.0632
184050   45.0000  30.0000    1000.0000   3926983.2491   1724023.8352   5430435.0632
184550   45.0000  30.0000    1000.0000   3926983.2491   1724023.8352   5430435.0632
185050   45.0000  30.0000    1000.0000   3926983.2491   1724023.8352   5430435.0632
185550   45.0000  30.0000    1000.0000   3926983.2491   1724023.8352   5430435.0632
190050   45.0000  30.0000    1000.0000   3926983.2491   1724023.8352   5430435.0632
190550   45.0000  30.0000    1000.0000   3926983.2491   1724023.8352   5430435.0632
191050   45.0000  30.0000    1000.0000   3926983.2491   1724023.8352   5430435.0632
191550   45.0000  30.0000    1000.0000   3926983.2491   1724023.8352   5430435.0632
192050   45.0000  30.0000    1000.0000   3926983.2491   1724023.8352   5430435.0632
192550   45.0000  30.0000    1000.0000   3926983.2491   1724023.8352   5430435.0632
193050   45.0000  30.0000    1000.0000   3926983.2491   1724023.8352   5430435.0632
193550   45.0000  30.0000    1000.0000   3926983.2491   1724023.8352   5430435.0632
194050   45.0000  30.0000    1000.0000   3926983.2491   1724023.8352   5430435.0632
194550   45.0000  30.0000    1000.0000   3926983.2491   1724023.8352   5430435.0632
195050   45.0000  30.0000    1000.0000   3926983.2491   1724023.8352   5430435.0632
195550   45.0000  30.0000    1000.0000   3926983.2491   1724023.8352   5430435.0632
200050   45.0000  30.0000    1000.0000   3926983.2491   1724023.8352   5430435.0632
200550   45.0000  30.0000    1000.0000   3926983.2491   1724023.8352   5430435.0632
201050   45.0000  30.0000    1000.0000   3926983.2491   1724023.8352   5430435.0632
