X1712708 R_PNT     RP_TEST 1808 0000000   45 30.0 2025 127 085340 300 100   0   0 1     -1
085340   45.0000  30.0000    1000.0000   4620970.0058    951437.9638   5526696.3568
085840   45.0000  30.0000    1000.0000   4620970.0058    951437.9638   5526696.3568
090340   45.0000  30.0000    1000.0000   4620970.0058    951437.9638   5526696.3568
090840   45.0000  30.0000    1000.0000   4620970.0058    951437.9638   5526696.3568
091340   45.0000  30.0000    1000.0000   4620970.0058    951437.9638   5526696.3568
091840   45.0000  30.0000    1000.0000   4620970.0058    951437.9638   5526696.3568
092340   45.0000  30.0000    1000.0000   4620970.0058    951437.9638   5526696.3568
092840   45.0000  30.0000    1000.0000   4620970.0058    951437.9638   5526696.3568
093340   45.0000  30.0000    1000.0000   4620970.0058    951437.9638   5526696.3568
093840   45.0000  30.0000    1000.0000   4620970.0058    951437.9638   5526696.3568
094340   45.0000  30.0000    1000.0000   4620970.0058    951437.9638   5526696.3568
094840   45.0000  30.0000    1000.0000   4620970.0058    951437.9638   5526696.3568
095340   45.0000  30.0000    1000.0000   4620970.0058    951437.9638   5526696.3568
095840   45.0000  30.0000    1000.0000   4620970.0058    951437.9638   5526696.3568
100340   45.0000  30.0000    1000.0000   4620970.0058    951437.9638   5526696.3568
100840   45.0000  30.0000    1000.0000   4620970.0058    951437.9638   5526696.3568
101340   45.0000  30.0000    1000.0000   4620970.0058    951437.9638   5526696.3568
101840   45.0000  30.0000    1000.0000   4620970.0058    951437.9638   5526696.3568
102340   45.0000  30.0000    1000.0000   4620970.0058    951437.9638   5526696.3568
102840   45.0000  30.0000    1000.0000   4620970.0058    951437.9638   5526696.3568
103340   45.0000  30.0000    1000.0000   4620970.0058    951437.9638   5526696.3568
103840   45.0000  30.0000    1000.0000   4620970.0058    951437.9638   5526696.3568
104340   45.0000  30.0000    1000.0000   4620970.0058    951437.9638   5526696.3568
104840   45.0000  30.0000    1000.0000   4620970.0058    951437.9638   5526696.3568
105340   45.0000  30.0000    1000.0000   4620970.0058    951437.9638   5526696.3568
105840   45.0000  30.0000    1000.0000   4620970.0058    951437.9638   5526696.3568
110340   45.0000  30.0000    1000.0000   4620970.0058    951437.9638   5526696.3568
110840   45.0000  30.0000    1000.0000   4620970.0058    951437.9638   5526696.3568
111340   45.0000  30.0000    1000.0000   4620970.0058    951437.9638   5526696.3568
111840   45.0000  30.0000    1000.0000   4620970.0058    951437.9638   5526696.3568
112340   45.0000  30.0000    1000.0000   4620970.0058    951437.9638   5526696.3568
112840   45.0000  30.0000    1000.0000   4620970.0058    951437.9638   5526696.3568
113340   45.0000  30.0000    1000.0000   4620970.0058    951437.9638   5526696.3568
113840   45.0000  30.0000    1000.0000   4620970.0058    951437.9638   5526696.3568
114340   45.0000  30.0000    1000.0000   4620970.0058    951437.9638   5526696.3568
114840   45.0000  30.0000    1000.0000   4620970.0058    951437.9638   5526696.3568
115340   45.0000  30.0000    1000.0000   4620970.0058    951437.9638   5526696.3568
115840   45.0000  30.0000    1000.0000   4620970.0058    951437.9638   5526696.3568
120340   45.0000  30.0000    1000.0000   4620970.0058    951437.9638   5526696.3568
120840   45.0000  30.0000    1000.0000   4620970.0058    951437.9638   5526696.3568
121340   45.0000  30.0000    1000.0000   4620970.0058    951437.9638   5526696.3568
121840   45.0000  30.0000    1000.0000   4620970.0058    951437.9638   5526696.3568
122340   45.0000  30.0000    1000.0000   4620970.0058    951437.9638   5526696.3568
122840   45.0000  30.0000    1000.0000   4620970.0058    951437.9638   5526696.3568
123340   45.0000  30.0000    1000.0000   4620970.0058    951437.9638   5526696.3568
123840   45.0000  30.0000    1000.0000   4620970.0058    951437.9638   5526696.3568
124340   45.0000  30.0000    1000.0000   4620970.0058    951437.9638   5526696.3568
124840   45.0000  30.0000    1000.0000   4620970.0058    951437.9638   5526696.3568
125340   45.0000  30.0000    1000.0000   4620970.0058    951437.9638   5526696.3568
125840   45.0000  30.0000    1000.0000   4620970.0058    951437.9638   5526696.3568
130340   45.0000  30.0000    1000.0000   4620970.0058    951437.9638   5526696.3568
130840   45.0000  30.0000    1000.0000   4620970.0058    951437.9638   5526696.3568
131340   45.0000  30.0000    1000.0000   4620970.0058    951437.9638   5526696.3568
131840   45.0000  30.0000    1000.0000   4620970.0058    951437.9638   5526696.3568
132340   45.0000  30.0000    1000.0000   4620970.0058    951437.9638   5526696.3568
132840   45.0000  30.0000    1000.0000   4620970.0058    951437.9638   5526696.3568
133340   45.0000  30.0000    1000.0000   4620970.0058    951437.9638   5526696.3568
133840   45.0000  30.0000    1000.0000   4620970.0058    951437.9638   5526696.3568
134340   45.0000  30.0000    1000.0000   4620970.0058    951437.9638   5526696.3568
134840   45.0000  30.0000    1000.0000   4620970.0058    951437.9638   5526696.3568
135340   45.0000  30.0000    1000.0000   4620970.0058    951437.9638   5526696.3568
135840   45.0000  30.0000    1000.0000   4620970.0058    951437.9638   5526696.3568
140340   45.0000  30.0000    1000.0000   4620970.0058    951437.9638   5526696.3568
140840   45.0000  30.0000    1000.0000   4620970.0058    951437.9638   5526696.3568
141340   45.0000  30.0000    1000.0000   4620970.0058    951437.9638   5526696.3568
141840   45.0000  30.0000    1000.0000   4620970.0058    951437.9638   5526696.3568
142340   45.0000  30.0000    1000.0000   4620970.0058    951437.9638   5526696.3568
142840   45.0000  30.0000    1000.0000   4620970.0058    951437.9638   5526696.3568
143340   45.0000  30.0000    1000.0000   4620970.0058    951437.9638   5526696.3568
143840   45.0000  30.0000    1000.0000   4620970.0058    951437.9638   5526696.3568
144340   45.0000  30.0000    1000.0000   4620970.0058    951437.9638   5526696.3568
144840   45.0000  30.0000    1000.0000   4620970.0058    951437.9638   5526696.3568
145340   45.0000  30.0000    1000.0000   4620970.0058    951437.9638   5526696.3568
145840   45.0000  30.0000    1000.0000   4620970.0058    951437.9638   5526696.3568
150340   45.0000  30.0000    1000.0000   4620970.0058    951437.9638   5526696.3568
150840   45.0000  30.0000    1000.0000   4620970.0058    951437.9638   5526696.3568
151340   45.0000  30.0000    1000.0000   4620970.0058    951437.9638   5526696.3568
151840   45.0000  30.0000    1000.0000   4620970.0058    951437.9638   5526696.3568
152340   45.0000  30.0000    1000.0000   4620970.0058    951437.9638   5526696.3568
152840   45.0000  30.0000    1000.0000   4620970.0058    951437.9638   5526696.3568
153340   45.0000  30.0000    1000.0000   4620970.0058    951437.9638   5526696.3568
153840   45.0000  30.0000    1000.0000   4620970.0058    951437.9638   5526696.3568
154340   45.0000  30.0000    1000.0000   4620970.0058    951437.9638   5526696.3568
154840   45.0000  30.0000    1000.0000   4620970.0058    951437.9638   5526696.3568
155340   45.0000  30.0000    1000.0000   4620970.0058    951437.9638   5526696.3568
155840   45.0000  30.0000    1000.0000   4620970.0058    951437.9638   5526696.3568
160340   45.0000  30.0000    1000.0000   4620970.0058    951437.9638   5526696.3568
160840   45.0000  30.0000    1000.0000   4620970.0058    951437.9638   5526696.3568
161340   45.0000  30.0000    1000.0000   4620970.0058    951437.9638   5526696.3568
161840   45.0000  30.0000    1000.0000   4620970.0058    951437.9638   5526696.3568
162340   45.0000  30.0000    1000.0000   4620970.0058    951437.9638   5526696.3568
162840   45.0000  30.0000    1000.0000   4620970.0058    951437.9638   5526696.3568
163340   45.0000  30.0000    1000.0000   4620970.0058    951437.9638   5526696.3568
163840   45.0000  30.0000    1000.0000   4620970.0058    951437.9638   5526696.3568
164340   45.0000  30.0000    1000.0000   4620970.0058    951437.9638   5526696.3568
164840   45.0000  30.0000    1000.0000   4620970.0058    951437.9638   5526696.3568
165340   45.0000  30.0000    1000.0000   4620970.0058    951437.9638   5526696.3568
165840   45.0000  30.0000    1000.0000   4620970.0058    951437.9638   5526696.3568
170340   45.0000  30.0000    1000.0000   4620970.0058    951437.9638   5526696.3568
170840   45.0000  30.0000    1000.0000   4620970.0058    951437.9638   5526696.3568
