X1812711 R_PNT     RP_TEST 1808 0000000   45 45.0 2025 127 115550 300 100   0   0 1     -1
115550   45.0000  45.0000    1000.0000   4172227.6125   1675395.3943   5505527.1690
120050   45.0000  45.0000    1000.0000   4172227.6125   1675395.3943   5505527.1690
120550   45.0000  45.0000    1000.0000   4172227.6125   1675395.3943   5505527.1690
121050   45.0000  45.0000    1000.0000   4172227.6125   1675395.3943   5505527.1690
121550   45.0000  45.0000    1000.0000   4172227.6125   1675395.3943   5505527.1690
122050   45.0000  45.0000    1000.0000   4172227.6125   1675395.3943   5505527.1690
122550   45.0000  45.0000    1000.0000   4172227.6125   1675395.3943   5505527.1690
123050   45.0000  45.0000    1000.0000   4172227.6125   1675395.3943   5505527.1690
123550   45.0000  45.0000    1000.0000   4172227.6125   1675395.3943   5505527.1690
124050   45.0000  45.0000    1000.0000   4172227.6125   1675395.3943   5505527.1690
124550   45.0000  45.0000    1000.0000   4172227.6125   1675395.3943   5505527.1690
125050   45.0000  45.0000    1000.0000   4172227.6125   1675395.3943   5505527.1690
125550   45.0000  45.0000    1000.0000   4172227.6125   1675395.3943   5505527.1690
130050   45.0000  45.0000    1000.0000   4172227.6125   1675395.3943   5505527.1690
130550   45.0000  45.0000    1000.0000   4172227.6125   1675395.3943   5505527.1690
131050   45.0000  45.0000    1000.0000   4172227.6125   1675395.3943   5505527.1690
131550   45.0000  45.0000    1000.0000   4172227.6125   1675395.3943   5505527.1690
132050   45.0000  45.0000    1000.0000   4172227.6125   1675395.3943   5505527.1690
132550   45.0000  45.0000    1000.0000   4172227.6125   1675395.3943   5505527.1690
133050   45.0000  45.0000    1000.0000   4172227.6125   1675395.3943   5505527.1690
133550   45.0000  45.0000    1000.0000   4172227.6125   1675395.3943   5505527.1690
134050   45.0000  45.0000    1000.0000   4172227.6125   1675395.3943   5505527.1690
134550   45.0000  45.0000    1000.0000   4172227.6125   1675395.3943   5505527.1690
135050   45.0000  45.0000    1000.0000   4172227.6125   1675395.3943   5505527.1690
135550   45.0000  45.0000    1000.0000   4172227.6125   1675395.3943   5505527.1690
140050   45.0000  45.0000    1000.0000   4172227.6125   1675395.3943   5505527.1690
140550   45.0000  45.0000    1000.0000   4172227.6125   1675395.3943   5505527.1690
141050   45.0000  45.0000    1000.0000   4172227.6125   1675395.3943   5505527.1690
141550   45.0000  45.0000    1000.0000   4172227.6125   1675395.3943   5505527.1690
142050   45.0000  45.0000    1000.0000   4172227.6125   1675395.3943   5505527.1690
142550   45.0000  45.0000    1000.0000   4172227.6125   1675395.3943   5505527.1690
143050   45.0000  45.0000    1000.0000   4172227.6125   1675395.3943   5505527.1690
143550   45.0000  45.0000    1000.0000   4172227.6125   1675395.3943   5505527.1690
144050   45.0000  45.0000    1000.0000   4172227.6125   1675395.3943   5505527.1690
144550   45.0000  45.0000    1000.0000   4172227.6125   1675395.3943   5505527.1690
145050   45.0000  45.0000    1000.0000   4172227.6125   1675395.3943   5505527.1690
145550   45.0000  45.0000    1000.0000   4172227.6125   1675395.3943   5505527.1690
150050   45.0000  45.0000    1000.0000   4172227.6125   1675395.3943   5505527.1690
150550   45.0000  45.0000    1000.0000   4172227.6125   1675395.3943   5505527.1690
151050   45.0000  45.0000    1000.0000   4172227.6125   1675395.3943   5505527.1690
151550   45.0000  45.0000    1000.0000   4172227.6125   1675395.3943   5505527.1690
152050   45.0000  45.0000    1000.0000   4172227.6125   1675395.3943   5505527.1690
152550   45.0000  45.0000    1000.0000   4172227.6125   1675395.3943   5505527.1690
153050   45.0000  45.0000    1000.0000   4172227.6125   1675395.3943   5505527.1690
153550   45.0000  45.0000    1000.0000   4172227.6125   1675395.3943   5505527.1690
154050   45.0000  45.0000    1000.0000   4172227.6125   1675395.3943   5505527.1690
154550   45.0000  45.0000    1000.0000   4172227.6125   1675395.3943   5505527.1690
155050   45.0000  45.0000    1000.0000   4172227.6125   1675395.3943   5505527.1690
155550   45.0000  45.0000    1000.0000   4172227.6125   1675395.3943   5505527.1690
160050   45.0000  45.0000    1000.0000   4172227.6125   1675395.3943   5505527.1690
160550   45.0000  45.0000    1000.0000   4172227.6125   1675395.3943   5505527.1690
161050   45.0000  45.0000    1000.0000   4172227.6125   1675395.3943   5505527.1690
161550   45.0000  45.0000    1000.0000   4172227.6125   1675395.3943   5505527.1690
162050   45.0000  45.0000    1000.0000   4172227.6125   1675395.3943   5505527.1690
162550   45.0000  45.0000    1000.0000   4172227.6125   1675395.3943   5505527.1690
163050   45.0000  45.0000    1000.0000   4172227.6125   1675395.3943   5505527.1690
163550   45.0000  45.0000    1000.0000   4172227.6125   1675395.3943   5505527.1690
164050   45.0000  45.0000    1000.0000   4172227.6125   1675395.3943   5505527.1690
164550   45.0000  45.0000    1000.0000   4172227.6125   1675395.3943   5505527.1690
165050   45.0000  45.0000    1000.0000   4172227.6125   1675395.3943   5505527.1690
165550   45.0000  45.0000    1000.0000   4172227.6125   1675395.3943   5505527.1690
170050   45.0000  45.0000    1000.0000   4172227.6125   1675395.3943   5505527.1690
170550   45.0000  45.0000    1000.0000   4172227.6125   1675395.3943   5505527.1690
171050   45.0000  45.0000    1000.0000   4172227.6125   1675395.3943   5505527.1690
171550   45.0000  45.0000    1000.0000   4172227.6125   1675395.3943   5505527.1690
172050   45.0000  45.0000    1000.0000   4172227.6125   1675395.3943   5505527.1690
172550   45.0000  45.0000    1000.0000   4172227.6125   1675395.3943   5505527.1690
173050   45.0000  45.0000    1000.0000   4172227.6125   1675395.3943   5505527.1690
173550   45.0000  45.0000    1000.0000   4172227.6125   1675395.3943   5505527.1690
174050   45.0000  45.0000    1000.0000   4172227.6125   1675395.3943   5505527.1690
174550   45.0000  45.0000    1000.0000   4172227.6125   1675395.3943   5505527.1690
175050   45.0000  45.0000    1000.0000   4172227.6125   1675395.3943   5505527.1690
175550   45.0000  45.0000    1000.0000   4172227.6125   1675395.3943   5505527.1690
180050   45.0000  45.0000    1000.0000   4172227.6125   1675395.3943   5505527.1690
180550   45.0000  45.0000    1000.0000   4172227.6125   1675395.3943   5505527.1690
181050   45.0000  45.0000    1000.0000   4172227.6125   1675395.3943   5505527.1690
181550   45.0000  45.0000    1000.0000   4172227.6125   1675395.3943   5505527.1690
182050   45.0000  45.0000    1000.0000   4172227.6125   1675395.3943   5505527.1690
182550   45.0000  45.0000    1000.0000   4172227.6125   1675395.3943   5505527.1690
183050   45.0000  45.0000    1000.0000   4172227.6125   1675395.3943   5505527.1690
183550   45.0000  45.0000    1000.0000   4172227.6125   1675395.3943   5505527.1690
184050   45.0000  45.0000    1000.0000   4172227.6125   1675395.3943   5505527.1690
184550   45.0000  45.0000    1000.0000   4172227.6125   1675395.3943   5505527.1690
185050   45.0000  45.0000    1000.0000   4172227.6125   1675395.3943   5505527.1690
185550   45.0000  45.0000    1000.0000   4172227.6125   1675395.3943   5505527.1690
190050   45.0000  45.0000    1000.0000   4172227.6125   1675395.3943   5505527.1690
190550   45.0000  45.0000    1000.0000   4172227.6125   1675395.3943   5505527.1690
191050   45.0000  45.0000    1000.0000   4172227.6125   1675395.3943   5505527.1690
191550   45.0000  45.0000    1000.0000   4172227.6125   1675395.3943   5505527.1690
192050   45.0000  45.0000    1000.0000   4172227.6125   1675395.3943   5505527.1690
192550   45.0000  45.0000    1000.0000   4172227.6125   1675395.3943   5505527.1690
193050   45.0000  45.0000    1000.0000   4172227.6125   1675395.3943   5505527.1690
193550   45.0000  45.0000    1000.0000   4172227.6125   1675395.3943   5505527.1690
194050   45.0000  45.0000    1000.0000   4172227.6125   1675395.3943   5505527.1690
194550   45.0000  45.0000    1000.0000   4172227.6125   1675395.3943   5505527.1690
195050   45.0000  45.0000    1000.0000   4172227.6125   1675395.3943   5505527.1690
195550   45.0000  45.0000    1000.0000   4172227.6125   1675395.3943   5505527.1690
200050   45.0000  45.0000    1000.0000   4172227.6125   1675395.3943   5505527.1690
200550   45.0000  45.0000    1000.0000   4172227.6125   1675395.3943   5505527.1690
201050   45.0000  45.0000    1000.0000   4172227.6125   1675395.3943   5505527.1690
