X1812708 R_PNT     RP_TEST 1808 0000000   45 45.0 2025 127 085340 300 100   0   0 1     -1
085340   45.0000  45.0000    1000.0000   4542698.5582   1193768.3877   5584123.6458
085840   45.0000  45.0000    1000.0000   4542698.5582   1193768.3877   5584123.6458
090340   45.0000  45.0000    1000.0000   4542698.5582   1193768.3877   5584123.6458
090840   45.0000  45.0000    1000.0000   4542698.5582   1193768.3877   5584123.6458
091340   45.0000  45.0000    1000.0000   4542698.5582   1193768.3877   5584123.6458
091840   45.0000  45.0000    1000.0000   4542698.5582   1193768.3877   5584123.6458
092340   45.0000  45.0000    1000.0000   4542698.5582   1193768.3877   5584123.6458
092840   45.0000  45.0000    1000.0000   4542698.5582   1193768.3877   5584123.6458
093340   45.0000  45.0000    1000.0000   4542698.5582   1193768.3877   5584123.6458
093840   45.0000  45.0000    1000.0000   4542698.5582   1193768.3877   5584123.6458
094340   45.0000  45.0000    1000.0000   4542698.5582   1193768.3877   5584123.6458
094840   45.0000  45.0000    1000.0000   4542698.5582   1193768.3877   5584123.6458
095340   45.0000  45.0000    1000.0000   4542698.5582   1193768.3877   5584123.6458
095840   45.0000  45.0000    1000.0000   4542698.5582   1193768.3877   5584123.6458
100340   45.0000  45.0000    1000.0000   4542698.5582   1193768.3877   5584123.6458
100840   45.0000  45.0000    1000.0000   4542698.5582   1193768.3877   5584123.6458
101340   45.0000  45.0000    1000.0000   4542698.5582   1193768.3877   5584123.6458
101840   45.0000  45.0000    1000.0000   4542698.5582   1193768.3877   5584123.6458
102340   45.0000  45.0000    1000.0000   4542698.5582   1193768.3877   5584123.6458
102840   45.0000  45.0000    1000.0000   4542698.5582   1193768.3877   5584123.6458
103340   45.0000  45.0000    1000.0000   4542698.5582   1193768.3877   5584123.6458
103840   45.0000  45.0000    1000.0000   4542698.5582   1193768.3877   5584123.6458
104340   45.0000  45.0000    1000.0000   4542698.5582   1193768.3877   5584123.6458
104840   45.0000  45.0000    1000.0000   4542698.5582   1193768.3877   5584123.6458
105340   45.0000  45.0000    1000.0000   4542698.5582   1193768.3877   5584123.6458
105840   45.0000  45.0000    1000.0000   4542698.5582   1193768.3877   5584123.6458
110340   45.0000  45.0000    1000.0000   4542698.5582   1193768.3877   5584123.6458
110840   45.0000  45.0000    1000.0000   4542698.5582   1193768.3877   5584123.6458
111340   45.0000  45.0000    1000.0000   4542698.5582   1193768.3877   5584123.6458
111840   45.0000  45.0000    1000.0000   4542698.5582   1193768.3877   5584123.6458
112340   45.0000  45.0000    1000.0000   4542698.5582   1193768.3877   5584123.6458
112840   45.0000  45.0000    1000.0000   4542698.5582   1193768.3877   5584123.6458
113340   45.0000  45.0000    1000.0000   4542698.5582   1193768.3877   5584123.6458
113840   45.0000  45.0000    1000.0000   4542698.5582   1193768.3877   5584123.6458
114340   45.0000  45.0000    1000.0000   4542698.5582   1193768.3877   5584123.6458
114840   45.0000  45.0000    1000.0000   4542698.5582   1193768.3877   5584123.6458
115340   45.0000  45.0000    1000.0000   4542698.5582   1193768.3877   5584123.6458
115840   45.0000  45.0000    1000.0000   4542698.5582   1193768.3877   5584123.6458
120340   45.0000  45.0000    1000.0000   4542698.5582   1193768.3877   5584123.6458
120840   45.0000  45.0000    1000.0000   4542698.5582   1193768.3877   5584123.6458
121340   45.0000  45.0000    1000.0000   4542698.5582   1193768.3877   5584123.6458
121840   45.0000  45.0000    1000.0000   4542698.5582   1193768.3877   5584123.6458
122340   45.0000  45.0000    1000.0000   4542698.5582   1193768.3877   5584123.6458
122840   45.0000  45.0000    1000.0000   4542698.5582   1193768.3877   5584123.6458
123340   45.0000  45.0000    1000.0000   4542698.5582   1193768.3877   5584123.6458
123840   45.0000  45.0000    1000.0000   4542698.5582   1193768.3877   5584123.6458
124340   45.0000  45.0000    1000.0000   4542698.5582   1193768.3877   5584123.6458
124840   45.0000  45.0000    1000.0000   4542698.5582   1193768.3877   5584123.6458
125340   45.0000  45.0000    1000.0000   4542698.5582   1193768.3877   5584123.6458
125840   45.0000  45.0000    1000.0000   4542698.5582   1193768.3877   5584123.6458
130340   45.0000  45.0000    1000.0000   4542698.5582   1193768.3877   5584123.6458
130840   45.0000  45.0000    1000.0000   4542698.5582   1193768.3877   5584123.6458
131340   45.0000  45.0000    1000.0000   4542698.5582   1193768.3877   5584123.6458
131840   45.0000  45.0000    1000.0000   4542698.5582   1193768.3877   5584123.6458
132340   45.0000  45.0000    1000.0000   4542698.5582   1193768.3877   5584123.6458
132840   45.0000  45.0000    1000.0000   4542698.5582   1193768.3877   5584123.6458
133340   45.0000  45.0000    1000.0000   4542698.5582   1193768.3877   5584123.6458
133840   45.0000  45.0000    1000.0000   4542698.5582   1193768.3877   5584123.6458
134340   45.0000  45.0000    1000.0000   4542698.5582   1193768.3877   5584123.6458
134840   45.0000  45.0000    1000.0000   4542698.5582   1193768.3877   5584123.6458
135340   45.0000  45.0000    1000.0000   4542698.5582   1193768.3877   5584123.6458
135840   45.0000  45.0000    1000.0000   4542698.5582   1193768.3877   5584123.6458
140340   45.0000  45.0000    1000.0000   4542698.5582   1193768.3877   5584123.6458
140840   45.0000  45.0000    1000.0000   4542698.5582   1193768.3877   5584123.6458
141340   45.0000  45.0000    1000.0000   4542698.5582   1193768.3877   5584123.6458
141840   45.0000  45.0000    1000.0000   4542698.5582   1193768.3877   5584123.6458
142340   45.0000  45.0000    1000.0000   4542698.5582   1193768.3877   5584123.6458
142840   45.0000  45.0000    1000.0000   4542698.5582   1193768.3877   5584123.6458
143340   45.0000  45.0000    1000.0000   4542698.5582   1193768.3877   5584123.6458
143840   45.0000  45.0000    1000.0000   4542698.5582   1193768.3877   5584123.6458
144340   45.0000  45.0000    1000.0000   4542698.5582   1193768.3877   5584123.6458
144840   45.0000  45.0000    1000.0000   4542698.5582   1193768.3877   5584123.6458
145340   45.0000  45.0000    1000.0000   4542698.5582   1193768.3877   5584123.6458
145840   45.0000  45.0000    1000.0000   4542698.5582   1193768.3877   5584123.6458
150340   45.0000  45.0000    1000.0000   4542698.5582   1193768.3877   5584123.6458
150840   45.0000  45.0000    1000.0000   4542698.5582   1193768.3877   5584123.6458
151340   45.0000  45.0000    1000.0000   4542698.5582   1193768.3877   5584123.6458
151840   45.0000  45.0000    1000.0000   4542698.5582   1193768.3877   5584123.6458
152340   45.0000  45.0000    1000.0000   4542698.5582   1193768.3877   5584123.6458
152840   45.0000  45.0000    1000.0000   4542698.5582   1193768.3877   5584123.6458
153340   45.0000  45.0000    1000.0000   4542698.5582   1193768.3877   5584123.6458
153840   45.0000  45.0000    1000.0000   4542698.5582   1193768.3877   5584123.6458
154340   45.0000  45.0000    1000.0000   4542698.5582   1193768.3877   5584123.6458
154840   45.0000  45.0000    1000.0000   4542698.5582   1193768.3877   5584123.6458
155340   45.0000  45.0000    1000.0000   4542698.5582   1193768.3877   5584123.6458
155840   45.0000  45.0000    1000.0000   4542698.5582   1193768.3877   5584123.6458
160340   45.0000  45.0000    1000.0000   4542698.5582   1193768.3877   5584123.6458
160840   45.0000  45.0000    1000.0000   4542698.5582   1193768.3877   5584123.6458
161340   45.0000  45.0000    1000.0000   4542698.5582   1193768.3877   5584123.6458
161840   45.0000  45.0000    1000.0000   4542698.5582   1193768.3877   5584123.6458
162340   45.0000  45.0000    1000.0000   4542698.5582   1193768.3877   5584123.6458
162840   45.0000  45.0000    1000.0000   4542698.5582   1193768.3877   5584123.6458
163340   45.0000  45.0000    1000.0000   4542698.5582   1193768.3877   5584123.6458
163840   45.0000  45.0000    1000.0000   4542698.5582   1193768.3877   5584123.6458
164340   45.0000  45.0000    1000.0000   4542698.5582   1193768.3877   5584123.6458
164840   45.0000  45.0000    1000.0000   4542698.5582   1193768.3877   5584123.6458
165340   45.0000  45.0000    1000.0000   4542698.5582   1193768.3877   5584123.6458
165840   45.0000  45.0000    1000.0000   4542698.5582   1193768.3877   5584123.6458
170340   45.0000  45.0000    1000.0000   4542698.5582   1193768.3877   5584123.6458
170840   45.0000  45.0000    1000.0000   4542698.5582   1193768.3877   5584123.6458
