X1816110 R_PNT     RP_TEST 1808 0000000   45 45.0 2025 161 102527 300 100   0   0 1     -1
102527   45.0000  45.0000    1000.0000   4172227.6125   1675395.3943   5505527.1690
102707   45.0000  45.0000    1000.0000   4172227.6125   1675395.3943   5505527.1690
102847   45.0000  45.0000    1000.0000   4172227.6125   1675395.3943   5505527.1690
103027   45.0000  45.0000    1000.0000   4172227.6125   1675395.3943   5505527.1690
103207   45.0000  45.0000    1000.0000   4172227.6125   1675395.3943   5505527.1690
103347   45.0000  45.0000    1000.0000   4172227.6125   1675395.3943   5505527.1690
103527   45.0000  45.0000    1000.0000   4172227.6125   1675395.3943   5505527.1690
103707   45.0000  45.0000    1000.0000   4172227.6125   1675395.3943   5505527.1690
103847   45.0000  45.0000    1000.0000   4172227.6125   1675395.3943   5505527.1690
104027   45.0000  45.0000    1000.0000   4172227.6125   1675395.3943   5505527.1690
104207   45.0000  45.0000    1000.0000   4172227.6125   1675395.3943   5505527.1690
104347   45.0000  45.0000    1000.0000   4172227.6125   1675395.3943   5505527.1690
104527   45.0000  45.0000    1000.0000   4172227.6125   1675395.3943   5505527.1690
104707   45.0000  45.0000    1000.0000   4172227.6125   1675395.3943   5505527.1690
104847   45.0000  45.0000    1000.0000   4172227.6125   1675395.3943   5505527.1690
105027   45.0000  45.0000    1000.0000   4172227.6125   1675395.3943   5505527.1690
105207   45.0000  45.0000    1000.0000   4172227.6125   1675395.3943   5505527.1690
105347   45.0000  45.0000    1000.0000   4172227.6125   1675395.3943   5505527.1690
105527   45.0000  45.0000    1000.0000   4172227.6125   1675395.3943   5505527.1690
105707   45.0000  45.0000    1000.0000   4172227.6125   1675395.3943   5505527.1690
105847   45.0000  45.0000    1000.0000   4172227.6125   1675395.3943   5505527.1690
110027   45.0000  45.0000    1000.0000   4172227.6125   1675395.3943   5505527.1690
110207   45.0000  45.0000    1000.0000   4172227.6125   1675395.3943   5505527.1690
110347   45.0000  45.0000    1000.0000   4172227.6125   1675395.3943   5505527.1690
110527   45.0000  45.0000    1000.0000   4172227.6125   1675395.3943   5505527.1690
110707   45.0000  45.0000    1000.0000   4172227.6125   1675395.3943   5505527.1690
110847   45.0000  45.0000    1000.0000   4172227.6125   1675395.3943   5505527.1690
111027   45.0000  45.0000    1000.0000   4172227.6125   1675395.3943   5505527.1690
111207   45.0000  45.0000    1000.0000   4172227.6125   1675395.3943   5505527.1690
111347   45.0000  45.0000    1000.0000   4172227.6125   1675395.3943   5505527.1690
111527   45.0000  45.0000    1000.0000   4172227.6125   1675395.3943   5505527.1690
111707   45.0000  45.0000    1000.0000   4172227.6125   1675395.3943   5505527.1690
111847   45.0000  45.0000    1000.0000   4172227.6125   1675395.3943   5505527.1690
112027   45.0000  45.0000    1000.0000   4172227.6125   1675395.3943   5505527.1690
112207   45.0000  45.0000    1000.0000   4172227.6125   1675395.3943   5505527.1690
112347   45.0000  45.0000    1000.0000   4172227.6125   1675395.3943   5505527.1690
112527   45.0000  45.0000    1000.0000   4172227.6125   1675395.3943   5505527.1690
112707   45.0000  45.0000    1000.0000   4172227.6125   1675395.3943   5505527.1690
112847   45.0000  45.0000    1000.0000   4172227.6125   1675395.3943   5505527.1690
113027   45.0000  45.0000    1000.0000   4172227.6125   1675395.3943   5505527.1690
113207   45.0000  45.0000    1000.0000   4172227.6125   1675395.3943   5505527.1690
113347   45.0000  45.0000    1000.0000   4172227.6125   1675395.3943   5505527.1690
113527   45.0000  45.0000    1000.0000   4172227.6125   1675395.3943   5505527.1690
113707   45.0000  45.0000    1000.0000   4172227.6125   1675395.3943   5505527.1690
113847   45.0000  45.0000    1000.0000   4172227.6125   1675395.3943   5505527.1690
114027   45.0000  45.0000    1000.0000   4172227.6125   1675395.3943   5505527.1690
114207   45.0000  45.0000    1000.0000   4172227.6125   1675395.3943   5505527.1690
114347   45.0000  45.0000    1000.0000   4172227.6125   1675395.3943   5505527.1690
114527   45.0000  45.0000    1000.0000   4172227.6125   1675395.3943   5505527.1690
114707   45.0000  45.0000    1000.0000   4172227.6125   1675395.3943   5505527.1690
114847   45.0000  45.0000    1000.0000   4172227.6125   1675395.3943   5505527.1690
115027   45.0000  45.0000    1000.0000   4172227.6125   1675395.3943   5505527.1690
115207   45.0000  45.0000    1000.0000   4172227.6125   1675395.3943   5505527.1690
115347   45.0000  45.0000    1000.0000   4172227.6125   1675395.3943   5505527.1690
115527   45.0000  45.0000    1000.0000   4172227.6125   1675395.3943   5505527.1690
115707   45.0000  45.0000    1000.0000   4172227.6125   1675395.3943   5505527.1690
115847   45.0000  45.0000    1000.0000   4172227.6125   1675395.3943   5505527.1690
120027   45.0000  45.0000    1000.0000   4172227.6125   1675395.3943   5505527.1690
120207   45.0000  45.0000    1000.0000   4172227.6125   1675395.3943   5505527.1690
120347   45.0000  45.0000    1000.0000   4172227.6125   1675395.3943   5505527.1690
120527   45.0000  45.0000    1000.0000   4172227.6125   1675395.3943   5505527.1690
120707   45.0000  45.0000    1000.0000   4172227.6125   1675395.3943   5505527.1690
120847   45.0000  45.0000    1000.0000   4172227.6125   1675395.3943   5505527.1690
121027   45.0000  45.0000    1000.0000   4172227.6125   1675395.3943   5505527.1690
121207   45.0000  45.0000    1000.0000   4172227.6125   1675395.3943   5505527.1690
121347   45.0000  45.0000    1000.0000   4172227.6125   1675395.3943   5505527.1690
121527   45.0000  45.0000    1000.0000   4172227.6125   1675395.3943   5505527.1690
121707   45.0000  45.0000    1000.0000   4172227.6125   1675395.3943   5505527.1690
121847   45.0000  45.0000    1000.0000   4172227.6125   1675395.3943   5505527.1690
122027   45.0000  45.0000    1000.0000   4172227.6125   1675395.3943   5505527.1690
122207   45.0000  45.0000    1000.0000   4172227.6125   1675395.3943   5505527.1690
122347   45.0000  45.0000    1000.0000   4172227.6125   1675395.3943   5505527.1690
122527   45.0000  45.0000    1000.0000   4172227.6125   1675395.3943   5505527.1690
122707   45.0000  45.0000    1000.0000   4172227.6125   1675395.3943   5505527.1690
122847   45.0000  45.0000    1000.0000   4172227.6125   1675395.3943   5505527.1690
123027   45.0000  45.0000    1000.0000   4172227.6125   1675395.3943   5505527.1690
123207   45.0000  45.0000    1000.0000   4172227.6125   1675395.3943   5505527.1690
123347   45.0000  45.0000    1000.0000   4172227.6125   1675395.3943   5505527.1690
123527   45.0000  45.0000    1000.0000   4172227.6125   1675395.3943   5505527.1690
123707   45.0000  45.0000    1000.0000   4172227.6125   1675395.3943   5505527.1690
123847   45.0000  45.0000    1000.0000   4172227.6125   1675395.3943   5505527.1690
124027   45.0000  45.0000    1000.0000   4172227.6125   1675395.3943   5505527.1690
124207   45.0000  45.0000    1000.0000   4172227.6125   1675395.3943   5505527.1690
124347   45.0000  45.0000    1000.0000   4172227.6125   1675395.3943   5505527.1690
124527   45.0000  45.0000    1000.0000   4172227.6125   1675395.3943   5505527.1690
124707   45.0000  45.0000    1000.0000   4172227.6125   1675395.3943   5505527.1690
124847   45.0000  45.0000    1000.0000   4172227.6125   1675395.3943   5505527.1690
125027   45.0000  45.0000    1000.0000   4172227.6125   1675395.3943   5505527.1690
125207   45.0000  45.0000    1000.0000   4172227.6125   1675395.3943   5505527.1690
125347   45.0000  45.0000    1000.0000   4172227.6125   1675395.3943   5505527.1690
125527   45.0000  45.0000    1000.0000   4172227.6125   1675395.3943   5505527.1690
125707   45.0000  45.0000    1000.0000   4172227.6125   1675395.3943   5505527.1690
125847   45.0000  45.0000    1000.0000   4172227.6125   1675395.3943   5505527.1690
130027   45.0000  45.0000    1000.0000   4172227.6125   1675395.3943   5505527.1690
130207   45.0000  45.0000    1000.0000   4172227.6125   1675395.3943   5505527.1690
130347   45.0000  45.0000    1000.0000   4172227.6125   1675395.3943   5505527.1690
130527   45.0000  45.0000    1000.0000   4172227.6125   1675395.3943   5505527.1690
130707   45.0000  45.0000    1000.0000   4172227.6125   1675395.3943   5505527.1690
130847   45.0000  45.0000    1000.0000   4172227.6125   1675395.3943   5505527.1690
131027   45.0000  45.0000    1000.0000   4172227.6125   1675395.3943   5505527.1690
