X1912711 R_PNT     RP_TEST 1808 0000000   45 60.0 2025 127 115550 300 100   0   0 1     -1
115550   45.0000  60.0000    1000.0000   4418984.7662   1591827.2348   5522128.8928
120050   45.0000  60.0000    1000.0000   4418984.7662   1591827.2348   5522128.8928
120550   45.0000  60.0000    1000.0000   4418984.7662   1591827.2348   5522128.8928
121050   45.0000  60.0000    1000.0000   4418984.7662   1591827.2348   5522128.8928
121550   45.0000  60.0000    1000.0000   4418984.7662   1591827.2348   5522128.8928
122050   45.0000  60.0000    1000.0000   4418984.7662   1591827.2348   5522128.8928
122550   45.0000  60.0000    1000.0000   4418984.7662   1591827.2348   5522128.8928
123050   45.0000  60.0000    1000.0000   4418984.7662   1591827.2348   5522128.8928
123550   45.0000  60.0000    1000.0000   4418984.7662   1591827.2348   5522128.8928
124050   45.0000  60.0000    1000.0000   4418984.7662   1591827.2348   5522128.8928
124550   45.0000  60.0000    1000.0000   4418984.7662   1591827.2348   5522128.8928
125050   45.0000  60.0000    1000.0000   4418984.7662   1591827.2348   5522128.8928
125550   45.0000  60.0000    1000.0000   4418984.7662   1591827.2348   5522128.8928
130050   45.0000  60.0000    1000.0000   4418984.7662   1591827.2348   5522128.8928
130550   45.0000  60.0000    1000.0000   4418984.7662   1591827.2348   5522128.8928
131050   45.0000  60.0000    1000.0000   4418984.7662   1591827.2348   5522128.8928
131550   45.0000  60.0000    1000.0000   4418984.7662   1591827.2348   5522128.8928
132050   45.0000  60.0000    1000.0000   4418984.7662   1591827.2348   5522128.8928
132550   45.0000  60.0000    1000.0000   4418984.7662   1591827.2348   5522128.8928
133050   45.0000  60.0000    1000.0000   4418984.7662   1591827.2348   5522128.8928
133550   45.0000  60.0000    1000.0000   4418984.7662   1591827.2348   5522128.8928
134050   45.0000  60.0000    1000.0000   4418984.7662   1591827.2348   5522128.8928
134550   45.0000  60.0000    1000.0000   4418984.7662   1591827.2348   5522128.8928
135050   45.0000  60.0000    1000.0000   4418984.7662   1591827.2348   5522128.8928
135550   45.0000  60.0000    1000.0000   4418984.7662   1591827.2348   5522128.8928
140050   45.0000  60.0000    1000.0000   4418984.7662   1591827.2348   5522128.8928
140550   45.0000  60.0000    1000.0000   4418984.7662   1591827.2348   5522128.8928
141050   45.0000  60.0000    1000.0000   4418984.7662   1591827.2348   5522128.8928
141550   45.0000  60.0000    1000.0000   4418984.7662   1591827.2348   5522128.8928
142050   45.0000  60.0000    1000.0000   4418984.7662   1591827.2348   5522128.8928
142550   45.0000  60.0000    1000.0000   4418984.7662   1591827.2348   5522128.8928
143050   45.0000  60.0000    1000.0000   4418984.7662   1591827.2348   5522128.8928
143550   45.0000  60.0000    1000.0000   4418984.7662   1591827.2348   5522128.8928
144050   45.0000  60.0000    1000.0000   4418984.7662   1591827.2348   5522128.8928
144550   45.0000  60.0000    1000.0000   4418984.7662   1591827.2348   5522128.8928
145050   45.0000  60.0000    1000.0000   4418984.7662   1591827.2348   5522128.8928
145550   45.0000  60.0000    1000.0000   4418984.7662   1591827.2348   5522128.8928
150050   45.0000  60.0000    1000.0000   4418984.7662   1591827.2348   5522128.8928
150550   45.0000  60.0000    1000.0000   4418984.7662   1591827.2348   5522128.8928
151050   45.0000  60.0000    1000.0000   4418984.7662   1591827.2348   5522128.8928
151550   45.0000  60.0000    1000.0000   4418984.7662   1591827.2348   5522128.8928
152050   45.0000  60.0000    1000.0000   4418984.7662   1591827.2348   5522128.8928
152550   45.0000  60.0000    1000.0000   4418984.7662   1591827.2348   5522128.8928
153050   45.0000  60.0000    1000.0000   4418984.7662   1591827.2348   5522128.8928
153550   45.0000  60.0000    1000.0000   4418984.7662   1591827.2348   5522128.8928
154050   45.0000  60.0000    1000.0000   4418984.7662   1591827.2348   5522128.8928
154550   45.0000  60.0000    1000.0000   4418984.7662   1591827.2348   5522128.8928
155050   45.0000  60.0000    1000.0000   4418984.7662   1591827.2348   5522128.8928
155550   45.0000  60.0000    1000.0000   4418984.7662   1591827.2348   5522128.8928
160050   45.0000  60.0000    1000.0000   4418984.7662   1591827.2348   5522128.8928
160550   45.0000  60.0000    1000.0000   4418984.7662   1591827.2348   5522128.8928
161050   45.0000  60.0000    1000.0000   4418984.7662   1591827.2348   5522128.8928
161550   45.0000  60.0000    1000.0000   4418984.7662   1591827.2348   5522128.8928
162050   45.0000  60.0000    1000.0000   4418984.7662   1591827.2348   5522128.8928
162550   45.0000  60.0000    1000.0000   4418984.7662   1591827.2348   5522128.8928
163050   45.0000  60.0000    1000.0000   4418984.7662   1591827.2348   5522128.8928
163550   45.0000  60.0000    1000.0000   4418984.7662   1591827.2348   5522128.8928
164050   45.0000  60.0000    1000.0000   4418984.7662   1591827.2348   5522128.8928
164550   45.0000  60.0000    1000.0000   4418984.7662   1591827.2348   5522128.8928
165050   45.0000  60.0000    1000.0000   4418984.7662   1591827.2348   5522128.8928
165550   45.0000  60.0000    1000.0000   4418984.7662   1591827.2348   5522128.8928
170050   45.0000  60.0000    1000.0000   4418984.7662   1591827.2348   5522128.8928
170550   45.0000  60.0000    1000.0000   4418984.7662   1591827.2348   5522128.8928
171050   45.0000  60.0000    1000.0000   4418984.7662   1591827.2348   5522128.8928
171550   45.0000  60.0000    1000.0000   4418984.7662   1591827.2348   5522128.8928
172050   45.0000  60.0000    1000.0000   4418984.7662   1591827.2348   5522128.8928
172550   45.0000  60.0000    1000.0000   4418984.7662   1591827.2348   5522128.8928
173050   45.0000  60.0000    1000.0000   4418984.7662   1591827.2348   5522128.8928
173550   45.0000  60.0000    1000.0000   4418984.7662   1591827.2348   5522128.8928
174050   45.0000  60.0000    1000.0000   4418984.7662   1591827.2348   5522128.8928
174550   45.0000  60.0000    1000.0000   4418984.7662   1591827.2348   5522128.8928
175050   45.0000  60.0000    1000.0000   4418984.7662   1591827.2348   5522128.8928
175550   45.0000  60.0000    1000.0000   4418984.7662   1591827.2348   5522128.8928
180050   45.0000  60.0000    1000.0000   4418984.7662   1591827.2348   5522128.8928
180550   45.0000  60.0000    1000.0000   4418984.7662   1591827.2348   5522128.8928
181050   45.0000  60.0000    1000.0000   4418984.7662   1591827.2348   5522128.8928
181550   45.0000  60.0000    1000.0000   4418984.7662   1591827.2348   5522128.8928
182050   45.0000  60.0000    1000.0000   4418984.7662   1591827.2348   5522128.8928
182550   45.0000  60.0000    1000.0000   4418984.7662   1591827.2348   5522128.8928
183050   45.0000  60.0000    1000.0000   4418984.7662   1591827.2348   5522128.8928
183550   45.0000  60.0000    1000.0000   4418984.7662   1591827.2348   5522128.8928
184050   45.0000  60.0000    1000.0000   4418984.7662   1591827.2348   5522128.8928
184550   45.0000  60.0000    1000.0000   4418984.7662   1591827.2348   5522128.8928
185050   45.0000  60.0000    1000.0000   4418984.7662   1591827.2348   5522128.8928
185550   45.0000  60.0000    1000.0000   4418984.7662   1591827.2348   5522128.8928
190050   45.0000  60.0000    1000.0000   4418984.7662   1591827.2348   5522128.8928
190550   45.0000  60.0000    1000.0000   4418984.7662   1591827.2348   5522128.8928
191050   45.0000  60.0000    1000.0000   4418984.7662   1591827.2348   5522128.8928
191550   45.0000  60.0000    1000.0000   4418984.7662   1591827.2348   5522128.8928
192050   45.0000  60.0000    1000.0000   4418984.7662   1591827.2348   5522128.8928
192550   45.0000  60.0000    1000.0000   4418984.7662   1591827.2348   5522128.8928
193050   45.0000  60.0000    1000.0000   4418984.7662   1591827.2348   5522128.8928
193550   45.0000  60.0000    1000.0000   4418984.7662   1591827.2348   5522128.8928
194050   45.0000  60.0000    1000.0000   4418984.7662   1591827.2348   5522128.8928
194550   45.0000  60.0000    1000.0000   4418984.7662   1591827.2348   5522128.8928
195050   45.0000  60.0000    1000.0000   4418984.7662   1591827.2348   5522128.8928
195550   45.0000  60.0000    1000.0000   4418984.7662   1591827.2348   5522128.8928
200050   45.0000  60.0000    1000.0000   4418984.7662   1591827.2348   5522128.8928
200550   45.0000  60.0000    1000.0000   4418984.7662   1591827.2348   5522128.8928
201050   45.0000  60.0000    1000.0000   4418984.7662   1591827.2348   5522128.8928
