X1916110 R_PNT     RP_TEST 1808 0000000   45 60.0 2025 161 102527 300 100   0   0 1     -1
102527   45.0000  60.0000    1000.0000   4418984.7662   1591827.2348   5522128.8928
102707   45.0000  60.0000    1000.0000   4418984.7662   1591827.2348   5522128.8928
102847   45.0000  60.0000    1000.0000   4418984.7662   1591827.2348   5522128.8928
103027   45.0000  60.0000    1000.0000   4418984.7662   1591827.2348   5522128.8928
103207   45.0000  60.0000    1000.0000   4418984.7662   1591827.2348   5522128.8928
103347   45.0000  60.0000    1000.0000   4418984.7662   1591827.2348   5522128.8928
103527   45.0000  60.0000    1000.0000   4418984.7662   1591827.2348   5522128.8928
103707   45.0000  60.0000    1000.0000   4418984.7662   1591827.2348   5522128.8928
103847   45.0000  60.0000    1000.0000   4418984.7662   1591827.2348   5522128.8928
104027   45.0000  60.0000    1000.0000   4418984.7662   1591827.2348   5522128.8928
104207   45.0000  60.0000    1000.0000   4418984.7662   1591827.2348   5522128.8928
104347   45.0000  60.0000    1000.0000   4418984.7662   1591827.2348   5522128.8928
104527   45.0000  60.0000    1000.0000   4418984.7662   1591827.2348   5522128.8928
104707   45.0000  60.0000    1000.0000   4418984.7662   1591827.2348   5522128.8928
104847   45.0000  60.0000    1000.0000   4418984.7662   1591827.2348   5522128.8928
105027   45.0000  60.0000    1000.0000   4418984.7662   1591827.2348   5522128.8928
105207   45.0000  60.0000    1000.0000   4418984.7662   1591827.2348   5522128.8928
105347   45.0000  60.0000    1000.0000   4418984.7662   1591827.2348   5522128.8928
105527   45.0000  60.0000    1000.0000   4418984.7662   1591827.2348   5522128.8928
105707   45.0000  60.0000    1000.0000   4418984.7662   1591827.2348   5522128.8928
105847   45.0000  60.0000    1000.0000   4418984.7662   1591827.2348   5522128.8928
110027   45.0000  60.0000    1000.0000   4418984.7662   1591827.2348   5522128.8928
110207   45.0000  60.0000    1000.0000   4418984.7662   1591827.2348   5522128.8928
110347   45.0000  60.0000    1000.0000   4418984.7662   1591827.2348   5522128.8928
110527   45.0000  60.0000    1000.0000   4418984.7662   1591827.2348   5522128.8928
110707   45.0000  60.0000    1000.0000   4418984.7662   1591827.2348   5522128.8928
110847   45.0000  60.0000    1000.0000   4418984.7662   1591827.2348   5522128.8928
111027   45.0000  60.0000    1000.0000   4418984.7662   1591827.2348   5522128.8928
111207   45.0000  60.0000    1000.0000   4418984.7662   1591827.2348   5522128.8928
111347   45.0000  60.0000    1000.0000   4418984.7662   1591827.2348   5522128.8928
111527   45.0000  60.0000    1000.0000   4418984.7662   1591827.2348   5522128.8928
111707   45.0000  60.0000    1000.0000   4418984.7662   1591827.2348   5522128.8928
111847   45.0000  60.0000    1000.0000   4418984.7662   1591827.2348   5522128.8928
112027   45.0000  60.0000    1000.0000   4418984.7662   1591827.2348   5522128.8928
112207   45.0000  60.0000    1000.0000   4418984.7662   1591827.2348   5522128.8928
112347   45.0000  60.0000    1000.0000   4418984.7662   1591827.2348   5522128.8928
112527   45.0000  60.0000    1000.0000   4418984.7662   1591827.2348   5522128.8928
112707   45.0000  60.0000    1000.0000   4418984.7662   1591827.2348   5522128.8928
112847   45.0000  60.0000    1000.0000   4418984.7662   1591827.2348   5522128.8928
113027   45.0000  60.0000    1000.0000   4418984.7662   1591827.2348   5522128.8928
113207   45.0000  60.0000    1000.0000   4418984.7662   1591827.2348   5522128.8928
113347   45.0000  60.0000    1000.0000   4418984.7662   1591827.2348   5522128.8928
113527   45.0000  60.0000    1000.0000   4418984.7662   1591827.2348   5522128.8928
113707   45.0000  60.0000    1000.0000   4418984.7662   1591827.2348   5522128.8928
113847   45.0000  60.0000    1000.0000   4418984.7662   1591827.2348   5522128.8928
114027   45.0000  60.0000    1000.0000   4418984.7662   1591827.2348   5522128.8928
114207   45.0000  60.0000    1000.0000   4418984.7662   1591827.2348   5522128.8928
114347   45.0000  60.0000    1000.0000   4418984.7662   1591827.2348   5522128.8928
114527   45.0000  60.0000    1000.0000   4418984.7662   1591827.2348   5522128.8928
114707   45.0000  60.0000    1000.0000   4418984.7662   1591827.2348   5522128.8928
114847   45.0000  60.0000    1000.0000   4418984.7662   1591827.2348   5522128.8928
115027   45.0000  60.0000    1000.0000   4418984.7662   1591827.2348   5522128.8928
115207   45.0000  60.0000    1000.0000   4418984.7662   1591827.2348   5522128.8928
115347   45.0000  60.0000    1000.0000   4418984.7662   1591827.2348   5522128.8928
115527   45.0000  60.0000    1000.0000   4418984.7662   1591827.2348   5522128.8928
115707   45.0000  60.0000    1000.0000   4418984.7662   1591827.2348   5522128.8928
115847   45.0000  60.0000    1000.0000   4418984.7662   1591827.2348   5522128.8928
120027   45.0000  60.0000    1000.0000   4418984.7662   1591827.2348   5522128.8928
120207   45.0000  60.0000    1000.0000   4418984.7662   1591827.2348   5522128.8928
120347   45.0000  60.0000    1000.0000   4418984.7662   1591827.2348   5522128.8928
120527   45.0000  60.0000    1000.0000   4418984.7662   1591827.2348   5522128.8928
120707   45.0000  60.0000    1000.0000   4418984.7662   1591827.2348   5522128.8928
120847   45.0000  60.0000    1000.0000   4418984.7662   1591827.2348   5522128.8928
121027   45.0000  60.0000    1000.0000   4418984.7662   1591827.2348   5522128.8928
121207   45.0000  60.0000    1000.0000   4418984.7662   1591827.2348   5522128.8928
121347   45.0000  60.0000    1000.0000   4418984.7662   1591827.2348   5522128.8928
121527   45.0000  60.0000    1000.0000   4418984.7662   1591827.2348   5522128.8928
121707   45.0000  60.0000    1000.0000   4418984.7662   1591827.2348   5522128.8928
121847   45.0000  60.0000    1000.0000   4418984.7662   1591827.2348   5522128.8928
122027   45.0000  60.0000    1000.0000   4418984.7662   1591827.2348   5522128.8928
122207   45.0000  60.0000    1000.0000   4418984.7662   1591827.2348   5522128.8928
122347   45.0000  60.0000    1000.0000   4418984.7662   1591827.2348   5522128.8928
122527   45.0000  60.0000    1000.0000   4418984.7662   1591827.2348   5522128.8928
122707   45.0000  60.0000    1000.0000   4418984.7662   1591827.2348   5522128.8928
122847   45.0000  60.0000    1000.0000   4418984.7662   1591827.2348   5522128.8928
123027   45.0000  60.0000    1000.0000   4418984.7662   1591827.2348   5522128.8928
123207   45.0000  60.0000    1000.0000   4418984.7662   1591827.2348   5522128.8928
123347   45.0000  60.0000    1000.0000   4418984.7662   1591827.2348   5522128.8928
123527   45.0000  60.0000    1000.0000   4418984.7662   1591827.2348   5522128.8928
123707   45.0000  60.0000    1000.0000   4418984.7662   1591827.2348   5522128.8928
123847   45.0000  60.0000    1000.0000   4418984.7662   1591827.2348   5522128.8928
124027   45.0000  60.0000    1000.0000   4418984.7662   1591827.2348   5522128.8928
124207   45.0000  60.0000    1000.0000   4418984.7662   1591827.2348   5522128.8928
124347   45.0000  60.0000    1000.0000   4418984.7662   1591827.2348   5522128.8928
124527   45.0000  60.0000    1000.0000   4418984.7662   1591827.2348   5522128.8928
124707   45.0000  60.0000    1000.0000   4418984.7662   1591827.2348   5522128.8928
124847   45.0000  60.0000    1000.0000   4418984.7662   1591827.2348   5522128.8928
125027   45.0000  60.0000    1000.0000   4418984.7662   1591827.2348   5522128.8928
125207   45.0000  60.0000    1000.0000   4418984.7662   1591827.2348   5522128.8928
125347   45.0000  60.0000    1000.0000   4418984.7662   1591827.2348   5522128.8928
125527   45.0000  60.0000    1000.0000   4418984.7662   1591827.2348   5522128.8928
125707   45.0000  60.0000    1000.0000   4418984.7662   1591827.2348   5522128.8928
125847   45.0000  60.0000    1000.0000   4418984.7662   1591827.2348   5522128.8928
130027   45.0000  60.0000    1000.0000   4418984.7662   1591827.2348   5522128.8928
130207   45.0000  60.0000    1000.0000   4418984.7662   1591827.2348   5522128.8928
130347   45.0000  60.0000    1000.0000   4418984.7662   1591827.2348   5522128.8928
130527   45.0000  60.0000    1000.0000   4418984.7662   1591827.2348   5522128.8928
130707   45.0000  60.0000    1000.0000   4418984.7662   1591827.2348   5522128.8928
130847   45.0000  60.0000    1000.0000   4418984.7662   1591827.2348   5522128.8928
131027   45.0000  60.0000    1000.0000   4418984.7662   1591827.2348   5522128.8928
