X1912708 R_PNT     RP_TEST 1808 0000000   45 60.0 2025 127 085340 300 100   0   0 1     -1
085340   45.0000  60.0000    1000.0000   4440693.2217   1433980.8949   5577704.1322
085840   45.0000  60.0000    1000.0000   4440693.2217   1433980.8949   5577704.1322
090340   45.0000  60.0000    1000.0000   4440693.2217   1433980.8949   5577704.1322
090840   45.0000  60.0000    1000.0000   4440693.2217   1433980.8949   5577704.1322
091340   45.0000  60.0000    1000.0000   4440693.2217   1433980.8949   5577704.1322
091840   45.0000  60.0000    1000.0000   4440693.2217   1433980.8949   5577704.1322
092340   45.0000  60.0000    1000.0000   4440693.2217   1433980.8949   5577704.1322
092840   45.0000  60.0000    1000.0000   4440693.2217   1433980.8949   5577704.1322
093340   45.0000  60.0000    1000.0000   4440693.2217   1433980.8949   5577704.1322
093840   45.0000  60.0000    1000.0000   4440693.2217   1433980.8949   5577704.1322
094340   45.0000  60.0000    1000.0000   4440693.2217   1433980.8949   5577704.1322
094840   45.0000  60.0000    1000.0000   4440693.2217   1433980.8949   5577704.1322
095340   45.0000  60.0000    1000.0000   4440693.2217   1433980.8949   5577704.1322
095840   45.0000  60.0000    1000.0000   4440693.2217   1433980.8949   5577704.1322
100340   45.0000  60.0000    1000.0000   4440693.2217   1433980.8949   5577704.1322
100840   45.0000  60.0000    1000.0000   4440693.2217   1433980.8949   5577704.1322
101340   45.0000  60.0000    1000.0000   4440693.2217   1433980.8949   5577704.1322
101840   45.0000  60.0000    1000.0000   4440693.2217   1433980.8949   5577704.1322
102340   45.0000  60.0000    1000.0000   4440693.2217   1433980.8949   5577704.1322
102840   45.0000  60.0000    1000.0000   4440693.2217   1433980.8949   5577704.1322
103340   45.0000  60.0000    1000.0000   4440693.2217   1433980.8949   5577704.1322
103840   45.0000  60.0000    1000.0000   4440693.2217   1433980.8949   5577704.1322
104340   45.0000  60.0000    1000.0000   4440693.2217   1433980.8949   5577704.1322
104840   45.0000  60.0000    1000.0000   4440693.2217   1433980.8949   5577704.1322
105340   45.0000  60.0000    1000.0000   4440693.2217   1433980.8949   5577704.1322
105840   45.0000  60.0000    1000.0000   4440693.2217   1433980.8949   5577704.1322
110340   45.0000  60.0000    1000.0000   4440693.2217   1433980.8949   5577704.1322
110840   45.0000  60.0000    1000.0000   4440693.2217   1433980.8949   5577704.1322
111340   45.0000  60.0000    1000.0000   4440693.2217   1433980.8949   5577704.1322
111840   45.0000  60.0000    1000.0000   4440693.2217   1433980.8949   5577704.1322
112340   45.0000  60.0000    1000.0000   4440693.2217   1433980.8949   5577704.1322
112840   45.0000  60.0000    1000.0000   4440693.2217   1433980.8949   5577704.1322
113340   45.0000  60.0000    1000.0000   4440693.2217   1433980.8949   5577704.1322
113840   45.0000  60.0000    1000.0000   4440693.2217   1433980.8949   5577704.1322
114340   45.0000  60.0000    1000.0000   4440693.2217   1433980.8949   5577704.1322
114840   45.0000  60.0000    1000.0000   4440693.2217   1433980.8949   5577704.1322
115340   45.0000  60.0000    1000.0000   4440693.2217   1433980.8949   5577704.1322
115840   45.0000  60.0000    1000.0000   4440693.2217   1433980.8949   5577704.1322
120340   45.0000  60.0000    1000.0000   4440693.2217   1433980.8949   5577704.1322
120840   45.0000  60.0000    1000.0000   4440693.2217   1433980.8949   5577704.1322
121340   45.0000  60.0000    1000.0000   4440693.2217   1433980.8949   5577704.1322
121840   45.0000  60.0000    1000.0000   4440693.2217   1433980.8949   5577704.1322
122340   45.0000  60.0000    1000.0000   4440693.2217   1433980.8949   5577704.1322
122840   45.0000  60.0000    1000.0000   4440693.2217   1433980.8949   5577704.1322
123340   45.0000  60.0000    1000.0000   4440693.2217   1433980.8949   5577704.1322
123840   45.0000  60.0000    1000.0000   4440693.2217   1433980.8949   5577704.1322
124340   45.0000  60.0000    1000.0000   4440693.2217   1433980.8949   5577704.1322
124840   45.0000  60.0000    1000.0000   4440693.2217   1433980.8949   5577704.1322
125340   45.0000  60.0000    1000.0000   4440693.2217   1433980.8949   5577704.1322
125840   45.0000  60.0000    1000.0000   4440693.2217   1433980.8949   5577704.1322
130340   45.0000  60.0000    1000.0000   4440693.2217   1433980.8949   5577704.1322
130840   45.0000  60.0000    1000.0000   4440693.2217   1433980.8949   5577704.1322
131340   45.0000  60.0000    1000.0000   4440693.2217   1433980.8949   5577704.1322
131840   45.0000  60.0000    1000.0000   4440693.2217   1433980.8949   5577704.1322
132340   45.0000  60.0000    1000.0000   4440693.2217   1433980.8949   5577704.1322
132840   45.0000  60.0000    1000.0000   4440693.2217   1433980.8949   5577704.1322
133340   45.0000  60.0000    1000.0000   4440693.2217   1433980.8949   5577704.1322
133840   45.0000  60.0000    1000.0000   4440693.2217   1433980.8949   5577704.1322
134340   45.0000  60.0000    1000.0000   4440693.2217   1433980.8949   5577704.1322
134840   45.0000  60.0000    1000.0000   4440693.2217   1433980.8949   5577704.1322
135340   45.0000  60.0000    1000.0000   4440693.2217   1433980.8949   5577704.1322
135840   45.0000  60.0000    1000.0000   4440693.2217   1433980.8949   5577704.1322
140340   45.0000  60.0000    1000.0000   4440693.2217   1433980.8949   5577704.1322
140840   45.0000  60.0000    1000.0000   4440693.2217   1433980.8949   5577704.1322
141340   45.0000  60.0000    1000.0000   4440693.2217   1433980.8949   5577704.1322
141840   45.0000  60.0000    1000.0000   4440693.2217   1433980.8949   5577704.1322
142340   45.0000  60.0000    1000.0000   4440693.2217   1433980.8949   5577704.1322
142840   45.0000  60.0000    1000.0000   4440693.2217   1433980.8949   5577704.1322
143340   45.0000  60.0000    1000.0000   4440693.2217   1433980.8949   5577704.1322
143840   45.0000  60.0000    1000.0000   4440693.2217   1433980.8949   5577704.1322
144340   45.0000  60.0000    1000.0000   4440693.2217   1433980.8949   5577704.1322
144840   45.0000  60.0000    1000.0000   4440693.2217   1433980.8949   5577704.1322
145340   45.0000  60.0000    1000.0000   4440693.2217   1433980.8949   5577704.1322
145840   45.0000  60.0000    1000.0000   4440693.2217   1433980.8949   5577704.1322
150340   45.0000  60.0000    1000.0000   4440693.2217   1433980.8949   5577704.1322
150840   45.0000  60.0000    1000.0000   4440693.2217   1433980.8949   5577704.1322
151340   45.0000  60.0000    1000.0000   4440693.2217   1433980.8949   5577704.1322
151840   45.0000  60.0000    1000.0000   4440693.2217   1433980.8949   5577704.1322
152340   45.0000  60.0000    1000.0000   4440693.2217   1433980.8949   5577704.1322
152840   45.0000  60.0000    1000.0000   4440693.2217   1433980.8949   5577704.1322
153340   45.0000  60.0000    1000.0000   4440693.2217   1433980.8949   5577704.1322
153840   45.0000  60.0000    1000.0000   4440693.2217   1433980.8949   5577704.1322
154340   45.0000  60.0000    1000.0000   4440693.2217   1433980.8949   5577704.1322
154840   45.0000  60.0000    1000.0000   4440693.2217   1433980.8949   5577704.1322
155340   45.0000  60.0000    1000.0000   4440693.2217   1433980.8949   5577704.1322
155840   45.0000  60.0000    1000.0000   4440693.2217   1433980.8949   5577704.1322
160340   45.0000  60.0000    1000.0000   4440693.2217   1433980.8949   5577704.1322
160840   45.0000  60.0000    1000.0000   4440693.2217   1433980.8949   5577704.1322
161340   45.0000  60.0000    1000.0000   4440693.2217   1433980.8949   5577704.1322
161840   45.0000  60.0000    1000.0000   4440693.2217   1433980.8949   5577704.1322
162340   45.0000  60.0000    1000.0000   4440693.2217   1433980.8949   5577704.1322
162840   45.0000  60.0000    1000.0000   4440693.2217   1433980.8949   5577704.1322
163340   45.0000  60.0000    1000.0000   4440693.2217   1433980.8949   5577704.1322
163840   45.0000  60.0000    1000.0000   4440693.2217   1433980.8949   5577704.1322
164340   45.0000  60.0000    1000.0000   4440693.2217   1433980.8949   5577704.1322
164840   45.0000  60.0000    1000.0000   4440693.2217   1433980.8949   5577704.1322
165340   45.0000  60.0000    1000.0000   4440693.2217   1433980.8949   5577704.1322
165840   45.0000  60.0000    1000.0000   4440693.2217   1433980.8949   5577704.1322
170340   45.0000  60.0000    1000.0000   4440693.2217   1433980.8949   5577704.1322
170840   45.0000  60.0000    1000.0000   4440693.2217   1433980.8949   5577704.1322
