X2012711 R_PNT     RP_TEST 1808 0000000   45 75.0 2025 127 115550 300 100   0   0 1     -1
115550   45.0000  75.0000    1000.0000   4650438.6179   1479014.3885   5479108.8547
120050   45.0000  75.0000    1000.0000   4650438.6179   1479014.3885   5479108.8547
120550   45.0000  75.0000    1000.0000   4650438.6179   1479014.3885   5479108.8547
121050   45.0000  75.0000    1000.0000   4650438.6179   1479014.3885   5479108.8547
121550   45.0000  75.0000    1000.0000   4650438.6179   1479014.3885   5479108.8547
122050   45.0000  75.0000    1000.0000   4650438.6179   1479014.3885   5479108.8547
122550   45.0000  75.0000    1000.0000   4650438.6179   1479014.3885   5479108.8547
123050   45.0000  75.0000    1000.0000   4650438.6179   1479014.3885   5479108.8547
123550   45.0000  75.0000    1000.0000   4650438.6179   1479014.3885   5479108.8547
124050   45.0000  75.0000    1000.0000   4650438.6179   1479014.3885   5479108.8547
124550   45.0000  75.0000    1000.0000   4650438.6179   1479014.3885   5479108.8547
125050   45.0000  75.0000    1000.0000   4650438.6179   1479014.3885   5479108.8547
125550   45.0000  75.0000    1000.0000   4650438.6179   1479014.3885   5479108.8547
130050   45.0000  75.0000    1000.0000   4650438.6179   1479014.3885   5479108.8547
130550   45.0000  75.0000    1000.0000   4650438.6179   1479014.3885   5479108.8547
131050   45.0000  75.0000    1000.0000   4650438.6179   1479014.3885   5479108.8547
131550   45.0000  75.0000    1000.0000   4650438.6179   1479014.3885   5479108.8547
132050   45.0000  75.0000    1000.0000   4650438.6179   1479014.3885   5479108.8547
132550   45.0000  75.0000    1000.0000   4650438.6179   1479014.3885   5479108.8547
133050   45.0000  75.0000    1000.0000   4650438.6179   1479014.3885   5479108.8547
133550   45.0000  75.0000    1000.0000   4650438.6179   1479014.3885   5479108.8547
134050   45.0000  75.0000    1000.0000   4650438.6179   1479014.3885   5479108.8547
134550   45.0000  75.0000    1000.0000   4650438.6179   1479014.3885   5479108.8547
135050   45.0000  75.0000    1000.0000   4650438.6179   1479014.3885   5479108.8547
135550   45.0000  75.0000    1000.0000   4650438.6179   1479014.3885   5479108.8547
140050   45.0000  75.0000    1000.0000   4650438.6179   1479014.3885   5479108.8547
140550   45.0000  75.0000    1000.0000   4650438.6179   1479014.3885   5479108.8547
141050   45.0000  75.0000    1000.0000   4650438.6179   1479014.3885   5479108.8547
141550   45.0000  75.0000    1000.0000   4650438.6179   1479014.3885   5479108.8547
142050   45.0000  75.0000    1000.0000   4650438.6179   1479014.3885   5479108.8547
142550   45.0000  75.0000    1000.0000   4650438.6179   1479014.3885   5479108.8547
143050   45.0000  75.0000    1000.0000   4650438.6179   1479014.3885   5479108.8547
143550   45.0000  75.0000    1000.0000   4650438.6179   1479014.3885   5479108.8547
144050   45.0000  75.0000    1000.0000   4650438.6179   1479014.3885   5479108.8547
144550   45.0000  75.0000    1000.0000   4650438.6179   1479014.3885   5479108.8547
145050   45.0000  75.0000    1000.0000   4650438.6179   1479014.3885   5479108.8547
145550   45.0000  75.0000    1000.0000   4650438.6179   1479014.3885   5479108.8547
150050   45.0000  75.0000    1000.0000   4650438.6179   1479014.3885   5479108.8547
150550   45.0000  75.0000    1000.0000   4650438.6179   1479014.3885   5479108.8547
151050   45.0000  75.0000    1000.0000   4650438.6179   1479014.3885   5479108.8547
151550   45.0000  75.0000    1000.0000   4650438.6179   1479014.3885   5479108.8547
152050   45.0000  75.0000    1000.0000   4650438.6179   1479014.3885   5479108.8547
152550   45.0000  75.0000    1000.0000   4650438.6179   1479014.3885   5479108.8547
153050   45.0000  75.0000    1000.0000   4650438.6179   1479014.3885   5479108.8547
153550   45.0000  75.0000    1000.0000   4650438.6179   1479014.3885   5479108.8547
154050   45.0000  75.0000    1000.0000   4650438.6179   1479014.3885   5479108.8547
154550   45.0000  75.0000    1000.0000   4650438.6179   1479014.3885   5479108.8547
155050   45.0000  75.0000    1000.0000   4650438.6179   1479014.3885   5479108.8547
155550   45.0000  75.0000    1000.0000   4650438.6179   1479014.3885   5479108.8547
160050   45.0000  75.0000    1000.0000   4650438.6179   1479014.3885   5479108.8547
160550   45.0000  75.0000    1000.0000   4650438.6179   1479014.3885   5479108.8547
161050   45.0000  75.0000    1000.0000   4650438.6179   1479014.3885   5479108.8547
161550   45.0000  75.0000    1000.0000   4650438.6179   1479014.3885   5479108.8547
162050   45.0000  75.0000    1000.0000   4650438.6179   1479014.3885   5479108.8547
162550   45.0000  75.0000    1000.0000   4650438.6179   1479014.3885   5479108.8547
163050   45.0000  75.0000    1000.0000   4650438.6179   1479014.3885   5479108.8547
163550   45.0000  75.0000    1000.0000   4650438.6179   1479014.3885   5479108.8547
164050   45.0000  75.0000    1000.0000   4650438.6179   1479014.3885   5479108.8547
164550   45.0000  75.0000    1000.0000   4650438.6179   1479014.3885   5479108.8547
165050   45.0000  75.0000    1000.0000   4650438.6179   1479014.3885   5479108.8547
165550   45.0000  75.0000    1000.0000   4650438.6179   1479014.3885   5479108.8547
170050   45.0000  75.0000    1000.0000   4650438.6179   1479014.3885   5479108.8547
170550   45.0000  75.0000    1000.0000   4650438.6179   1479014.3885   5479108.8547
171050   45.0000  75.0000    1000.0000   4650438.6179   1479014.3885   5479108.8547
171550   45.0000  75.0000    1000.0000   4650438.6179   1479014.3885   5479108.8547
172050   45.0000  75.0000    1000.0000   4650438.6179   1479014.3885   5479108.8547
172550   45.0000  75.0000    1000.0000   4650438.6179   1479014.3885   5479108.8547
173050   45.0000  75.0000    1000.0000   4650438.6179   1479014.3885   5479108.8547
173550   45.0000  75.0000    1000.0000   4650438.6179   1479014.3885   5479108.8547
174050   45.0000  75.0000    1000.0000   4650438.6179   1479014.3885   5479108.8547
174550   45.0000  75.0000    1000.0000   4650438.6179   1479014.3885   5479108.8547
175050   45.0000  75.0000    1000.0000   4650438.6179   1479014.3885   5479108.8547
175550   45.0000  75.0000    1000.0000   4650438.6179   1479014.3885   5479108.8547
180050   45.0000  75.0000    1000.0000   4650438.6179   1479014.3885   5479108.8547
180550   45.0000  75.0000    1000.0000   4650438.6179   1479014.3885   5479108.8547
181050   45.0000  75.0000    1000.0000   4650438.6179   1479014.3885   5479108.8547
181550   45.0000  75.0000    1000.0000   4650438.6179   1479014.3885   5479108.8547
182050   45.0000  75.0000    1000.0000   4650438.6179   1479014.3885   5479108.8547
182550   45.0000  75.0000    1000.0000   4650438.6179   1479014.3885   5479108.8547
183050   45.0000  75.0000    1000.0000   4650438.6179   1479014.3885   5479108.8547
183550   45.0000  75.0000    1000.0000   4650438.6179   1479014.3885   5479108.8547
184050   45.0000  75.0000    1000.0000   4650438.6179   1479014.3885   5479108.8547
184550   45.0000  75.0000    1000.0000   4650438.6179   1479014.3885   5479108.8547
185050   45.0000  75.0000    1000.0000   4650438.6179   1479014.3885   5479108.8547
185550   45.0000  75.0000    1000.0000   4650438.6179   1479014.3885   5479108.8547
190050   45.0000  75.0000    1000.0000   4650438.6179   1479014.3885   5479108.8547
190550   45.0000  75.0000    1000.0000   4650438.6179   1479014.3885   5479108.8547
191050   45.0000  75.0000    1000.0000   4650438.6179   1479014.3885   5479108.8547
191550   45.0000  75.0000    1000.0000   4650438.6179   1479014.3885   5479108.8547
192050   45.0000  75.0000    1000.0000   4650438.6179   1479014.3885   5479108.8547
192550   45.0000  75.0000    1000.0000   4650438.6179   1479014.3885   5479108.8547
193050   45.0000  75.0000    1000.0000   4650438.6179   1479014.3885   5479108.8547
193550   45.0000  75.0000    1000.0000   4650438.6179   1479014.3885   5479108.8547
194050   45.0000  75.0000    1000.0000   4650438.6179   1479014.3885   5479108.8547
194550   45.0000  75.0000    1000.0000   4650438.6179   1479014.3885   5479108.8547
195050   45.0000  75.0000    1000.0000   4650438.6179   1479014.3885   5479108.8547
195550   45.0000  75.0000    1000.0000   4650438.6179   1479014.3885   5479108.8547
200050   45.0000  75.0000    1000.0000   4650438.6179   1479014.3885   5479108.8547
200550   45.0000  75.0000    1000.0000   4650438.6179   1479014.3885   5479108.8547
201050   45.0000  75.0000    1000.0000   4650438.6179   1479014.3885   5479108.8547
