X2016110 R_PNT     RP_TEST 1808 0000000   45 75.0 2025 161 102527 300 100   0   0 1     -1
102527   45.0000  75.0000    1000.0000   4650438.6179   1479014.3885   5479108.8547
102707   45.0000  75.0000    1000.0000   4650438.6179   1479014.3885   5479108.8547
102847   45.0000  75.0000    1000.0000   4650438.6179   1479014.3885   5479108.8547
103027   45.0000  75.0000    1000.0000   4650438.6179   1479014.3885   5479108.8547
103207   45.0000  75.0000    1000.0000   4650438.6179   1479014.3885   5479108.8547
103347   45.0000  75.0000    1000.0000   4650438.6179   1479014.3885   5479108.8547
103527   45.0000  75.0000    1000.0000   4650438.6179   1479014.3885   5479108.8547
103707   45.0000  75.0000    1000.0000   4650438.6179   1479014.3885   5479108.8547
103847   45.0000  75.0000    1000.0000   4650438.6179   1479014.3885   5479108.8547
104027   45.0000  75.0000    1000.0000   4650438.6179   1479014.3885   5479108.8547
104207   45.0000  75.0000    1000.0000   4650438.6179   1479014.3885   5479108.8547
104347   45.0000  75.0000    1000.0000   4650438.6179   1479014.3885   5479108.8547
104527   45.0000  75.0000    1000.0000   4650438.6179   1479014.3885   5479108.8547
104707   45.0000  75.0000    1000.0000   4650438.6179   1479014.3885   5479108.8547
104847   45.0000  75.0000    1000.0000   4650438.6179   1479014.3885   5479108.8547
105027   45.0000  75.0000    1000.0000   4650438.6179   1479014.3885   5479108.8547
105207   45.0000  75.0000    1000.0000   4650438.6179   1479014.3885   5479108.8547
105347   45.0000  75.0000    1000.0000   4650438.6179   1479014.3885   5479108.8547
105527   45.0000  75.0000    1000.0000   4650438.6179   1479014.3885   5479108.8547
105707   45.0000  75.0000    1000.0000   4650438.6179   1479014.3885   5479108.8547
105847   45.0000  75.0000    1000.0000   4650438.6179   1479014.3885   5479108.8547
110027   45.0000  75.0000    1000.0000   4650438.6179   1479014.3885   5479108.8547
110207   45.0000  75.0000    1000.0000   4650438.6179   1479014.3885   5479108.8547
110347   45.0000  75.0000    1000.0000   4650438.6179   1479014.3885   5479108.8547
110527   45.0000  75.0000    1000.0000   4650438.6179   1479014.3885   5479108.8547
110707   45.0000  75.0000    1000.0000   4650438.6179   1479014.3885   5479108.8547
110847   45.0000  75.0000    1000.0000   4650438.6179   1479014.3885   5479108.8547
111027   45.0000  75.0000    1000.0000   4650438.6179   1479014.3885   5479108.8547
111207   45.0000  75.0000    1000.0000   4650438.6179   1479014.3885   5479108.8547
111347   45.0000  75.0000    1000.0000   4650438.6179   1479014.3885   5479108.8547
111527   45.0000  75.0000    1000.0000   4650438.6179   1479014.3885   5479108.8547
111707   45.0000  75.0000    1000.0000   4650438.6179   1479014.3885   5479108.8547
111847   45.0000  75.0000    1000.0000   4650438.6179   1479014.3885   5479108.8547
112027   45.0000  75.0000    1000.0000   4650438.6179   1479014.3885   5479108.8547
112207   45.0000  75.0000    1000.0000   4650438.6179   1479014.3885   5479108.8547
112347   45.0000  75.0000    1000.0000   4650438.6179   1479014.3885   5479108.8547
112527   45.0000  75.0000    1000.0000   4650438.6179   1479014.3885   5479108.8547
112707   45.0000  75.0000    1000.0000   4650438.6179   1479014.3885   5479108.8547
112847   45.0000  75.0000    1000.0000   4650438.6179   1479014.3885   5479108.8547
113027   45.0000  75.0000    1000.0000   4650438.6179   1479014.3885   5479108.8547
113207   45.0000  75.0000    1000.0000   4650438.6179   1479014.3885   5479108.8547
113347   45.0000  75.0000    1000.0000   4650438.6179   1479014.3885   5479108.8547
113527   45.0000  75.0000    1000.0000   4650438.6179   1479014.3885   5479108.8547
113707   45.0000  75.0000    1000.0000   4650438.6179   1479014.3885   5479108.8547
113847   45.0000  75.0000    1000.0000   4650438.6179   1479014.3885   5479108.8547
114027   45.0000  75.0000    1000.0000   4650438.6179   1479014.3885   5479108.8547
114207   45.0000  75.0000    1000.0000   4650438.6179   1479014.3885   5479108.8547
114347   45.0000  75.0000    1000.0000   4650438.6179   1479014.3885   5479108.8547
114527   45.0000  75.0000    1000.0000   4650438.6179   1479014.3885   5479108.8547
114707   45.0000  75.0000    1000.0000   4650438.6179   1479014.3885   5479108.8547
114847   45.0000  75.0000    1000.0000   4650438.6179   1479014.3885   5479108.8547
115027   45.0000  75.0000    1000.0000   4650438.6179   1479014.3885   5479108.8547
115207   45.0000  75.0000    1000.0000   4650438.6179   1479014.3885   5479108.8547
115347   45.0000  75.0000    1000.0000   4650438.6179   1479014.3885   5479108.8547
115527   45.0000  75.0000    1000.0000   4650438.6179   1479014.3885   5479108.8547
115707   45.0000  75.0000    1000.0000   4650438.6179   1479014.3885   5479108.8547
115847   45.0000  75.0000    1000.0000   4650438.6179   1479014.3885   5479108.8547
120027   45.0000  75.0000    1000.0000   4650438.6179   1479014.3885   5479108.8547
120207   45.0000  75.0000    1000.0000   4650438.6179   1479014.3885   5479108.8547
120347   45.0000  75.0000    1000.0000   4650438.6179   1479014.3885   5479108.8547
120527   45.0000  75.0000    1000.0000   4650438.6179   1479014.3885   5479108.8547
120707   45.0000  75.0000    1000.0000   4650438.6179   1479014.3885   5479108.8547
120847   45.0000  75.0000    1000.0000   4650438.6179   1479014.3885   5479108.8547
121027   45.0000  75.0000    1000.0000   4650438.6179   1479014.3885   5479108.8547
121207   45.0000  75.0000    1000.0000   4650438.6179   1479014.3885   5479108.8547
121347   45.0000  75.0000    1000.0000   4650438.6179   1479014.3885   5479108.8547
121527   45.0000  75.0000    1000.0000   4650438.6179   1479014.3885   5479108.8547
121707   45.0000  75.0000    1000.0000   4650438.6179   1479014.3885   5479108.8547
121847   45.0000  75.0000    1000.0000   4650438.6179   1479014.3885   5479108.8547
122027   45.0000  75.0000    1000.0000   4650438.6179   1479014.3885   5479108.8547
122207   45.0000  75.0000    1000.0000   4650438.6179   1479014.3885   5479108.8547
122347   45.0000  75.0000    1000.0000   4650438.6179   1479014.3885   5479108.8547
122527   45.0000  75.0000    1000.0000   4650438.6179   1479014.3885   5479108.8547
122707   45.0000  75.0000    1000.0000   4650438.6179   1479014.3885   5479108.8547
122847   45.0000  75.0000    1000.0000   4650438.6179   1479014.3885   5479108.8547
123027   45.0000  75.0000    1000.0000   4650438.6179   1479014.3885   5479108.8547
123207   45.0000  75.0000    1000.0000   4650438.6179   1479014.3885   5479108.8547
123347   45.0000  75.0000    1000.0000   4650438.6179   1479014.3885   5479108.8547
123527   45.0000  75.0000    1000.0000   4650438.6179   1479014.3885   5479108.8547
123707   45.0000  75.0000    1000.0000   4650438.6179   1479014.3885   5479108.8547
123847   45.0000  75.0000    1000.0000   4650438.6179   1479014.3885   5479108.8547
124027   45.0000  75.0000    1000.0000   4650438.6179   1479014.3885   5479108.8547
124207   45.0000  75.0000    1000.0000   4650438.6179   1479014.3885   5479108.8547
124347   45.0000  75.0000    1000.0000   4650438.6179   1479014.3885   5479108.8547
124527   45.0000  75.0000    1000.0000   4650438.6179   1479014.3885   5479108.8547
124707   45.0000  75.0000    1000.0000   4650438.6179   1479014.3885   5479108.8547
124847   45.0000  75.0000    1000.0000   4650438.6179   1479014.3885   5479108.8547
125027   45.0000  75.0000    1000.0000   4650438.6179   1479014.3885   5479108.8547
125207   45.0000  75.0000    1000.0000   4650438.6179   1479014.3885   5479108.8547
125347   45.0000  75.0000    1000.0000   4650438.6179   1479014.3885   5479108.8547
125527   45.0000  75.0000    1000.0000   4650438.6179   1479014.3885   5479108.8547
125707   45.0000  75.0000    1000.0000   4650438.6179   1479014.3885   5479108.8547
125847   45.0000  75.0000    1000.0000   4650438.6179   1479014.3885   5479108.8547
130027   45.0000  75.0000    1000.0000   4650438.6179   1479014.3885   5479108.8547
130207   45.0000  75.0000    1000.0000   4650438.6179   1479014.3885   5479108.8547
130347   45.0000  75.0000    1000.0000   4650438.6179   1479014.3885   5479108.8547
130527   45.0000  75.0000    1000.0000   4650438.6179   1479014.3885   5479108.8547
130707   45.0000  75.0000    1000.0000   4650438.6179   1479014.3885   5479108.8547
130847   45.0000  75.0000    1000.0000   4650438.6179   1479014.3885   5479108.8547
131027   45.0000  75.0000    1000.0000   4650438.6179   1479014.3885   5479108.8547
