X2012708 R_PNT     RP_TEST 1808 0000000   45 75.0 2025 127 085340 300 100   0   0 1     -1
085340   45.0000  75.0000    1000.0000   4321905.4914   1655705.3998   5507875.2953
085840   45.0000  75.0000    1000.0000   4321905.4914   1655705.3998   5507875.2953
090340   45.0000  75.0000    1000.0000   4321905.4914   1655705.3998   5507875.2953
090840   45.0000  75.0000    1000.0000   4321905.4914   1655705.3998   5507875.2953
091340   45.0000  75.0000    1000.0000   4321905.4914   1655705.3998   5507875.2953
091840   45.0000  75.0000    1000.0000   4321905.4914   1655705.3998   5507875.2953
092340   45.0000  75.0000    1000.0000   4321905.4914   1655705.3998   5507875.2953
092840   45.0000  75.0000    1000.0000   4321905.4914   1655705.3998   5507875.2953
093340   45.0000  75.0000    1000.0000   4321905.4914   1655705.3998   5507875.2953
093840   45.0000  75.0000    1000.0000   4321905.4914   1655705.3998   5507875.2953
094340   45.0000  75.0000    1000.0000   4321905.4914   1655705.3998   5507875.2953
094840   45.0000  75.0000    1000.0000   4321905.4914   1655705.3998   5507875.2953
095340   45.0000  75.0000    1000.0000   4321905.4914   1655705.3998   5507875.2953
095840   45.0000  75.0000    1000.0000   4321905.4914   1655705.3998   5507875.2953
100340   45.0000  75.0000    1000.0000   4321905.4914   1655705.3998   5507875.2953
100840   45.0000  75.0000    1000.0000   4321905.4914   1655705.3998   5507875.2953
101340   45.0000  75.0000    1000.0000   4321905.4914   1655705.3998   5507875.2953
101840   45.0000  75.0000    1000.0000   4321905.4914   1655705.3998   5507875.2953
102340   45.0000  75.0000    1000.0000   4321905.4914   1655705.3998   5507875.2953
102840   45.0000  75.0000    1000.0000   4321905.4914   1655705.3998   5507875.2953
103340   45.0000  75.0000    1000.0000   4321905.4914   1655705.3998   5507875.2953
103840   45.0000  75.0000    1000.0000   4321905.4914   1655705.3998   5507875.2953
104340   45.0000  75.0000    1000.0000   4321905.4914   1655705.3998   5507875.2953
104840   45.0000  75.0000    1000.0000   4321905.4914   1655705.3998   5507875.2953
105340   45.0000  75.0000    1000.0000   4321905.4914   1655705.3998   5507875.2953
105840   45.0000  75.0000    1000.0000   4321905.4914   1655705.3998   5507875.2953
110340   45.0000  75.0000    1000.0000   4321905.4914   1655705.3998   5507875.2953
110840   45.0000  75.0000    1000.0000   4321905.4914   1655705.3998   5507875.2953
111340   45.0000  75.0000    1000.0000   4321905.4914   1655705.3998   5507875.2953
111840   45.0000  75.0000    1000.0000   4321905.4914   1655705.3998   5507875.2953
112340   45.0000  75.0000    1000.0000   4321905.4914   1655705.3998   5507875.2953
112840   45.0000  75.0000    1000.0000   4321905.4914   1655705.3998   5507875.2953
113340   45.0000  75.0000    1000.0000   4321905.4914   1655705.3998   5507875.2953
113840   45.0000  75.0000    1000.0000   4321905.4914   1655705.3998   5507875.2953
114340   45.0000  75.0000    1000.0000   4321905.4914   1655705.3998   5507875.2953
114840   45.0000  75.0000    1000.0000   4321905.4914   1655705.3998   5507875.2953
115340   45.0000  75.0000    1000.0000   4321905.4914   1655705.3998   5507875.2953
115840   45.0000  75.0000    1000.0000   4321905.4914   1655705.3998   5507875.2953
120340   45.0000  75.0000    1000.0000   4321905.4914   1655705.3998   5507875.2953
120840   45.0000  75.0000    1000.0000   4321905.4914   1655705.3998   5507875.2953
121340   45.0000  75.0000    1000.0000   4321905.4914   1655705.3998   5507875.2953
121840   45.0000  75.0000    1000.0000   4321905.4914   1655705.3998   5507875.2953
122340   45.0000  75.0000    1000.0000   4321905.4914   1655705.3998   5507875.2953
122840   45.0000  75.0000    1000.0000   4321905.4914   1655705.3998   5507875.2953
123340   45.0000  75.0000    1000.0000   4321905.4914   1655705.3998   5507875.2953
123840   45.0000  75.0000    1000.0000   4321905.4914   1655705.3998   5507875.2953
124340   45.0000  75.0000    1000.0000   4321905.4914   1655705.3998   5507875.2953
124840   45.0000  75.0000    1000.0000   4321905.4914   1655705.3998   5507875.2953
125340   45.0000  75.0000    1000.0000   4321905.4914   1655705.3998   5507875.2953
125840   45.0000  75.0000    1000.0000   4321905.4914   1655705.3998   5507875.2953
130340   45.0000  75.0000    1000.0000   4321905.4914   1655705.3998   5507875.2953
130840   45.0000  75.0000    1000.0000   4321905.4914   1655705.3998   5507875.2953
131340   45.0000  75.0000    1000.0000   4321905.4914   1655705.3998   5507875.2953
131840   45.0000  75.0000    1000.0000   4321905.4914   1655705.3998   5507875.2953
132340   45.0000  75.0000    1000.0000   4321905.4914   1655705.3998   5507875.2953
132840   45.0000  75.0000    1000.0000   4321905.4914   1655705.3998   5507875.2953
133340   45.0000  75.0000    1000.0000   4321905.4914   1655705.3998   5507875.2953
133840   45.0000  75.0000    1000.0000   4321905.4914   1655705.3998   5507875.2953
134340   45.0000  75.0000    1000.0000   4321905.4914   1655705.3998   5507875.2953
134840   45.0000  75.0000    1000.0000   4321905.4914   1655705.3998   5507875.2953
135340   45.0000  75.0000    1000.0000   4321905.4914   1655705.3998   5507875.2953
135840   45.0000  75.0000    1000.0000   4321905.4914   1655705.3998   5507875.2953
140340   45.0000  75.0000    1000.0000   4321905.4914   1655705.3998   5507875.2953
140840   45.0000  75.0000    1000.0000   4321905.4914   1655705.3998   5507875.2953
141340   45.0000  75.0000    1000.0000   4321905.4914   1655705.3998   5507875.2953
141840   45.0000  75.0000    1000.0000   4321905.4914   1655705.3998   5507875.2953
142340   45.0000  75.0000    1000.0000   4321905.4914   1655705.3998   5507875.2953
142840   45.0000  75.0000    1000.0000   4321905.4914   1655705.3998   5507875.2953
143340   45.0000  75.0000    1000.0000   4321905.4914   1655705.3998   5507875.2953
143840   45.0000  75.0000    1000.0000   4321905.4914   1655705.3998   5507875.2953
144340   45.0000  75.0000    1000.0000   4321905.4914   1655705.3998   5507875.2953
144840   45.0000  75.0000    1000.0000   4321905.4914   1655705.3998   5507875.2953
145340   45.0000  75.0000    1000.0000   4321905.4914   1655705.3998   5507875.2953
145840   45.0000  75.0000    1000.0000   4321905.4914   1655705.3998   5507875.2953
150340   45.0000  75.0000    1000.0000   4321905.4914   1655705.3998   5507875.2953
150840   45.0000  75.0000    1000.0000   4321905.4914   1655705.3998   5507875.2953
151340   45.0000  75.0000    1000.0000   4321905.4914   1655705.3998   5507875.2953
151840   45.0000  75.0000    1000.0000   4321905.4914   1655705.3998   5507875.2953
152340   45.0000  75.0000    1000.0000   4321905.4914   1655705.3998   5507875.2953
152840   45.0000  75.0000    1000.0000   4321905.4914   1655705.3998   5507875.2953
153340   45.0000  75.0000    1000.0000   4321905.4914   1655705.3998   5507875.2953
153840   45.0000  75.0000    1000.0000   4321905.4914   1655705.3998   5507875.2953
154340   45.0000  75.0000    1000.0000   4321905.4914   1655705.3998   5507875.2953
154840   45.0000  75.0000    1000.0000   4321905.4914   1655705.3998   5507875.2953
155340   45.0000  75.0000    1000.0000   4321905.4914   1655705.3998   5507875.2953
155840   45.0000  75.0000    1000.0000   4321905.4914   1655705.3998   5507875.2953
160340   45.0000  75.0000    1000.0000   4321905.4914   1655705.3998   5507875.2953
160840   45.0000  75.0000    1000.0000   4321905.4914   1655705.3998   5507875.2953
161340   45.0000  75.0000    1000.0000   4321905.4914   1655705.3998   5507875.2953
161840   45.0000  75.0000    1000.0000   4321905.4914   1655705.3998   5507875.2953
162340   45.0000  75.0000    1000.0000   4321905.4914   1655705.3998   5507875.2953
162840   45.0000  75.0000    1000.0000   4321905.4914   1655705.3998   5507875.2953
163340   45.0000  75.0000    1000.0000   4321905.4914   1655705.3998   5507875.2953
163840   45.0000  75.0000    1000.0000   4321905.4914   1655705.3998   5507875.2953
164340   45.0000  75.0000    1000.0000   4321905.4914   1655705.3998   5507875.2953
164840   45.0000  75.0000    1000.0000   4321905.4914   1655705.3998   5507875.2953
165340   45.0000  75.0000    1000.0000   4321905.4914   1655705.3998   5507875.2953
165840   45.0000  75.0000    1000.0000   4321905.4914   1655705.3998   5507875.2953
170340   45.0000  75.0000    1000.0000   4321905.4914   1655705.3998   5507875.2953
170840   45.0000  75.0000    1000.0000   4321905.4914   1655705.3998   5507875.2953
