X2116110 R_PNT     RP_TEST 1808 0000000   45 89.0 2025 161 102527 300 100   0   0 1     -1
102527   45.0000  89.0000    1000.0000   4838712.5255   1354095.8721   5387693.0605
102707   45.0000  89.0000    1000.0000   4838712.5255   1354095.8721   5387693.0605
102847   45.0000  89.0000    1000.0000   4838712.5255   1354095.8721   5387693.0605
103027   45.0000  89.0000    1000.0000   4838712.5255   1354095.8721   5387693.0605
103207   45.0000  89.0000    1000.0000   4838712.5255   1354095.8721   5387693.0605
103347   45.0000  89.0000    1000.0000   4838712.5255   1354095.8721   5387693.0605
103527   45.0000  89.0000    1000.0000   4838712.5255   1354095.8721   5387693.0605
103707   45.0000  89.0000    1000.0000   4838712.5255   1354095.8721   5387693.0605
103847   45.0000  89.0000    1000.0000   4838712.5255   1354095.8721   5387693.0605
104027   45.0000  89.0000    1000.0000   4838712.5255   1354095.8721   5387693.0605
104207   45.0000  89.0000    1000.0000   4838712.5255   1354095.8721   5387693.0605
104347   45.0000  89.0000    1000.0000   4838712.5255   1354095.8721   5387693.0605
104527   45.0000  89.0000    1000.0000   4838712.5255   1354095.8721   5387693.0605
104707   45.0000  89.0000    1000.0000   4838712.5255   1354095.8721   5387693.0605
104847   45.0000  89.0000    1000.0000   4838712.5255   1354095.8721   5387693.0605
105027   45.0000  89.0000    1000.0000   4838712.5255   1354095.8721   5387693.0605
105207   45.0000  89.0000    1000.0000   4838712.5255   1354095.8721   5387693.0605
105347   45.0000  89.0000    1000.0000   4838712.5255   1354095.8721   5387693.0605
105527   45.0000  89.0000    1000.0000   4838712.5255   1354095.8721   5387693.0605
105707   45.0000  89.0000    1000.0000   4838712.5255   1354095.8721   5387693.0605
105847   45.0000  89.0000    1000.0000   4838712.5255   1354095.8721   5387693.0605
110027   45.0000  89.0000    1000.0000   4838712.5255   1354095.8721   5387693.0605
110207   45.0000  89.0000    1000.0000   4838712.5255   1354095.8721   5387693.0605
110347   45.0000  89.0000    1000.0000   4838712.5255   1354095.8721   5387693.0605
110527   45.0000  89.0000    1000.0000   4838712.5255   1354095.8721   5387693.0605
110707   45.0000  89.0000    1000.0000   4838712.5255   1354095.8721   5387693.0605
110847   45.0000  89.0000    1000.0000   4838712.5255   1354095.8721   5387693.0605
111027   45.0000  89.0000    1000.0000   4838712.5255   1354095.8721   5387693.0605
111207   45.0000  89.0000    1000.0000   4838712.5255   1354095.8721   5387693.0605
111347   45.0000  89.0000    1000.0000   4838712.5255   1354095.8721   5387693.0605
111527   45.0000  89.0000    1000.0000   4838712.5255   1354095.8721   5387693.0605
111707   45.0000  89.0000    1000.0000   4838712.5255   1354095.8721   5387693.0605
111847   45.0000  89.0000    1000.0000   4838712.5255   1354095.8721   5387693.0605
112027   45.0000  89.0000    1000.0000   4838712.5255   1354095.8721   5387693.0605
112207   45.0000  89.0000    1000.0000   4838712.5255   1354095.8721   5387693.0605
112347   45.0000  89.0000    1000.0000   4838712.5255   1354095.8721   5387693.0605
112527   45.0000  89.0000    1000.0000   4838712.5255   1354095.8721   5387693.0605
112707   45.0000  89.0000    1000.0000   4838712.5255   1354095.8721   5387693.0605
112847   45.0000  89.0000    1000.0000   4838712.5255   1354095.8721   5387693.0605
113027   45.0000  89.0000    1000.0000   4838712.5255   1354095.8721   5387693.0605
113207   45.0000  89.0000    1000.0000   4838712.5255   1354095.8721   5387693.0605
113347   45.0000  89.0000    1000.0000   4838712.5255   1354095.8721   5387693.0605
113527   45.0000  89.0000    1000.0000   4838712.5255   1354095.8721   5387693.0605
113707   45.0000  89.0000    1000.0000   4838712.5255   1354095.8721   5387693.0605
113847   45.0000  89.0000    1000.0000   4838712.5255   1354095.8721   5387693.0605
114027   45.0000  89.0000    1000.0000   4838712.5255   1354095.8721   5387693.0605
114207   45.0000  89.0000    1000.0000   4838712.5255   1354095.8721   5387693.0605
114347   45.0000  89.0000    1000.0000   4838712.5255   1354095.8721   5387693.0605
114527   45.0000  89.0000    1000.0000   4838712.5255   1354095.8721   5387693.0605
114707   45.0000  89.0000    1000.0000   4838712.5255   1354095.8721   5387693.0605
114847   45.0000  89.0000    1000.0000   4838712.5255   1354095.8721   5387693.0605
115027   45.0000  89.0000    1000.0000   4838712.5255   1354095.8721   5387693.0605
115207   45.0000  89.0000    1000.0000   4838712.5255   1354095.8721   5387693.0605
115347   45.0000  89.0000    1000.0000   4838712.5255   1354095.8721   5387693.0605
115527   45.0000  89.0000    1000.0000   4838712.5255   1354095.8721   5387693.0605
115707   45.0000  89.0000    1000.0000   4838712.5255   1354095.8721   5387693.0605
115847   45.0000  89.0000    1000.0000   4838712.5255   1354095.8721   5387693.0605
120027   45.0000  89.0000    1000.0000   4838712.5255   1354095.8721   5387693.0605
120207   45.0000  89.0000    1000.0000   4838712.5255   1354095.8721   5387693.0605
120347   45.0000  89.0000    1000.0000   4838712.5255   1354095.8721   5387693.0605
120527   45.0000  89.0000    1000.0000   4838712.5255   1354095.8721   5387693.0605
120707   45.0000  89.0000    1000.0000   4838712.5255   1354095.8721   5387693.0605
120847   45.0000  89.0000    1000.0000   4838712.5255   1354095.8721   5387693.0605
121027   45.0000  89.0000    1000.0000   4838712.5255   1354095.8721   5387693.0605
121207   45.0000  89.0000    1000.0000   4838712.5255   1354095.8721   5387693.0605
121347   45.0000  89.0000    1000.0000   4838712.5255   1354095.8721   5387693.0605
121527   45.0000  89.0000    1000.0000   4838712.5255   1354095.8721   5387693.0605
121707   45.0000  89.0000    1000.0000   4838712.5255   1354095.8721   5387693.0605
121847   45.0000  89.0000    1000.0000   4838712.5255   1354095.8721   5387693.0605
122027   45.0000  89.0000    1000.0000   4838712.5255   1354095.8721   5387693.0605
122207   45.0000  89.0000    1000.0000   4838712.5255   1354095.8721   5387693.0605
122347   45.0000  89.0000    1000.0000   4838712.5255   1354095.8721   5387693.0605
122527   45.0000  89.0000    1000.0000   4838712.5255   1354095.8721   5387693.0605
122707   45.0000  89.0000    1000.0000   4838712.5255   1354095.8721   5387693.0605
122847   45.0000  89.0000    1000.0000   4838712.5255   1354095.8721   5387693.0605
123027   45.0000  89.0000    1000.0000   4838712.5255   1354095.8721   5387693.0605
123207   45.0000  89.0000    1000.0000   4838712.5255   1354095.8721   5387693.0605
123347   45.0000  89.0000    1000.0000   4838712.5255   1354095.8721   5387693.0605
123527   45.0000  89.0000    1000.0000   4838712.5255   1354095.8721   5387693.0605
123707   45.0000  89.0000    1000.0000   4838712.5255   1354095.8721   5387693.0605
123847   45.0000  89.0000    1000.0000   4838712.5255   1354095.8721   5387693.0605
124027   45.0000  89.0000    1000.0000   4838712.5255   1354095.8721   5387693.0605
124207   45.0000  89.0000    1000.0000   4838712.5255   1354095.8721   5387693.0605
124347   45.0000  89.0000    1000.0000   4838712.5255   1354095.8721   5387693.0605
124527   45.0000  89.0000    1000.0000   4838712.5255   1354095.8721   5387693.0605
124707   45.0000  89.0000    1000.0000   4838712.5255   1354095.8721   5387693.0605
124847   45.0000  89.0000    1000.0000   4838712.5255   1354095.8721   5387693.0605
125027   45.0000  89.0000    1000.0000   4838712.5255   1354095.8721   5387693.0605
125207   45.0000  89.0000    1000.0000   4838712.5255   1354095.8721   5387693.0605
125347   45.0000  89.0000    1000.0000   4838712.5255   1354095.8721   5387693.0605
125527   45.0000  89.0000    1000.0000   4838712.5255   1354095.8721   5387693.0605
125707   45.0000  89.0000    1000.0000   4838712.5255   1354095.8721   5387693.0605
125847   45.0000  89.0000    1000.0000   4838712.5255   1354095.8721   5387693.0605
130027   45.0000  89.0000    1000.0000   4838712.5255   1354095.8721   5387693.0605
130207   45.0000  89.0000    1000.0000   4838712.5255   1354095.8721   5387693.0605
130347   45.0000  89.0000    1000.0000   4838712.5255   1354095.8721   5387693.0605
130527   45.0000  89.0000    1000.0000   4838712.5255   1354095.8721   5387693.0605
130707   45.0000  89.0000    1000.0000   4838712.5255   1354095.8721   5387693.0605
130847   45.0000  89.0000    1000.0000   4838712.5255   1354095.8721   5387693.0605
131027   45.0000  89.0000    1000.0000   4838712.5255   1354095.8721   5387693.0605
