X2112708 R_PNT     RP_TEST 1808 0000000   45 90.0 2025 127 085340 300 100   0   0 1     -1
085340   45.0000  90.0000    1000.0000   4194430.5549   1843831.7440   5379395.8549
085840   45.0000  90.0000    1000.0000   4194430.5549   1843831.7440   5379395.8549
090340   45.0000  90.0000    1000.0000   4194430.5549   1843831.7440   5379395.8549
090840   45.0000  90.0000    1000.0000   4194430.5549   1843831.7440   5379395.8549
091340   45.0000  90.0000    1000.0000   4194430.5549   1843831.7440   5379395.8549
091840   45.0000  90.0000    1000.0000   4194430.5549   1843831.7440   5379395.8549
092340   45.0000  90.0000    1000.0000   4194430.5549   1843831.7440   5379395.8549
092840   45.0000  90.0000    1000.0000   4194430.5549   1843831.7440   5379395.8549
093340   45.0000  90.0000    1000.0000   4194430.5549   1843831.7440   5379395.8549
093840   45.0000  90.0000    1000.0000   4194430.5549   1843831.7440   5379395.8549
094340   45.0000  90.0000    1000.0000   4194430.5549   1843831.7440   5379395.8549
094840   45.0000  90.0000    1000.0000   4194430.5549   1843831.7440   5379395.8549
095340   45.0000  90.0000    1000.0000   4194430.5549   1843831.7440   5379395.8549
095840   45.0000  90.0000    1000.0000   4194430.5549   1843831.7440   5379395.8549
100340   45.0000  90.0000    1000.0000   4194430.5549   1843831.7440   5379395.8549
100840   45.0000  90.0000    1000.0000   4194430.5549   1843831.7440   5379395.8549
101340   45.0000  90.0000    1000.0000   4194430.5549   1843831.7440   5379395.8549
101840   45.0000  90.0000    1000.0000   4194430.5549   1843831.7440   5379395.8549
102340   45.0000  90.0000    1000.0000   4194430.5549   1843831.7440   5379395.8549
102840   45.0000  90.0000    1000.0000   4194430.5549   1843831.7440   5379395.8549
103340   45.0000  90.0000    1000.0000   4194430.5549   1843831.7440   5379395.8549
103840   45.0000  90.0000    1000.0000   4194430.5549   1843831.7440   5379395.8549
104340   45.0000  90.0000    1000.0000   4194430.5549   1843831.7440   5379395.8549
104840   45.0000  90.0000    1000.0000   4194430.5549   1843831.7440   5379395.8549
105340   45.0000  90.0000    1000.0000   4194430.5549   1843831.7440   5379395.8549
105840   45.0000  90.0000    1000.0000   4194430.5549   1843831.7440   5379395.8549
110340   45.0000  90.0000    1000.0000   4194430.5549   1843831.7440   5379395.8549
110840   45.0000  90.0000    1000.0000   4194430.5549   1843831.7440   5379395.8549
111340   45.0000  90.0000    1000.0000   4194430.5549   1843831.7440   5379395.8549
111840   45.0000  90.0000    1000.0000   4194430.5549   1843831.7440   5379395.8549
112340   45.0000  90.0000    1000.0000   4194430.5549   1843831.7440   5379395.8549
112840   45.0000  90.0000    1000.0000   4194430.5549   1843831.7440   5379395.8549
113340   45.0000  90.0000    1000.0000   4194430.5549   1843831.7440   5379395.8549
113840   45.0000  90.0000    1000.0000   4194430.5549   1843831.7440   5379395.8549
114340   45.0000  90.0000    1000.0000   4194430.5549   1843831.7440   5379395.8549
114840   45.0000  90.0000    1000.0000   4194430.5549   1843831.7440   5379395.8549
115340   45.0000  90.0000    1000.0000   4194430.5549   1843831.7440   5379395.8549
115840   45.0000  90.0000    1000.0000   4194430.5549   1843831.7440   5379395.8549
120340   45.0000  90.0000    1000.0000   4194430.5549   1843831.7440   5379395.8549
120840   45.0000  90.0000    1000.0000   4194430.5549   1843831.7440   5379395.8549
121340   45.0000  90.0000    1000.0000   4194430.5549   1843831.7440   5379395.8549
121840   45.0000  90.0000    1000.0000   4194430.5549   1843831.7440   5379395.8549
122340   45.0000  90.0000    1000.0000   4194430.5549   1843831.7440   5379395.8549
122840   45.0000  90.0000    1000.0000   4194430.5549   1843831.7440   5379395.8549
123340   45.0000  90.0000    1000.0000   4194430.5549   1843831.7440   5379395.8549
123840   45.0000  90.0000    1000.0000   4194430.5549   1843831.7440   5379395.8549
124340   45.0000  90.0000    1000.0000   4194430.5549   1843831.7440   5379395.8549
124840   45.0000  90.0000    1000.0000   4194430.5549   1843831.7440   5379395.8549
125340   45.0000  90.0000    1000.0000   4194430.5549   1843831.7440   5379395.8549
125840   45.0000  90.0000    1000.0000   4194430.5549   1843831.7440   5379395.8549
130340   45.0000  90.0000    1000.0000   4194430.5549   1843831.7440   5379395.8549
130840   45.0000  90.0000    1000.0000   4194430.5549   1843831.7440   5379395.8549
131340   45.0000  90.0000    1000.0000   4194430.5549   1843831.7440   5379395.8549
131840   45.0000  90.0000    1000.0000   4194430.5549   1843831.7440   5379395.8549
132340   45.0000  90.0000    1000.0000   4194430.5549   1843831.7440   5379395.8549
132840   45.0000  90.0000    1000.0000   4194430.5549   1843831.7440   5379395.8549
133340   45.0000  90.0000    1000.0000   4194430.5549   1843831.7440   5379395.8549
133840   45.0000  90.0000    1000.0000   4194430.5549   1843831.7440   5379395.8549
134340   45.0000  90.0000    1000.0000   4194430.5549   1843831.7440   5379395.8549
134840   45.0000  90.0000    1000.0000   4194430.5549   1843831.7440   5379395.8549
135340   45.0000  90.0000    1000.0000   4194430.5549   1843831.7440   5379395.8549
135840   45.0000  90.0000    1000.0000   4194430.5549   1843831.7440   5379395.8549
140340   45.0000  90.0000    1000.0000   4194430.5549   1843831.7440   5379395.8549
140840   45.0000  90.0000    1000.0000   4194430.5549   1843831.7440   5379395.8549
141340   45.0000  90.0000    1000.0000   4194430.5549   1843831.7440   5379395.8549
141840   45.0000  90.0000    1000.0000   4194430.5549   1843831.7440   5379395.8549
142340   45.0000  90.0000    1000.0000   4194430.5549   1843831.7440   5379395.8549
142840   45.0000  90.0000    1000.0000   4194430.5549   1843831.7440   5379395.8549
143340   45.0000  90.0000    1000.0000   4194430.5549   1843831.7440   5379395.8549
143840   45.0000  90.0000    1000.0000   4194430.5549   1843831.7440   5379395.8549
144340   45.0000  90.0000    1000.0000   4194430.5549   1843831.7440   5379395.8549
144840   45.0000  90.0000    1000.0000   4194430.5549   1843831.7440   5379395.8549
145340   45.0000  90.0000    1000.0000   4194430.5549   1843831.7440   5379395.8549
145840   45.0000  90.0000    1000.0000   4194430.5549   1843831.7440   5379395.8549
150340   45.0000  90.0000    1000.0000   4194430.5549   1843831.7440   5379395.8549
150840   45.0000  90.0000    1000.0000   4194430.5549   1843831.7440   5379395.8549
151340   45.0000  90.0000    1000.0000   4194430.5549   1843831.7440   5379395.8549
151840   45.0000  90.0000    1000.0000   4194430.5549   1843831.7440   5379395.8549
152340   45.0000  90.0000    1000.0000   4194430.5549   1843831.7440   5379395.8549
152840   45.0000  90.0000    1000.0000   4194430.5549   1843831.7440   5379395.8549
153340   45.0000  90.0000    1000.0000   4194430.5549   1843831.7440   5379395.8549
153840   45.0000  90.0000    1000.0000   4194430.5549   1843831.7440   5379395.8549
154340   45.0000  90.0000    1000.0000   4194430.5549   1843831.7440   5379395.8549
154840   45.0000  90.0000    1000.0000   4194430.5549   1843831.7440   5379395.8549
155340   45.0000  90.0000    1000.0000   4194430.5549   1843831.7440   5379395.8549
155840   45.0000  90.0000    1000.0000   4194430.5549   1843831.7440   5379395.8549
160340   45.0000  90.0000    1000.0000   4194430.5549   1843831.7440   5379395.8549
160840   45.0000  90.0000    1000.0000   4194430.5549   1843831.7440   5379395.8549
161340   45.0000  90.0000    1000.0000   4194430.5549   1843831.7440   5379395.8549
161840   45.0000  90.0000    1000.0000   4194430.5549   1843831.7440   5379395.8549
162340   45.0000  90.0000    1000.0000   4194430.5549   1843831.7440   5379395.8549
162840   45.0000  90.0000    1000.0000   4194430.5549   1843831.7440   5379395.8549
163340   45.0000  90.0000    1000.0000   4194430.5549   1843831.7440   5379395.8549
163840   45.0000  90.0000    1000.0000   4194430.5549   1843831.7440   5379395.8549
164340   45.0000  90.0000    1000.0000   4194430.5549   1843831.7440   5379395.8549
164840   45.0000  90.0000    1000.0000   4194430.5549   1843831.7440   5379395.8549
165340   45.0000  90.0000    1000.0000   4194430.5549   1843831.7440   5379395.8549
165840   45.0000  90.0000    1000.0000   4194430.5549   1843831.7440   5379395.8549
170340   45.0000  90.0000    1000.0000   4194430.5549   1843831.7440   5379395.8549
170840   45.0000  90.0000    1000.0000   4194430.5549   1843831.7440   5379395.8549
