X2112711 R_PNT     RP_TEST 1808 0000000   45 90.0 2025 127 115550 300 100   0   0 1     -1
115550   45.0000  90.0000    1000.0000   4850815.9701   1344644.8646   5379398.7990
120050   45.0000  90.0000    1000.0000   4850815.9701   1344644.8646   5379398.7990
120550   45.0000  90.0000    1000.0000   4850815.9701   1344644.8646   5379398.7990
121050   45.0000  90.0000    1000.0000   4850815.9701   1344644.8646   5379398.7990
121550   45.0000  90.0000    1000.0000   4850815.9701   1344644.8646   5379398.7990
122050   45.0000  90.0000    1000.0000   4850815.9701   1344644.8646   5379398.7990
122550   45.0000  90.0000    1000.0000   4850815.9701   1344644.8646   5379398.7990
123050   45.0000  90.0000    1000.0000   4850815.9701   1344644.8646   5379398.7990
123550   45.0000  90.0000    1000.0000   4850815.9701   1344644.8646   5379398.7990
124050   45.0000  90.0000    1000.0000   4850815.9701   1344644.8646   5379398.7990
124550   45.0000  90.0000    1000.0000   4850815.9701   1344644.8646   5379398.7990
125050   45.0000  90.0000    1000.0000   4850815.9701   1344644.8646   5379398.7990
125550   45.0000  90.0000    1000.0000   4850815.9701   1344644.8646   5379398.7990
130050   45.0000  90.0000    1000.0000   4850815.9701   1344644.8646   5379398.7990
130550   45.0000  90.0000    1000.0000   4850815.9701   1344644.8646   5379398.7990
131050   45.0000  90.0000    1000.0000   4850815.9701   1344644.8646   5379398.7990
131550   45.0000  90.0000    1000.0000   4850815.9701   1344644.8646   5379398.7990
132050   45.0000  90.0000    1000.0000   4850815.9701   1344644.8646   5379398.7990
132550   45.0000  90.0000    1000.0000   4850815.9701   1344644.8646   5379398.7990
133050   45.0000  90.0000    1000.0000   4850815.9701   1344644.8646   5379398.7990
133550   45.0000  90.0000    1000.0000   4850815.9701   1344644.8646   5379398.7990
134050   45.0000  90.0000    1000.0000   4850815.9701   1344644.8646   5379398.7990
134550   45.0000  90.0000    1000.0000   4850815.9701   1344644.8646   5379398.7990
135050   45.0000  90.0000    1000.0000   4850815.9701   1344644.8646   5379398.7990
135550   45.0000  90.0000    1000.0000   4850815.9701   1344644.8646   5379398.7990
140050   45.0000  90.0000    1000.0000   4850815.9701   1344644.8646   5379398.7990
140550   45.0000  90.0000    1000.0000   4850815.9701   1344644.8646   5379398.7990
141050   45.0000  90.0000    1000.0000   4850815.9701   1344644.8646   5379398.7990
141550   45.0000  90.0000    1000.0000   4850815.9701   1344644.8646   5379398.7990
142050   45.0000  90.0000    1000.0000   4850815.9701   1344644.8646   5379398.7990
142550   45.0000  90.0000    1000.0000   4850815.9701   1344644.8646   5379398.7990
143050   45.0000  90.0000    1000.0000   4850815.9701   1344644.8646   5379398.7990
143550   45.0000  90.0000    1000.0000   4850815.9701   1344644.8646   5379398.7990
144050   45.0000  90.0000    1000.0000   4850815.9701   1344644.8646   5379398.7990
144550   45.0000  90.0000    1000.0000   4850815.9701   1344644.8646   5379398.7990
145050   45.0000  90.0000    1000.0000   4850815.9701   1344644.8646   5379398.7990
145550   45.0000  90.0000    1000.0000   4850815.9701   1344644.8646   5379398.7990
150050   45.0000  90.0000    1000.0000   4850815.9701   1344644.8646   5379398.7990
150550   45.0000  90.0000    1000.0000   4850815.9701   1344644.8646   5379398.7990
151050   45.0000  90.0000    1000.0000   4850815.9701   1344644.8646   5379398.7990
151550   45.0000  90.0000    1000.0000   4850815.9701   1344644.8646   5379398.7990
152050   45.0000  90.0000    1000.0000   4850815.9701   1344644.8646   5379398.7990
152550   45.0000  90.0000    1000.0000   4850815.9701   1344644.8646   5379398.7990
153050   45.0000  90.0000    1000.0000   4850815.9701   1344644.8646   5379398.7990
153550   45.0000  90.0000    1000.0000   4850815.9701   1344644.8646   5379398.7990
154050   45.0000  90.0000    1000.0000   4850815.9701   1344644.8646   5379398.7990
154550   45.0000  90.0000    1000.0000   4850815.9701   1344644.8646   5379398.7990
155050   45.0000  90.0000    1000.0000   4850815.9701   1344644.8646   5379398.7990
155550   45.0000  90.0000    1000.0000   4850815.9701   1344644.8646   5379398.7990
160050   45.0000  90.0000    1000.0000   4850815.9701   1344644.8646   5379398.7990
160550   45.0000  90.0000    1000.0000   4850815.9701   1344644.8646   5379398.7990
161050   45.0000  90.0000    1000.0000   4850815.9701   1344644.8646   5379398.7990
161550   45.0000  90.0000    1000.0000   4850815.9701   1344644.8646   5379398.7990
162050   45.0000  90.0000    1000.0000   4850815.9701   1344644.8646   5379398.7990
162550   45.0000  90.0000    1000.0000   4850815.9701   1344644.8646   5379398.7990
163050   45.0000  90.0000    1000.0000   4850815.9701   1344644.8646   5379398.7990
163550   45.0000  90.0000    1000.0000   4850815.9701   1344644.8646   5379398.7990
164050   45.0000  90.0000    1000.0000   4850815.9701   1344644.8646   5379398.7990
164550   45.0000  90.0000    1000.0000   4850815.9701   1344644.8646   5379398.7990
165050   45.0000  90.0000    1000.0000   4850815.9701   1344644.8646   5379398.7990
165550   45.0000  90.0000    1000.0000   4850815.9701   1344644.8646   5379398.7990
170050   45.0000  90.0000    1000.0000   4850815.9701   1344644.8646   5379398.7990
170550   45.0000  90.0000    1000.0000   4850815.9701   1344644.8646   5379398.7990
171050   45.0000  90.0000    1000.0000   4850815.9701   1344644.8646   5379398.7990
171550   45.0000  90.0000    1000.0000   4850815.9701   1344644.8646   5379398.7990
172050   45.0000  90.0000    1000.0000   4850815.9701   1344644.8646   5379398.7990
172550   45.0000  90.0000    1000.0000   4850815.9701   1344644.8646   5379398.7990
173050   45.0000  90.0000    1000.0000   4850815.9701   1344644.8646   5379398.7990
173550   45.0000  90.0000    1000.0000   4850815.9701   1344644.8646   5379398.7990
174050   45.0000  90.0000    1000.0000   4850815.9701   1344644.8646   5379398.7990
174550   45.0000  90.0000    1000.0000   4850815.9701   1344644.8646   5379398.7990
175050   45.0000  90.0000    1000.0000   4850815.9701   1344644.8646   5379398.7990
175550   45.0000  90.0000    1000.0000   4850815.9701   1344644.8646   5379398.7990
180050   45.0000  90.0000    1000.0000   4850815.9701   1344644.8646   5379398.7990
180550   45.0000  90.0000    1000.0000   4850815.9701   1344644.8646   5379398.7990
181050   45.0000  90.0000    1000.0000   4850815.9701   1344644.8646   5379398.7990
181550   45.0000  90.0000    1000.0000   4850815.9701   1344644.8646   5379398.7990
182050   45.0000  90.0000    1000.0000   4850815.9701   1344644.8646   5379398.7990
182550   45.0000  90.0000    1000.0000   4850815.9701   1344644.8646   5379398.7990
183050   45.0000  90.0000    1000.0000   4850815.9701   1344644.8646   5379398.7990
183550   45.0000  90.0000    1000.0000   4850815.9701   1344644.8646   5379398.7990
184050   45.0000  90.0000    1000.0000   4850815.9701   1344644.8646   5379398.7990
184550   45.0000  90.0000    1000.0000   4850815.9701   1344644.8646   5379398.7990
185050   45.0000  90.0000    1000.0000   4850815.9701   1344644.8646   5379398.7990
185550   45.0000  90.0000    1000.0000   4850815.9701   1344644.8646   5379398.7990
190050   45.0000  90.0000    1000.0000   4850815.9701   1344644.8646   5379398.7990
190550   45.0000  90.0000    1000.0000   4850815.9701   1344644.8646   5379398.7990
191050   45.0000  90.0000    1000.0000   4850815.9701   1344644.8646   5379398.7990
191550   45.0000  90.0000    1000.0000   4850815.9701   1344644.8646   5379398.7990
192050   45.0000  90.0000    1000.0000   4850815.9701   1344644.8646   5379398.7990
192550   45.0000  90.0000    1000.0000   4850815.9701   1344644.8646   5379398.7990
193050   45.0000  90.0000    1000.0000   4850815.9701   1344644.8646   5379398.7990
193550   45.0000  90.0000    1000.0000   4850815.9701   1344644.8646   5379398.7990
194050   45.0000  90.0000    1000.0000   4850815.9701   1344644.8646   5379398.7990
194550   45.0000  90.0000    1000.0000   4850815.9701   1344644.8646   5379398.7990
195050   45.0000  90.0000    1000.0000   4850815.9701   1344644.8646   5379398.7990
195550   45.0000  90.0000    1000.0000   4850815.9701   1344644.8646   5379398.7990
200050   45.0000  90.0000    1000.0000   4850815.9701   1344644.8646   5379398.7990
200550   45.0000  90.0000    1000.0000   4850815.9701   1344644.8646   5379398.7990
201050   45.0000  90.0000    1000.0000   4850815.9701   1344644.8646   5379398.7990
