X2216110 R_PNT     RP_TEST 1808 0000000   90 15.0 2025 161 102527 300 100   0   0 1     -1
102527   90.0000  15.0000    1000.0000   4106288.6964   2140612.4403   4836741.7554
102707   90.0000  15.0000    1000.0000   4106288.6964   2140612.4403   4836741.7554
102847   90.0000  15.0000    1000.0000   4106288.6964   2140612.4403   4836741.7554
103027   90.0000  15.0000    1000.0000   4106288.6964   2140612.4403   4836741.7554
103207   90.0000  15.0000    1000.0000   4106288.6964   2140612.4403   4836741.7554
103347   90.0000  15.0000    1000.0000   4106288.6964   2140612.4403   4836741.7554
103527   90.0000  15.0000    1000.0000   4106288.6964   2140612.4403   4836741.7554
103707   90.0000  15.0000    1000.0000   4106288.6964   2140612.4403   4836741.7554
103847   90.0000  15.0000    1000.0000   4106288.6964   2140612.4403   4836741.7554
104027   90.0000  15.0000    1000.0000   4106288.6964   2140612.4403   4836741.7554
104207   90.0000  15.0000    1000.0000   4106288.6964   2140612.4403   4836741.7554
104347   90.0000  15.0000    1000.0000   4106288.6964   2140612.4403   4836741.7554
104527   90.0000  15.0000    1000.0000   4106288.6964   2140612.4403   4836741.7554
104707   90.0000  15.0000    1000.0000   4106288.6964   2140612.4403   4836741.7554
104847   90.0000  15.0000    1000.0000   4106288.6964   2140612.4403   4836741.7554
105027   90.0000  15.0000    1000.0000   4106288.6964   2140612.4403   4836741.7554
105207   90.0000  15.0000    1000.0000   4106288.6964   2140612.4403   4836741.7554
105347   90.0000  15.0000    1000.0000   4106288.6964   2140612.4403   4836741.7554
105527   90.0000  15.0000    1000.0000   4106288.6964   2140612.4403   4836741.7554
105707   90.0000  15.0000    1000.0000   4106288.6964   2140612.4403   4836741.7554
105847   90.0000  15.0000    1000.0000   4106288.6964   2140612.4403   4836741.7554
110027   90.0000  15.0000    1000.0000   4106288.6964   2140612.4403   4836741.7554
110207   90.0000  15.0000    1000.0000   4106288.6964   2140612.4403   4836741.7554
110347   90.0000  15.0000    1000.0000   4106288.6964   2140612.4403   4836741.7554
110527   90.0000  15.0000    1000.0000   4106288.6964   2140612.4403   4836741.7554
110707   90.0000  15.0000    1000.0000   4106288.6964   2140612.4403   4836741.7554
110847   90.0000  15.0000    1000.0000   4106288.6964   2140612.4403   4836741.7554
111027   90.0000  15.0000    1000.0000   4106288.6964   2140612.4403   4836741.7554
111207   90.0000  15.0000    1000.0000   4106288.6964   2140612.4403   4836741.7554
111347   90.0000  15.0000    1000.0000   4106288.6964   2140612.4403   4836741.7554
111527   90.0000  15.0000    1000.0000   4106288.6964   2140612.4403   4836741.7554
111707   90.0000  15.0000    1000.0000   4106288.6964   2140612.4403   4836741.7554
111847   90.0000  15.0000    1000.0000   4106288.6964   2140612.4403   4836741.7554
112027   90.0000  15.0000    1000.0000   4106288.6964   2140612.4403   4836741.7554
112207   90.0000  15.0000    1000.0000   4106288.6964   2140612.4403   4836741.7554
112347   90.0000  15.0000    1000.0000   4106288.6964   2140612.4403   4836741.7554
112527   90.0000  15.0000    1000.0000   4106288.6964   2140612.4403   4836741.7554
112707   90.0000  15.0000    1000.0000   4106288.6964   2140612.4403   4836741.7554
112847   90.0000  15.0000    1000.0000   4106288.6964   2140612.4403   4836741.7554
113027   90.0000  15.0000    1000.0000   4106288.6964   2140612.4403   4836741.7554
113207   90.0000  15.0000    1000.0000   4106288.6964   2140612.4403   4836741.7554
113347   90.0000  15.0000    1000.0000   4106288.6964   2140612.4403   4836741.7554
113527   90.0000  15.0000    1000.0000   4106288.6964   2140612.4403   4836741.7554
113707   90.0000  15.0000    1000.0000   4106288.6964   2140612.4403   4836741.7554
113847   90.0000  15.0000    1000.0000   4106288.6964   2140612.4403   4836741.7554
114027   90.0000  15.0000    1000.0000   4106288.6964   2140612.4403   4836741.7554
114207   90.0000  15.0000    1000.0000   4106288.6964   2140612.4403   4836741.7554
114347   90.0000  15.0000    1000.0000   4106288.6964   2140612.4403   4836741.7554
114527   90.0000  15.0000    1000.0000   4106288.6964   2140612.4403   4836741.7554
114707   90.0000  15.0000    1000.0000   4106288.6964   2140612.4403   4836741.7554
114847   90.0000  15.0000    1000.0000   4106288.6964   2140612.4403   4836741.7554
115027   90.0000  15.0000    1000.0000   4106288.6964   2140612.4403   4836741.7554
115207   90.0000  15.0000    1000.0000   4106288.6964   2140612.4403   4836741.7554
115347   90.0000  15.0000    1000.0000   4106288.6964   2140612.4403   4836741.7554
115527   90.0000  15.0000    1000.0000   4106288.6964   2140612.4403   4836741.7554
115707   90.0000  15.0000    1000.0000   4106288.6964   2140612.4403   4836741.7554
115847   90.0000  15.0000    1000.0000   4106288.6964   2140612.4403   4836741.7554
120027   90.0000  15.0000    1000.0000   4106288.6964   2140612.4403   4836741.7554
120207   90.0000  15.0000    1000.0000   4106288.6964   2140612.4403   4836741.7554
120347   90.0000  15.0000    1000.0000   4106288.6964   2140612.4403   4836741.7554
120527   90.0000  15.0000    1000.0000   4106288.6964   2140612.4403   4836741.7554
120707   90.0000  15.0000    1000.0000   4106288.6964   2140612.4403   4836741.7554
120847   90.0000  15.0000    1000.0000   4106288.6964   2140612.4403   4836741.7554
121027   90.0000  15.0000    1000.0000   4106288.6964   2140612.4403   4836741.7554
121207   90.0000  15.0000    1000.0000   4106288.6964   2140612.4403   4836741.7554
121347   90.0000  15.0000    1000.0000   4106288.6964   2140612.4403   4836741.7554
121527   90.0000  15.0000    1000.0000   4106288.6964   2140612.4403   4836741.7554
121707   90.0000  15.0000    1000.0000   4106288.6964   2140612.4403   4836741.7554
121847   90.0000  15.0000    1000.0000   4106288.6964   2140612.4403   4836741.7554
122027   90.0000  15.0000    1000.0000   4106288.6964   2140612.4403   4836741.7554
122207   90.0000  15.0000    1000.0000   4106288.6964   2140612.4403   4836741.7554
122347   90.0000  15.0000    1000.0000   4106288.6964   2140612.4403   4836741.7554
122527   90.0000  15.0000    1000.0000   4106288.6964   2140612.4403   4836741.7554
122707   90.0000  15.0000    1000.0000   4106288.6964   2140612.4403   4836741.7554
122847   90.0000  15.0000    1000.0000   4106288.6964   2140612.4403   4836741.7554
123027   90.0000  15.0000    1000.0000   4106288.6964   2140612.4403   4836741.7554
123207   90.0000  15.0000    1000.0000   4106288.6964   2140612.4403   4836741.7554
123347   90.0000  15.0000    1000.0000   4106288.6964   2140612.4403   4836741.7554
123527   90.0000  15.0000    1000.0000   4106288.6964   2140612.4403   4836741.7554
123707   90.0000  15.0000    1000.0000   4106288.6964   2140612.4403   4836741.7554
123847   90.0000  15.0000    1000.0000   4106288.6964   2140612.4403   4836741.7554
124027   90.0000  15.0000    1000.0000   4106288.6964   2140612.4403   4836741.7554
124207   90.0000  15.0000    1000.0000   4106288.6964   2140612.4403   4836741.7554
124347   90.0000  15.0000    1000.0000   4106288.6964   2140612.4403   4836741.7554
124527   90.0000  15.0000    1000.0000   4106288.6964   2140612.4403   4836741.7554
124707   90.0000  15.0000    1000.0000   4106288.6964   2140612.4403   4836741.7554
124847   90.0000  15.0000    1000.0000   4106288.6964   2140612.4403   4836741.7554
125027   90.0000  15.0000    1000.0000   4106288.6964   2140612.4403   4836741.7554
125207   90.0000  15.0000    1000.0000   4106288.6964   2140612.4403   4836741.7554
125347   90.0000  15.0000    1000.0000   4106288.6964   2140612.4403   4836741.7554
125527   90.0000  15.0000    1000.0000   4106288.6964   2140612.4403   4836741.7554
125707   90.0000  15.0000    1000.0000   4106288.6964   2140612.4403   4836741.7554
125847   90.0000  15.0000    1000.0000   4106288.6964   2140612.4403   4836741.7554
130027   90.0000  15.0000    1000.0000   4106288.6964   2140612.4403   4836741.7554
130207   90.0000  15.0000    1000.0000   4106288.6964   2140612.4403   4836741.7554
130347   90.0000  15.0000    1000.0000   4106288.6964   2140612.4403   4836741.7554
130527   90.0000  15.0000    1000.0000   4106288.6964   2140612.4403   4836741.7554
130707   90.0000  15.0000    1000.0000   4106288.6964   2140612.4403   4836741.7554
130847   90.0000  15.0000    1000.0000   4106288.6964   2140612.4403   4836741.7554
131027   90.0000  15.0000    1000.0000   4106288.6964   2140612.4403   4836741.7554
