X2212708 R_PNT     RP_TEST 1808 0000000   90 15.0 2025 127 085340 300 100   0   0 1     -1
085340   90.0000  15.0000    1000.0000   3936406.9520    657476.8971   5470762.7388
085840   90.0000  15.0000    1000.0000   3936406.9520    657476.8971   5470762.7388
090340   90.0000  15.0000    1000.0000   3936406.9520    657476.8971   5470762.7388
090840   90.0000  15.0000    1000.0000   3936406.9520    657476.8971   5470762.7388
091340   90.0000  15.0000    1000.0000   3936406.9520    657476.8971   5470762.7388
091840   90.0000  15.0000    1000.0000   3936406.9520    657476.8971   5470762.7388
092340   90.0000  15.0000    1000.0000   3936406.9520    657476.8971   5470762.7388
092840   90.0000  15.0000    1000.0000   3936406.9520    657476.8971   5470762.7388
093340   90.0000  15.0000    1000.0000   3936406.9520    657476.8971   5470762.7388
093840   90.0000  15.0000    1000.0000   3936406.9520    657476.8971   5470762.7388
094340   90.0000  15.0000    1000.0000   3936406.9520    657476.8971   5470762.7388
094840   90.0000  15.0000    1000.0000   3936406.9520    657476.8971   5470762.7388
095340   90.0000  15.0000    1000.0000   3936406.9520    657476.8971   5470762.7388
095840   90.0000  15.0000    1000.0000   3936406.9520    657476.8971   5470762.7388
100340   90.0000  15.0000    1000.0000   3936406.9520    657476.8971   5470762.7388
100840   90.0000  15.0000    1000.0000   3936406.9520    657476.8971   5470762.7388
101340   90.0000  15.0000    1000.0000   3936406.9520    657476.8971   5470762.7388
101840   90.0000  15.0000    1000.0000   3936406.9520    657476.8971   5470762.7388
102340   90.0000  15.0000    1000.0000   3936406.9520    657476.8971   5470762.7388
102840   90.0000  15.0000    1000.0000   3936406.9520    657476.8971   5470762.7388
103340   90.0000  15.0000    1000.0000   3936406.9520    657476.8971   5470762.7388
103840   90.0000  15.0000    1000.0000   3936406.9520    657476.8971   5470762.7388
104340   90.0000  15.0000    1000.0000   3936406.9520    657476.8971   5470762.7388
104840   90.0000  15.0000    1000.0000   3936406.9520    657476.8971   5470762.7388
105340   90.0000  15.0000    1000.0000   3936406.9520    657476.8971   5470762.7388
105840   90.0000  15.0000    1000.0000   3936406.9520    657476.8971   5470762.7388
110340   90.0000  15.0000    1000.0000   3936406.9520    657476.8971   5470762.7388
110840   90.0000  15.0000    1000.0000   3936406.9520    657476.8971   5470762.7388
111340   90.0000  15.0000    1000.0000   3936406.9520    657476.8971   5470762.7388
111840   90.0000  15.0000    1000.0000   3936406.9520    657476.8971   5470762.7388
112340   90.0000  15.0000    1000.0000   3936406.9520    657476.8971   5470762.7388
112840   90.0000  15.0000    1000.0000   3936406.9520    657476.8971   5470762.7388
113340   90.0000  15.0000    1000.0000   3936406.9520    657476.8971   5470762.7388
113840   90.0000  15.0000    1000.0000   3936406.9520    657476.8971   5470762.7388
114340   90.0000  15.0000    1000.0000   3936406.9520    657476.8971   5470762.7388
114840   90.0000  15.0000    1000.0000   3936406.9520    657476.8971   5470762.7388
115340   90.0000  15.0000    1000.0000   3936406.9520    657476.8971   5470762.7388
115840   90.0000  15.0000    1000.0000   3936406.9520    657476.8971   5470762.7388
120340   90.0000  15.0000    1000.0000   3936406.9520    657476.8971   5470762.7388
120840   90.0000  15.0000    1000.0000   3936406.9520    657476.8971   5470762.7388
121340   90.0000  15.0000    1000.0000   3936406.9520    657476.8971   5470762.7388
121840   90.0000  15.0000    1000.0000   3936406.9520    657476.8971   5470762.7388
122340   90.0000  15.0000    1000.0000   3936406.9520    657476.8971   5470762.7388
122840   90.0000  15.0000    1000.0000   3936406.9520    657476.8971   5470762.7388
123340   90.0000  15.0000    1000.0000   3936406.9520    657476.8971   5470762.7388
123840   90.0000  15.0000    1000.0000   3936406.9520    657476.8971   5470762.7388
124340   90.0000  15.0000    1000.0000   3936406.9520    657476.8971   5470762.7388
124840   90.0000  15.0000    1000.0000   3936406.9520    657476.8971   5470762.7388
125340   90.0000  15.0000    1000.0000   3936406.9520    657476.8971   5470762.7388
125840   90.0000  15.0000    1000.0000   3936406.9520    657476.8971   5470762.7388
130340   90.0000  15.0000    1000.0000   3936406.9520    657476.8971   5470762.7388
130840   90.0000  15.0000    1000.0000   3936406.9520    657476.8971   5470762.7388
131340   90.0000  15.0000    1000.0000   3936406.9520    657476.8971   5470762.7388
131840   90.0000  15.0000    1000.0000   3936406.9520    657476.8971   5470762.7388
132340   90.0000  15.0000    1000.0000   3936406.9520    657476.8971   5470762.7388
132840   90.0000  15.0000    1000.0000   3936406.9520    657476.8971   5470762.7388
133340   90.0000  15.0000    1000.0000   3936406.9520    657476.8971   5470762.7388
133840   90.0000  15.0000    1000.0000   3936406.9520    657476.8971   5470762.7388
134340   90.0000  15.0000    1000.0000   3936406.9520    657476.8971   5470762.7388
134840   90.0000  15.0000    1000.0000   3936406.9520    657476.8971   5470762.7388
135340   90.0000  15.0000    1000.0000   3936406.9520    657476.8971   5470762.7388
135840   90.0000  15.0000    1000.0000   3936406.9520    657476.8971   5470762.7388
140340   90.0000  15.0000    1000.0000   3936406.9520    657476.8971   5470762.7388
140840   90.0000  15.0000    1000.0000   3936406.9520    657476.8971   5470762.7388
141340   90.0000  15.0000    1000.0000   3936406.9520    657476.8971   5470762.7388
141840   90.0000  15.0000    1000.0000   3936406.9520    657476.8971   5470762.7388
142340   90.0000  15.0000    1000.0000   3936406.9520    657476.8971   5470762.7388
142840   90.0000  15.0000    1000.0000   3936406.9520    657476.8971   5470762.7388
143340   90.0000  15.0000    1000.0000   3936406.9520    657476.8971   5470762.7388
143840   90.0000  15.0000    1000.0000   3936406.9520    657476.8971   5470762.7388
144340   90.0000  15.0000    1000.0000   3936406.9520    657476.8971   5470762.7388
144840   90.0000  15.0000    1000.0000   3936406.9520    657476.8971   5470762.7388
145340   90.0000  15.0000    1000.0000   3936406.9520    657476.8971   5470762.7388
145840   90.0000  15.0000    1000.0000   3936406.9520    657476.8971   5470762.7388
150340   90.0000  15.0000    1000.0000   3936406.9520    657476.8971   5470762.7388
150840   90.0000  15.0000    1000.0000   3936406.9520    657476.8971   5470762.7388
151340   90.0000  15.0000    1000.0000   3936406.9520    657476.8971   5470762.7388
151840   90.0000  15.0000    1000.0000   3936406.9520    657476.8971   5470762.7388
152340   90.0000  15.0000    1000.0000   3936406.9520    657476.8971   5470762.7388
152840   90.0000  15.0000    1000.0000   3936406.9520    657476.8971   5470762.7388
153340   90.0000  15.0000    1000.0000   3936406.9520    657476.8971   5470762.7388
153840   90.0000  15.0000    1000.0000   3936406.9520    657476.8971   5470762.7388
154340   90.0000  15.0000    1000.0000   3936406.9520    657476.8971   5470762.7388
154840   90.0000  15.0000    1000.0000   3936406.9520    657476.8971   5470762.7388
155340   90.0000  15.0000    1000.0000   3936406.9520    657476.8971   5470762.7388
155840   90.0000  15.0000    1000.0000   3936406.9520    657476.8971   5470762.7388
160340   90.0000  15.0000    1000.0000   3936406.9520    657476.8971   5470762.7388
160840   90.0000  15.0000    1000.0000   3936406.9520    657476.8971   5470762.7388
161340   90.0000  15.0000    1000.0000   3936406.9520    657476.8971   5470762.7388
161840   90.0000  15.0000    1000.0000   3936406.9520    657476.8971   5470762.7388
162340   90.0000  15.0000    1000.0000   3936406.9520    657476.8971   5470762.7388
162840   90.0000  15.0000    1000.0000   3936406.9520    657476.8971   5470762.7388
163340   90.0000  15.0000    1000.0000   3936406.9520    657476.8971   5470762.7388
163840   90.0000  15.0000    1000.0000   3936406.9520    657476.8971   5470762.7388
164340   90.0000  15.0000    1000.0000   3936406.9520    657476.8971   5470762.7388
164840   90.0000  15.0000    1000.0000   3936406.9520    657476.8971   5470762.7388
165340   90.0000  15.0000    1000.0000   3936406.9520    657476.8971   5470762.7388
165840   90.0000  15.0000    1000.0000   3936406.9520    657476.8971   5470762.7388
170340   90.0000  15.0000    1000.0000   3936406.9520    657476.8971   5470762.7388
170840   90.0000  15.0000    1000.0000   3936406.9520    657476.8971   5470762.7388
