X2212711 R_PNT     RP_TEST 1808 0000000   90 15.0 2025 127 115550 300 100   0   0 1     -1
115550   90.0000  15.0000    1000.0000   4106288.6964   2140612.4403   4836741.7554
120050   90.0000  15.0000    1000.0000   4106288.6964   2140612.4403   4836741.7554
120550   90.0000  15.0000    1000.0000   4106288.6964   2140612.4403   4836741.7554
121050   90.0000  15.0000    1000.0000   4106288.6964   2140612.4403   4836741.7554
121550   90.0000  15.0000    1000.0000   4106288.6964   2140612.4403   4836741.7554
122050   90.0000  15.0000    1000.0000   4106288.6964   2140612.4403   4836741.7554
122550   90.0000  15.0000    1000.0000   4106288.6964   2140612.4403   4836741.7554
123050   90.0000  15.0000    1000.0000   4106288.6964   2140612.4403   4836741.7554
123550   90.0000  15.0000    1000.0000   4106288.6964   2140612.4403   4836741.7554
124050   90.0000  15.0000    1000.0000   4106288.6964   2140612.4403   4836741.7554
124550   90.0000  15.0000    1000.0000   4106288.6964   2140612.4403   4836741.7554
125050   90.0000  15.0000    1000.0000   4106288.6964   2140612.4403   4836741.7554
125550   90.0000  15.0000    1000.0000   4106288.6964   2140612.4403   4836741.7554
130050   90.0000  15.0000    1000.0000   4106288.6964   2140612.4403   4836741.7554
130550   90.0000  15.0000    1000.0000   4106288.6964   2140612.4403   4836741.7554
131050   90.0000  15.0000    1000.0000   4106288.6964   2140612.4403   4836741.7554
131550   90.0000  15.0000    1000.0000   4106288.6964   2140612.4403   4836741.7554
132050   90.0000  15.0000    1000.0000   4106288.6964   2140612.4403   4836741.7554
132550   90.0000  15.0000    1000.0000   4106288.6964   2140612.4403   4836741.7554
133050   90.0000  15.0000    1000.0000   4106288.6964   2140612.4403   4836741.7554
133550   90.0000  15.0000    1000.0000   4106288.6964   2140612.4403   4836741.7554
134050   90.0000  15.0000    1000.0000   4106288.6964   2140612.4403   4836741.7554
134550   90.0000  15.0000    1000.0000   4106288.6964   2140612.4403   4836741.7554
135050   90.0000  15.0000    1000.0000   4106288.6964   2140612.4403   4836741.7554
135550   90.0000  15.0000    1000.0000   4106288.6964   2140612.4403   4836741.7554
140050   90.0000  15.0000    1000.0000   4106288.6964   2140612.4403   4836741.7554
140550   90.0000  15.0000    1000.0000   4106288.6964   2140612.4403   4836741.7554
141050   90.0000  15.0000    1000.0000   4106288.6964   2140612.4403   4836741.7554
141550   90.0000  15.0000    1000.0000   4106288.6964   2140612.4403   4836741.7554
142050   90.0000  15.0000    1000.0000   4106288.6964   2140612.4403   4836741.7554
142550   90.0000  15.0000    1000.0000   4106288.6964   2140612.4403   4836741.7554
143050   90.0000  15.0000    1000.0000   4106288.6964   2140612.4403   4836741.7554
143550   90.0000  15.0000    1000.0000   4106288.6964   2140612.4403   4836741.7554
144050   90.0000  15.0000    1000.0000   4106288.6964   2140612.4403   4836741.7554
144550   90.0000  15.0000    1000.0000   4106288.6964   2140612.4403   4836741.7554
145050   90.0000  15.0000    1000.0000   4106288.6964   2140612.4403   4836741.7554
145550   90.0000  15.0000    1000.0000   4106288.6964   2140612.4403   4836741.7554
150050   90.0000  15.0000    1000.0000   4106288.6964   2140612.4403   4836741.7554
150550   90.0000  15.0000    1000.0000   4106288.6964   2140612.4403   4836741.7554
151050   90.0000  15.0000    1000.0000   4106288.6964   2140612.4403   4836741.7554
151550   90.0000  15.0000    1000.0000   4106288.6964   2140612.4403   4836741.7554
152050   90.0000  15.0000    1000.0000   4106288.6964   2140612.4403   4836741.7554
152550   90.0000  15.0000    1000.0000   4106288.6964   2140612.4403   4836741.7554
153050   90.0000  15.0000    1000.0000   4106288.6964   2140612.4403   4836741.7554
153550   90.0000  15.0000    1000.0000   4106288.6964   2140612.4403   4836741.7554
154050   90.0000  15.0000    1000.0000   4106288.6964   2140612.4403   4836741.7554
154550   90.0000  15.0000    1000.0000   4106288.6964   2140612.4403   4836741.7554
155050   90.0000  15.0000    1000.0000   4106288.6964   2140612.4403   4836741.7554
155550   90.0000  15.0000    1000.0000   4106288.6964   2140612.4403   4836741.7554
160050   90.0000  15.0000    1000.0000   4106288.6964   2140612.4403   4836741.7554
160550   90.0000  15.0000    1000.0000   4106288.6964   2140612.4403   4836741.7554
161050   90.0000  15.0000    1000.0000   4106288.6964   2140612.4403   4836741.7554
161550   90.0000  15.0000    1000.0000   4106288.6964   2140612.4403   4836741.7554
162050   90.0000  15.0000    1000.0000   4106288.6964   2140612.4403   4836741.7554
162550   90.0000  15.0000    1000.0000   4106288.6964   2140612.4403   4836741.7554
163050   90.0000  15.0000    1000.0000   4106288.6964   2140612.4403   4836741.7554
163550   90.0000  15.0000    1000.0000   4106288.6964   2140612.4403   4836741.7554
164050   90.0000  15.0000    1000.0000   4106288.6964   2140612.4403   4836741.7554
164550   90.0000  15.0000    1000.0000   4106288.6964   2140612.4403   4836741.7554
165050   90.0000  15.0000    1000.0000   4106288.6964   2140612.4403   4836741.7554
165550   90.0000  15.0000    1000.0000   4106288.6964   2140612.4403   4836741.7554
170050   90.0000  15.0000    1000.0000   4106288.6964   2140612.4403   4836741.7554
170550   90.0000  15.0000    1000.0000   4106288.6964   2140612.4403   4836741.7554
171050   90.0000  15.0000    1000.0000   4106288.6964   2140612.4403   4836741.7554
171550   90.0000  15.0000    1000.0000   4106288.6964   2140612.4403   4836741.7554
172050   90.0000  15.0000    1000.0000   4106288.6964   2140612.4403   4836741.7554
172550   90.0000  15.0000    1000.0000   4106288.6964   2140612.4403   4836741.7554
173050   90.0000  15.0000    1000.0000   4106288.6964   2140612.4403   4836741.7554
173550   90.0000  15.0000    1000.0000   4106288.6964   2140612.4403   4836741.7554
174050   90.0000  15.0000    1000.0000   4106288.6964   2140612.4403   4836741.7554
174550   90.0000  15.0000    1000.0000   4106288.6964   2140612.4403   4836741.7554
175050   90.0000  15.0000    1000.0000   4106288.6964   2140612.4403   4836741.7554
175550   90.0000  15.0000    1000.0000   4106288.6964   2140612.4403   4836741.7554
180050   90.0000  15.0000    1000.0000   4106288.6964   2140612.4403   4836741.7554
180550   90.0000  15.0000    1000.0000   4106288.6964   2140612.4403   4836741.7554
181050   90.0000  15.0000    1000.0000   4106288.6964   2140612.4403   4836741.7554
181550   90.0000  15.0000    1000.0000   4106288.6964   2140612.4403   4836741.7554
182050   90.0000  15.0000    1000.0000   4106288.6964   2140612.4403   4836741.7554
182550   90.0000  15.0000    1000.0000   4106288.6964   2140612.4403   4836741.7554
183050   90.0000  15.0000    1000.0000   4106288.6964   2140612.4403   4836741.7554
183550   90.0000  15.0000    1000.0000   4106288.6964   2140612.4403   4836741.7554
184050   90.0000  15.0000    1000.0000   4106288.6964   2140612.4403   4836741.7554
184550   90.0000  15.0000    1000.0000   4106288.6964   2140612.4403   4836741.7554
185050   90.0000  15.0000    1000.0000   4106288.6964   2140612.4403   4836741.7554
185550   90.0000  15.0000    1000.0000   4106288.6964   2140612.4403   4836741.7554
190050   90.0000  15.0000    1000.0000   4106288.6964   2140612.4403   4836741.7554
190550   90.0000  15.0000    1000.0000   4106288.6964   2140612.4403   4836741.7554
191050   90.0000  15.0000    1000.0000   4106288.6964   2140612.4403   4836741.7554
191550   90.0000  15.0000    1000.0000   4106288.6964   2140612.4403   4836741.7554
192050   90.0000  15.0000    1000.0000   4106288.6964   2140612.4403   4836741.7554
192550   90.0000  15.0000    1000.0000   4106288.6964   2140612.4403   4836741.7554
193050   90.0000  15.0000    1000.0000   4106288.6964   2140612.4403   4836741.7554
193550   90.0000  15.0000    1000.0000   4106288.6964   2140612.4403   4836741.7554
194050   90.0000  15.0000    1000.0000   4106288.6964   2140612.4403   4836741.7554
194550   90.0000  15.0000    1000.0000   4106288.6964   2140612.4403   4836741.7554
195050   90.0000  15.0000    1000.0000   4106288.6964   2140612.4403   4836741.7554
195550   90.0000  15.0000    1000.0000   4106288.6964   2140612.4403   4836741.7554
200050   90.0000  15.0000    1000.0000   4106288.6964   2140612.4403   4836741.7554
200550   90.0000  15.0000    1000.0000   4106288.6964   2140612.4403   4836741.7554
201050   90.0000  15.0000    1000.0000   4106288.6964   2140612.4403   4836741.7554
