X2312708 R_PNT     RP_TEST 1808 0000000   90 30.0 2025 127 085340 300 100   0   0 1     -1
085340   90.0000  30.0000    1000.0000   3963092.9213    892239.6462   5581770.2076
085840   90.0000  30.0000    1000.0000   3963092.9213    892239.6462   5581770.2076
090340   90.0000  30.0000    1000.0000   3963092.9213    892239.6462   5581770.2076
090840   90.0000  30.0000    1000.0000   3963092.9213    892239.6462   5581770.2076
091340   90.0000  30.0000    1000.0000   3963092.9213    892239.6462   5581770.2076
091840   90.0000  30.0000    1000.0000   3963092.9213    892239.6462   5581770.2076
092340   90.0000  30.0000    1000.0000   3963092.9213    892239.6462   5581770.2076
092840   90.0000  30.0000    1000.0000   3963092.9213    892239.6462   5581770.2076
093340   90.0000  30.0000    1000.0000   3963092.9213    892239.6462   5581770.2076
093840   90.0000  30.0000    1000.0000   3963092.9213    892239.6462   5581770.2076
094340   90.0000  30.0000    1000.0000   3963092.9213    892239.6462   5581770.2076
094840   90.0000  30.0000    1000.0000   3963092.9213    892239.6462   5581770.2076
095340   90.0000  30.0000    1000.0000   3963092.9213    892239.6462   5581770.2076
095840   90.0000  30.0000    1000.0000   3963092.9213    892239.6462   5581770.2076
100340   90.0000  30.0000    1000.0000   3963092.9213    892239.6462   5581770.2076
100840   90.0000  30.0000    1000.0000   3963092.9213    892239.6462   5581770.2076
101340   90.0000  30.0000    1000.0000   3963092.9213    892239.6462   5581770.2076
101840   90.0000  30.0000    1000.0000   3963092.9213    892239.6462   5581770.2076
102340   90.0000  30.0000    1000.0000   3963092.9213    892239.6462   5581770.2076
102840   90.0000  30.0000    1000.0000   3963092.9213    892239.6462   5581770.2076
103340   90.0000  30.0000    1000.0000   3963092.9213    892239.6462   5581770.2076
103840   90.0000  30.0000    1000.0000   3963092.9213    892239.6462   5581770.2076
104340   90.0000  30.0000    1000.0000   3963092.9213    892239.6462   5581770.2076
104840   90.0000  30.0000    1000.0000   3963092.9213    892239.6462   5581770.2076
105340   90.0000  30.0000    1000.0000   3963092.9213    892239.6462   5581770.2076
105840   90.0000  30.0000    1000.0000   3963092.9213    892239.6462   5581770.2076
110340   90.0000  30.0000    1000.0000   3963092.9213    892239.6462   5581770.2076
110840   90.0000  30.0000    1000.0000   3963092.9213    892239.6462   5581770.2076
111340   90.0000  30.0000    1000.0000   3963092.9213    892239.6462   5581770.2076
111840   90.0000  30.0000    1000.0000   3963092.9213    892239.6462   5581770.2076
112340   90.0000  30.0000    1000.0000   3963092.9213    892239.6462   5581770.2076
112840   90.0000  30.0000    1000.0000   3963092.9213    892239.6462   5581770.2076
113340   90.0000  30.0000    1000.0000   3963092.9213    892239.6462   5581770.2076
113840   90.0000  30.0000    1000.0000   3963092.9213    892239.6462   5581770.2076
114340   90.0000  30.0000    1000.0000   3963092.9213    892239.6462   5581770.2076
114840   90.0000  30.0000    1000.0000   3963092.9213    892239.6462   5581770.2076
115340   90.0000  30.0000    1000.0000   3963092.9213    892239.6462   5581770.2076
115840   90.0000  30.0000    1000.0000   3963092.9213    892239.6462   5581770.2076
120340   90.0000  30.0000    1000.0000   3963092.9213    892239.6462   5581770.2076
120840   90.0000  30.0000    1000.0000   3963092.9213    892239.6462   5581770.2076
121340   90.0000  30.0000    1000.0000   3963092.9213    892239.6462   5581770.2076
121840   90.0000  30.0000    1000.0000   3963092.9213    892239.6462   5581770.2076
122340   90.0000  30.0000    1000.0000   3963092.9213    892239.6462   5581770.2076
122840   90.0000  30.0000    1000.0000   3963092.9213    892239.6462   5581770.2076
123340   90.0000  30.0000    1000.0000   3963092.9213    892239.6462   5581770.2076
123840   90.0000  30.0000    1000.0000   3963092.9213    892239.6462   5581770.2076
124340   90.0000  30.0000    1000.0000   3963092.9213    892239.6462   5581770.2076
124840   90.0000  30.0000    1000.0000   3963092.9213    892239.6462   5581770.2076
125340   90.0000  30.0000    1000.0000   3963092.9213    892239.6462   5581770.2076
125840   90.0000  30.0000    1000.0000   3963092.9213    892239.6462   5581770.2076
130340   90.0000  30.0000    1000.0000   3963092.9213    892239.6462   5581770.2076
130840   90.0000  30.0000    1000.0000   3963092.9213    892239.6462   5581770.2076
131340   90.0000  30.0000    1000.0000   3963092.9213    892239.6462   5581770.2076
131840   90.0000  30.0000    1000.0000   3963092.9213    892239.6462   5581770.2076
132340   90.0000  30.0000    1000.0000   3963092.9213    892239.6462   5581770.2076
132840   90.0000  30.0000    1000.0000   3963092.9213    892239.6462   5581770.2076
133340   90.0000  30.0000    1000.0000   3963092.9213    892239.6462   5581770.2076
133840   90.0000  30.0000    1000.0000   3963092.9213    892239.6462   5581770.2076
134340   90.0000  30.0000    1000.0000   3963092.9213    892239.6462   5581770.2076
134840   90.0000  30.0000    1000.0000   3963092.9213    892239.6462   5581770.2076
135340   90.0000  30.0000    1000.0000   3963092.9213    892239.6462   5581770.2076
135840   90.0000  30.0000    1000.0000   3963092.9213    892239.6462   5581770.2076
140340   90.0000  30.0000    1000.0000   3963092.9213    892239.6462   5581770.2076
140840   90.0000  30.0000    1000.0000   3963092.9213    892239.6462   5581770.2076
141340   90.0000  30.0000    1000.0000   3963092.9213    892239.6462   5581770.2076
141840   90.0000  30.0000    1000.0000   3963092.9213    892239.6462   5581770.2076
142340   90.0000  30.0000    1000.0000   3963092.9213    892239.6462   5581770.2076
142840   90.0000  30.0000    1000.0000   3963092.9213    892239.6462   5581770.2076
143340   90.0000  30.0000    1000.0000   3963092.9213    892239.6462   5581770.2076
143840   90.0000  30.0000    1000.0000   3963092.9213    892239.6462   5581770.2076
144340   90.0000  30.0000    1000.0000   3963092.9213    892239.6462   5581770.2076
144840   90.0000  30.0000    1000.0000   3963092.9213    892239.6462   5581770.2076
145340   90.0000  30.0000    1000.0000   3963092.9213    892239.6462   5581770.2076
145840   90.0000  30.0000    1000.0000   3963092.9213    892239.6462   5581770.2076
150340   90.0000  30.0000    1000.0000   3963092.9213    892239.6462   5581770.2076
150840   90.0000  30.0000    1000.0000   3963092.9213    892239.6462   5581770.2076
151340   90.0000  30.0000    1000.0000   3963092.9213    892239.6462   5581770.2076
151840   90.0000  30.0000    1000.0000   3963092.9213    892239.6462   5581770.2076
152340   90.0000  30.0000    1000.0000   3963092.9213    892239.6462   5581770.2076
152840   90.0000  30.0000    1000.0000   3963092.9213    892239.6462   5581770.2076
153340   90.0000  30.0000    1000.0000   3963092.9213    892239.6462   5581770.2076
153840   90.0000  30.0000    1000.0000   3963092.9213    892239.6462   5581770.2076
154340   90.0000  30.0000    1000.0000   3963092.9213    892239.6462   5581770.2076
154840   90.0000  30.0000    1000.0000   3963092.9213    892239.6462   5581770.2076
155340   90.0000  30.0000    1000.0000   3963092.9213    892239.6462   5581770.2076
155840   90.0000  30.0000    1000.0000   3963092.9213    892239.6462   5581770.2076
160340   90.0000  30.0000    1000.0000   3963092.9213    892239.6462   5581770.2076
160840   90.0000  30.0000    1000.0000   3963092.9213    892239.6462   5581770.2076
161340   90.0000  30.0000    1000.0000   3963092.9213    892239.6462   5581770.2076
161840   90.0000  30.0000    1000.0000   3963092.9213    892239.6462   5581770.2076
162340   90.0000  30.0000    1000.0000   3963092.9213    892239.6462   5581770.2076
162840   90.0000  30.0000    1000.0000   3963092.9213    892239.6462   5581770.2076
163340   90.0000  30.0000    1000.0000   3963092.9213    892239.6462   5581770.2076
163840   90.0000  30.0000    1000.0000   3963092.9213    892239.6462   5581770.2076
164340   90.0000  30.0000    1000.0000   3963092.9213    892239.6462   5581770.2076
164840   90.0000  30.0000    1000.0000   3963092.9213    892239.6462   5581770.2076
165340   90.0000  30.0000    1000.0000   3963092.9213    892239.6462   5581770.2076
165840   90.0000  30.0000    1000.0000   3963092.9213    892239.6462   5581770.2076
170340   90.0000  30.0000    1000.0000   3963092.9213    892239.6462   5581770.2076
170840   90.0000  30.0000    1000.0000   3963092.9213    892239.6462   5581770.2076
