X2312711 R_PNT     RP_TEST 1808 0000000   90 30.0 2025 127 115550 300 100   0   0 1     -1
115550   90.0000  30.0000    1000.0000   4291283.4014   2088225.1923   5013322.8495
120050   90.0000  30.0000    1000.0000   4291283.4014   2088225.1923   5013322.8495
120550   90.0000  30.0000    1000.0000   4291283.4014   2088225.1923   5013322.8495
121050   90.0000  30.0000    1000.0000   4291283.4014   2088225.1923   5013322.8495
121550   90.0000  30.0000    1000.0000   4291283.4014   2088225.1923   5013322.8495
122050   90.0000  30.0000    1000.0000   4291283.4014   2088225.1923   5013322.8495
122550   90.0000  30.0000    1000.0000   4291283.4014   2088225.1923   5013322.8495
123050   90.0000  30.0000    1000.0000   4291283.4014   2088225.1923   5013322.8495
123550   90.0000  30.0000    1000.0000   4291283.4014   2088225.1923   5013322.8495
124050   90.0000  30.0000    1000.0000   4291283.4014   2088225.1923   5013322.8495
124550   90.0000  30.0000    1000.0000   4291283.4014   2088225.1923   5013322.8495
125050   90.0000  30.0000    1000.0000   4291283.4014   2088225.1923   5013322.8495
125550   90.0000  30.0000    1000.0000   4291283.4014   2088225.1923   5013322.8495
130050   90.0000  30.0000    1000.0000   4291283.4014   2088225.1923   5013322.8495
130550   90.0000  30.0000    1000.0000   4291283.4014   2088225.1923   5013322.8495
131050   90.0000  30.0000    1000.0000   4291283.4014   2088225.1923   5013322.8495
131550   90.0000  30.0000    1000.0000   4291283.4014   2088225.1923   5013322.8495
132050   90.0000  30.0000    1000.0000   4291283.4014   2088225.1923   5013322.8495
132550   90.0000  30.0000    1000.0000   4291283.4014   2088225.1923   5013322.8495
133050   90.0000  30.0000    1000.0000   4291283.4014   2088225.1923   5013322.8495
133550   90.0000  30.0000    1000.0000   4291283.4014   2088225.1923   5013322.8495
134050   90.0000  30.0000    1000.0000   4291283.4014   2088225.1923   5013322.8495
134550   90.0000  30.0000    1000.0000   4291283.4014   2088225.1923   5013322.8495
135050   90.0000  30.0000    1000.0000   4291283.4014   2088225.1923   5013322.8495
135550   90.0000  30.0000    1000.0000   4291283.4014   2088225.1923   5013322.8495
140050   90.0000  30.0000    1000.0000   4291283.4014   2088225.1923   5013322.8495
140550   90.0000  30.0000    1000.0000   4291283.4014   2088225.1923   5013322.8495
141050   90.0000  30.0000    1000.0000   4291283.4014   2088225.1923   5013322.8495
141550   90.0000  30.0000    1000.0000   4291283.4014   2088225.1923   5013322.8495
142050   90.0000  30.0000    1000.0000   4291283.4014   2088225.1923   5013322.8495
142550   90.0000  30.0000    1000.0000   4291283.4014   2088225.1923   5013322.8495
143050   90.0000  30.0000    1000.0000   4291283.4014   2088225.1923   5013322.8495
143550   90.0000  30.0000    1000.0000   4291283.4014   2088225.1923   5013322.8495
144050   90.0000  30.0000    1000.0000   4291283.4014   2088225.1923   5013322.8495
144550   90.0000  30.0000    1000.0000   4291283.4014   2088225.1923   5013322.8495
145050   90.0000  30.0000    1000.0000   4291283.4014   2088225.1923   5013322.8495
145550   90.0000  30.0000    1000.0000   4291283.4014   2088225.1923   5013322.8495
150050   90.0000  30.0000    1000.0000   4291283.4014   2088225.1923   5013322.8495
150550   90.0000  30.0000    1000.0000   4291283.4014   2088225.1923   5013322.8495
151050   90.0000  30.0000    1000.0000   4291283.4014   2088225.1923   5013322.8495
151550   90.0000  30.0000    1000.0000   4291283.4014   2088225.1923   5013322.8495
152050   90.0000  30.0000    1000.0000   4291283.4014   2088225.1923   5013322.8495
152550   90.0000  30.0000    1000.0000   4291283.4014   2088225.1923   5013322.8495
153050   90.0000  30.0000    1000.0000   4291283.4014   2088225.1923   5013322.8495
153550   90.0000  30.0000    1000.0000   4291283.4014   2088225.1923   5013322.8495
154050   90.0000  30.0000    1000.0000   4291283.4014   2088225.1923   5013322.8495
154550   90.0000  30.0000    1000.0000   4291283.4014   2088225.1923   5013322.8495
155050   90.0000  30.0000    1000.0000   4291283.4014   2088225.1923   5013322.8495
155550   90.0000  30.0000    1000.0000   4291283.4014   2088225.1923   5013322.8495
160050   90.0000  30.0000    1000.0000   4291283.4014   2088225.1923   5013322.8495
160550   90.0000  30.0000    1000.0000   4291283.4014   2088225.1923   5013322.8495
161050   90.0000  30.0000    1000.0000   4291283.4014   2088225.1923   5013322.8495
161550   90.0000  30.0000    1000.0000   4291283.4014   2088225.1923   5013322.8495
162050   90.0000  30.0000    1000.0000   4291283.4014   2088225.1923   5013322.8495
162550   90.0000  30.0000    1000.0000   4291283.4014   2088225.1923   5013322.8495
163050   90.0000  30.0000    1000.0000   4291283.4014   2088225.1923   5013322.8495
163550   90.0000  30.0000    1000.0000   4291283.4014   2088225.1923   5013322.8495
164050   90.0000  30.0000    1000.0000   4291283.4014   2088225.1923   5013322.8495
164550   90.0000  30.0000    1000.0000   4291283.4014   2088225.1923   5013322.8495
165050   90.0000  30.0000    1000.0000   4291283.4014   2088225.1923   5013322.8495
165550   90.0000  30.0000    1000.0000   4291283.4014   2088225.1923   5013322.8495
170050   90.0000  30.0000    1000.0000   4291283.4014   2088225.1923   5013322.8495
170550   90.0000  30.0000    1000.0000   4291283.4014   2088225.1923   5013322.8495
171050   90.0000  30.0000    1000.0000   4291283.4014   2088225.1923   5013322.8495
171550   90.0000  30.0000    1000.0000   4291283.4014   2088225.1923   5013322.8495
172050   90.0000  30.0000    1000.0000   4291283.4014   2088225.1923   5013322.8495
172550   90.0000  30.0000    1000.0000   4291283.4014   2088225.1923   5013322.8495
173050   90.0000  30.0000    1000.0000   4291283.4014   2088225.1923   5013322.8495
173550   90.0000  30.0000    1000.0000   4291283.4014   2088225.1923   5013322.8495
174050   90.0000  30.0000    1000.0000   4291283.4014   2088225.1923   5013322.8495
174550   90.0000  30.0000    1000.0000   4291283.4014   2088225.1923   5013322.8495
175050   90.0000  30.0000    1000.0000   4291283.4014   2088225.1923   5013322.8495
175550   90.0000  30.0000    1000.0000   4291283.4014   2088225.1923   5013322.8495
180050   90.0000  30.0000    1000.0000   4291283.4014   2088225.1923   5013322.8495
180550   90.0000  30.0000    1000.0000   4291283.4014   2088225.1923   5013322.8495
181050   90.0000  30.0000    1000.0000   4291283.4014   2088225.1923   5013322.8495
181550   90.0000  30.0000    1000.0000   4291283.4014   2088225.1923   5013322.8495
182050   90.0000  30.0000    1000.0000   4291283.4014   2088225.1923   5013322.8495
182550   90.0000  30.0000    1000.0000   4291283.4014   2088225.1923   5013322.8495
183050   90.0000  30.0000    1000.0000   4291283.4014   2088225.1923   5013322.8495
183550   90.0000  30.0000    1000.0000   4291283.4014   2088225.1923   5013322.8495
184050   90.0000  30.0000    1000.0000   4291283.4014   2088225.1923   5013322.8495
184550   90.0000  30.0000    1000.0000   4291283.4014   2088225.1923   5013322.8495
185050   90.0000  30.0000    1000.0000   4291283.4014   2088225.1923   5013322.8495
185550   90.0000  30.0000    1000.0000   4291283.4014   2088225.1923   5013322.8495
190050   90.0000  30.0000    1000.0000   4291283.4014   2088225.1923   5013322.8495
190550   90.0000  30.0000    1000.0000   4291283.4014   2088225.1923   5013322.8495
191050   90.0000  30.0000    1000.0000   4291283.4014   2088225.1923   5013322.8495
191550   90.0000  30.0000    1000.0000   4291283.4014   2088225.1923   5013322.8495
192050   90.0000  30.0000    1000.0000   4291283.4014   2088225.1923   5013322.8495
192550   90.0000  30.0000    1000.0000   4291283.4014   2088225.1923   5013322.8495
193050   90.0000  30.0000    1000.0000   4291283.4014   2088225.1923   5013322.8495
193550   90.0000  30.0000    1000.0000   4291283.4014   2088225.1923   5013322.8495
194050   90.0000  30.0000    1000.0000   4291283.4014   2088225.1923   5013322.8495
194550   90.0000  30.0000    1000.0000   4291283.4014   2088225.1923   5013322.8495
195050   90.0000  30.0000    1000.0000   4291283.4014   2088225.1923   5013322.8495
195550   90.0000  30.0000    1000.0000   4291283.4014   2088225.1923   5013322.8495
200050   90.0000  30.0000    1000.0000   4291283.4014   2088225.1923   5013322.8495
200550   90.0000  30.0000    1000.0000   4291283.4014   2088225.1923   5013322.8495
201050   90.0000  30.0000    1000.0000   4291283.4014   2088225.1923   5013322.8495
