X2316110 R_PNT     RP_TEST 1808 0000000   90 30.0 2025 161 102527 300 100   0   0 1     -1
102527   90.0000  30.0000    1000.0000   4291283.4014   2088225.1923   5013322.8495
102707   90.0000  30.0000    1000.0000   4291283.4014   2088225.1923   5013322.8495
102847   90.0000  30.0000    1000.0000   4291283.4014   2088225.1923   5013322.8495
103027   90.0000  30.0000    1000.0000   4291283.4014   2088225.1923   5013322.8495
103207   90.0000  30.0000    1000.0000   4291283.4014   2088225.1923   5013322.8495
103347   90.0000  30.0000    1000.0000   4291283.4014   2088225.1923   5013322.8495
103527   90.0000  30.0000    1000.0000   4291283.4014   2088225.1923   5013322.8495
103707   90.0000  30.0000    1000.0000   4291283.4014   2088225.1923   5013322.8495
103847   90.0000  30.0000    1000.0000   4291283.4014   2088225.1923   5013322.8495
104027   90.0000  30.0000    1000.0000   4291283.4014   2088225.1923   5013322.8495
104207   90.0000  30.0000    1000.0000   4291283.4014   2088225.1923   5013322.8495
104347   90.0000  30.0000    1000.0000   4291283.4014   2088225.1923   5013322.8495
104527   90.0000  30.0000    1000.0000   4291283.4014   2088225.1923   5013322.8495
104707   90.0000  30.0000    1000.0000   4291283.4014   2088225.1923   5013322.8495
104847   90.0000  30.0000    1000.0000   4291283.4014   2088225.1923   5013322.8495
105027   90.0000  30.0000    1000.0000   4291283.4014   2088225.1923   5013322.8495
105207   90.0000  30.0000    1000.0000   4291283.4014   2088225.1923   5013322.8495
105347   90.0000  30.0000    1000.0000   4291283.4014   2088225.1923   5013322.8495
105527   90.0000  30.0000    1000.0000   4291283.4014   2088225.1923   5013322.8495
105707   90.0000  30.0000    1000.0000   4291283.4014   2088225.1923   5013322.8495
105847   90.0000  30.0000    1000.0000   4291283.4014   2088225.1923   5013322.8495
110027   90.0000  30.0000    1000.0000   4291283.4014   2088225.1923   5013322.8495
110207   90.0000  30.0000    1000.0000   4291283.4014   2088225.1923   5013322.8495
110347   90.0000  30.0000    1000.0000   4291283.4014   2088225.1923   5013322.8495
110527   90.0000  30.0000    1000.0000   4291283.4014   2088225.1923   5013322.8495
110707   90.0000  30.0000    1000.0000   4291283.4014   2088225.1923   5013322.8495
110847   90.0000  30.0000    1000.0000   4291283.4014   2088225.1923   5013322.8495
111027   90.0000  30.0000    1000.0000   4291283.4014   2088225.1923   5013322.8495
111207   90.0000  30.0000    1000.0000   4291283.4014   2088225.1923   5013322.8495
111347   90.0000  30.0000    1000.0000   4291283.4014   2088225.1923   5013322.8495
111527   90.0000  30.0000    1000.0000   4291283.4014   2088225.1923   5013322.8495
111707   90.0000  30.0000    1000.0000   4291283.4014   2088225.1923   5013322.8495
111847   90.0000  30.0000    1000.0000   4291283.4014   2088225.1923   5013322.8495
112027   90.0000  30.0000    1000.0000   4291283.4014   2088225.1923   5013322.8495
112207   90.0000  30.0000    1000.0000   4291283.4014   2088225.1923   5013322.8495
112347   90.0000  30.0000    1000.0000   4291283.4014   2088225.1923   5013322.8495
112527   90.0000  30.0000    1000.0000   4291283.4014   2088225.1923   5013322.8495
112707   90.0000  30.0000    1000.0000   4291283.4014   2088225.1923   5013322.8495
112847   90.0000  30.0000    1000.0000   4291283.4014   2088225.1923   5013322.8495
113027   90.0000  30.0000    1000.0000   4291283.4014   2088225.1923   5013322.8495
113207   90.0000  30.0000    1000.0000   4291283.4014   2088225.1923   5013322.8495
113347   90.0000  30.0000    1000.0000   4291283.4014   2088225.1923   5013322.8495
113527   90.0000  30.0000    1000.0000   4291283.4014   2088225.1923   5013322.8495
113707   90.0000  30.0000    1000.0000   4291283.4014   2088225.1923   5013322.8495
113847   90.0000  30.0000    1000.0000   4291283.4014   2088225.1923   5013322.8495
114027   90.0000  30.0000    1000.0000   4291283.4014   2088225.1923   5013322.8495
114207   90.0000  30.0000    1000.0000   4291283.4014   2088225.1923   5013322.8495
114347   90.0000  30.0000    1000.0000   4291283.4014   2088225.1923   5013322.8495
114527   90.0000  30.0000    1000.0000   4291283.4014   2088225.1923   5013322.8495
114707   90.0000  30.0000    1000.0000   4291283.4014   2088225.1923   5013322.8495
114847   90.0000  30.0000    1000.0000   4291283.4014   2088225.1923   5013322.8495
115027   90.0000  30.0000    1000.0000   4291283.4014   2088225.1923   5013322.8495
115207   90.0000  30.0000    1000.0000   4291283.4014   2088225.1923   5013322.8495
115347   90.0000  30.0000    1000.0000   4291283.4014   2088225.1923   5013322.8495
115527   90.0000  30.0000    1000.0000   4291283.4014   2088225.1923   5013322.8495
115707   90.0000  30.0000    1000.0000   4291283.4014   2088225.1923   5013322.8495
115847   90.0000  30.0000    1000.0000   4291283.4014   2088225.1923   5013322.8495
120027   90.0000  30.0000    1000.0000   4291283.4014   2088225.1923   5013322.8495
120207   90.0000  30.0000    1000.0000   4291283.4014   2088225.1923   5013322.8495
120347   90.0000  30.0000    1000.0000   4291283.4014   2088225.1923   5013322.8495
120527   90.0000  30.0000    1000.0000   4291283.4014   2088225.1923   5013322.8495
120707   90.0000  30.0000    1000.0000   4291283.4014   2088225.1923   5013322.8495
120847   90.0000  30.0000    1000.0000   4291283.4014   2088225.1923   5013322.8495
121027   90.0000  30.0000    1000.0000   4291283.4014   2088225.1923   5013322.8495
121207   90.0000  30.0000    1000.0000   4291283.4014   2088225.1923   5013322.8495
121347   90.0000  30.0000    1000.0000   4291283.4014   2088225.1923   5013322.8495
121527   90.0000  30.0000    1000.0000   4291283.4014   2088225.1923   5013322.8495
121707   90.0000  30.0000    1000.0000   4291283.4014   2088225.1923   5013322.8495
121847   90.0000  30.0000    1000.0000   4291283.4014   2088225.1923   5013322.8495
122027   90.0000  30.0000    1000.0000   4291283.4014   2088225.1923   5013322.8495
122207   90.0000  30.0000    1000.0000   4291283.4014   2088225.1923   5013322.8495
122347   90.0000  30.0000    1000.0000   4291283.4014   2088225.1923   5013322.8495
122527   90.0000  30.0000    1000.0000   4291283.4014   2088225.1923   5013322.8495
122707   90.0000  30.0000    1000.0000   4291283.4014   2088225.1923   5013322.8495
122847   90.0000  30.0000    1000.0000   4291283.4014   2088225.1923   5013322.8495
123027   90.0000  30.0000    1000.0000   4291283.4014   2088225.1923   5013322.8495
123207   90.0000  30.0000    1000.0000   4291283.4014   2088225.1923   5013322.8495
123347   90.0000  30.0000    1000.0000   4291283.4014   2088225.1923   5013322.8495
123527   90.0000  30.0000    1000.0000   4291283.4014   2088225.1923   5013322.8495
123707   90.0000  30.0000    1000.0000   4291283.4014   2088225.1923   5013322.8495
123847   90.0000  30.0000    1000.0000   4291283.4014   2088225.1923   5013322.8495
124027   90.0000  30.0000    1000.0000   4291283.4014   2088225.1923   5013322.8495
124207   90.0000  30.0000    1000.0000   4291283.4014   2088225.1923   5013322.8495
124347   90.0000  30.0000    1000.0000   4291283.4014   2088225.1923   5013322.8495
124527   90.0000  30.0000    1000.0000   4291283.4014   2088225.1923   5013322.8495
124707   90.0000  30.0000    1000.0000   4291283.4014   2088225.1923   5013322.8495
124847   90.0000  30.0000    1000.0000   4291283.4014   2088225.1923   5013322.8495
125027   90.0000  30.0000    1000.0000   4291283.4014   2088225.1923   5013322.8495
125207   90.0000  30.0000    1000.0000   4291283.4014   2088225.1923   5013322.8495
125347   90.0000  30.0000    1000.0000   4291283.4014   2088225.1923   5013322.8495
125527   90.0000  30.0000    1000.0000   4291283.4014   2088225.1923   5013322.8495
125707   90.0000  30.0000    1000.0000   4291283.4014   2088225.1923   5013322.8495
125847   90.0000  30.0000    1000.0000   4291283.4014   2088225.1923   5013322.8495
130027   90.0000  30.0000    1000.0000   4291283.4014   2088225.1923   5013322.8495
130207   90.0000  30.0000    1000.0000   4291283.4014   2088225.1923   5013322.8495
130347   90.0000  30.0000    1000.0000   4291283.4014   2088225.1923   5013322.8495
130527   90.0000  30.0000    1000.0000   4291283.4014   2088225.1923   5013322.8495
130707   90.0000  30.0000    1000.0000   4291283.4014   2088225.1923   5013322.8495
130847   90.0000  30.0000    1000.0000   4291283.4014   2088225.1923   5013322.8495
131027   90.0000  30.0000    1000.0000   4291283.4014   2088225.1923   5013322.8495
