X2416110 R_PNT     RP_TEST 1808 0000000   90 45.0 2025 161 102527 300 100   0   0 1     -1
102527   90.0000  45.0000    1000.0000   4469677.4413   1972764.5571   5164956.4727
102707   90.0000  45.0000    1000.0000   4469677.4413   1972764.5571   5164956.4727
102847   90.0000  45.0000    1000.0000   4469677.4413   1972764.5571   5164956.4727
103027   90.0000  45.0000    1000.0000   4469677.4413   1972764.5571   5164956.4727
103207   90.0000  45.0000    1000.0000   4469677.4413   1972764.5571   5164956.4727
103347   90.0000  45.0000    1000.0000   4469677.4413   1972764.5571   5164956.4727
103527   90.0000  45.0000    1000.0000   4469677.4413   1972764.5571   5164956.4727
103707   90.0000  45.0000    1000.0000   4469677.4413   1972764.5571   5164956.4727
103847   90.0000  45.0000    1000.0000   4469677.4413   1972764.5571   5164956.4727
104027   90.0000  45.0000    1000.0000   4469677.4413   1972764.5571   5164956.4727
104207   90.0000  45.0000    1000.0000   4469677.4413   1972764.5571   5164956.4727
104347   90.0000  45.0000    1000.0000   4469677.4413   1972764.5571   5164956.4727
104527   90.0000  45.0000    1000.0000   4469677.4413   1972764.5571   5164956.4727
104707   90.0000  45.0000    1000.0000   4469677.4413   1972764.5571   5164956.4727
104847   90.0000  45.0000    1000.0000   4469677.4413   1972764.5571   5164956.4727
105027   90.0000  45.0000    1000.0000   4469677.4413   1972764.5571   5164956.4727
105207   90.0000  45.0000    1000.0000   4469677.4413   1972764.5571   5164956.4727
105347   90.0000  45.0000    1000.0000   4469677.4413   1972764.5571   5164956.4727
105527   90.0000  45.0000    1000.0000   4469677.4413   1972764.5571   5164956.4727
105707   90.0000  45.0000    1000.0000   4469677.4413   1972764.5571   5164956.4727
105847   90.0000  45.0000    1000.0000   4469677.4413   1972764.5571   5164956.4727
110027   90.0000  45.0000    1000.0000   4469677.4413   1972764.5571   5164956.4727
110207   90.0000  45.0000    1000.0000   4469677.4413   1972764.5571   5164956.4727
110347   90.0000  45.0000    1000.0000   4469677.4413   1972764.5571   5164956.4727
110527   90.0000  45.0000    1000.0000   4469677.4413   1972764.5571   5164956.4727
110707   90.0000  45.0000    1000.0000   4469677.4413   1972764.5571   5164956.4727
110847   90.0000  45.0000    1000.0000   4469677.4413   1972764.5571   5164956.4727
111027   90.0000  45.0000    1000.0000   4469677.4413   1972764.5571   5164956.4727
111207   90.0000  45.0000    1000.0000   4469677.4413   1972764.5571   5164956.4727
111347   90.0000  45.0000    1000.0000   4469677.4413   1972764.5571   5164956.4727
111527   90.0000  45.0000    1000.0000   4469677.4413   1972764.5571   5164956.4727
111707   90.0000  45.0000    1000.0000   4469677.4413   1972764.5571   5164956.4727
111847   90.0000  45.0000    1000.0000   4469677.4413   1972764.5571   5164956.4727
112027   90.0000  45.0000    1000.0000   4469677.4413   1972764.5571   5164956.4727
112207   90.0000  45.0000    1000.0000   4469677.4413   1972764.5571   5164956.4727
112347   90.0000  45.0000    1000.0000   4469677.4413   1972764.5571   5164956.4727
112527   90.0000  45.0000    1000.0000   4469677.4413   1972764.5571   5164956.4727
112707   90.0000  45.0000    1000.0000   4469677.4413   1972764.5571   5164956.4727
112847   90.0000  45.0000    1000.0000   4469677.4413   1972764.5571   5164956.4727
113027   90.0000  45.0000    1000.0000   4469677.4413   1972764.5571   5164956.4727
113207   90.0000  45.0000    1000.0000   4469677.4413   1972764.5571   5164956.4727
113347   90.0000  45.0000    1000.0000   4469677.4413   1972764.5571   5164956.4727
113527   90.0000  45.0000    1000.0000   4469677.4413   1972764.5571   5164956.4727
113707   90.0000  45.0000    1000.0000   4469677.4413   1972764.5571   5164956.4727
113847   90.0000  45.0000    1000.0000   4469677.4413   1972764.5571   5164956.4727
114027   90.0000  45.0000    1000.0000   4469677.4413   1972764.5571   5164956.4727
114207   90.0000  45.0000    1000.0000   4469677.4413   1972764.5571   5164956.4727
114347   90.0000  45.0000    1000.0000   4469677.4413   1972764.5571   5164956.4727
114527   90.0000  45.0000    1000.0000   4469677.4413   1972764.5571   5164956.4727
114707   90.0000  45.0000    1000.0000   4469677.4413   1972764.5571   5164956.4727
114847   90.0000  45.0000    1000.0000   4469677.4413   1972764.5571   5164956.4727
115027   90.0000  45.0000    1000.0000   4469677.4413   1972764.5571   5164956.4727
115207   90.0000  45.0000    1000.0000   4469677.4413   1972764.5571   5164956.4727
115347   90.0000  45.0000    1000.0000   4469677.4413   1972764.5571   5164956.4727
115527   90.0000  45.0000    1000.0000   4469677.4413   1972764.5571   5164956.4727
115707   90.0000  45.0000    1000.0000   4469677.4413   1972764.5571   5164956.4727
115847   90.0000  45.0000    1000.0000   4469677.4413   1972764.5571   5164956.4727
120027   90.0000  45.0000    1000.0000   4469677.4413   1972764.5571   5164956.4727
120207   90.0000  45.0000    1000.0000   4469677.4413   1972764.5571   5164956.4727
120347   90.0000  45.0000    1000.0000   4469677.4413   1972764.5571   5164956.4727
120527   90.0000  45.0000    1000.0000   4469677.4413   1972764.5571   5164956.4727
120707   90.0000  45.0000    1000.0000   4469677.4413   1972764.5571   5164956.4727
120847   90.0000  45.0000    1000.0000   4469677.4413   1972764.5571   5164956.4727
121027   90.0000  45.0000    1000.0000   4469677.4413   1972764.5571   5164956.4727
121207   90.0000  45.0000    1000.0000   4469677.4413   1972764.5571   5164956.4727
121347   90.0000  45.0000    1000.0000   4469677.4413   1972764.5571   5164956.4727
121527   90.0000  45.0000    1000.0000   4469677.4413   1972764.5571   5164956.4727
121707   90.0000  45.0000    1000.0000   4469677.4413   1972764.5571   5164956.4727
121847   90.0000  45.0000    1000.0000   4469677.4413   1972764.5571   5164956.4727
122027   90.0000  45.0000    1000.0000   4469677.4413   1972764.5571   5164956.4727
122207   90.0000  45.0000    1000.0000   4469677.4413   1972764.5571   5164956.4727
122347   90.0000  45.0000    1000.0000   4469677.4413   1972764.5571   5164956.4727
122527   90.0000  45.0000    1000.0000   4469677.4413   1972764.5571   5164956.4727
122707   90.0000  45.0000    1000.0000   4469677.4413   1972764.5571   5164956.4727
122847   90.0000  45.0000    1000.0000   4469677.4413   1972764.5571   5164956.4727
123027   90.0000  45.0000    1000.0000   4469677.4413   1972764.5571   5164956.4727
123207   90.0000  45.0000    1000.0000   4469677.4413   1972764.5571   5164956.4727
123347   90.0000  45.0000    1000.0000   4469677.4413   1972764.5571   5164956.4727
123527   90.0000  45.0000    1000.0000   4469677.4413   1972764.5571   5164956.4727
123707   90.0000  45.0000    1000.0000   4469677.4413   1972764.5571   5164956.4727
123847   90.0000  45.0000    1000.0000   4469677.4413   1972764.5571   5164956.4727
124027   90.0000  45.0000    1000.0000   4469677.4413   1972764.5571   5164956.4727
124207   90.0000  45.0000    1000.0000   4469677.4413   1972764.5571   5164956.4727
124347   90.0000  45.0000    1000.0000   4469677.4413   1972764.5571   5164956.4727
124527   90.0000  45.0000    1000.0000   4469677.4413   1972764.5571   5164956.4727
124707   90.0000  45.0000    1000.0000   4469677.4413   1972764.5571   5164956.4727
124847   90.0000  45.0000    1000.0000   4469677.4413   1972764.5571   5164956.4727
125027   90.0000  45.0000    1000.0000   4469677.4413   1972764.5571   5164956.4727
125207   90.0000  45.0000    1000.0000   4469677.4413   1972764.5571   5164956.4727
125347   90.0000  45.0000    1000.0000   4469677.4413   1972764.5571   5164956.4727
125527   90.0000  45.0000    1000.0000   4469677.4413   1972764.5571   5164956.4727
125707   90.0000  45.0000    1000.0000   4469677.4413   1972764.5571   5164956.4727
125847   90.0000  45.0000    1000.0000   4469677.4413   1972764.5571   5164956.4727
130027   90.0000  45.0000    1000.0000   4469677.4413   1972764.5571   5164956.4727
130207   90.0000  45.0000    1000.0000   4469677.4413   1972764.5571   5164956.4727
130347   90.0000  45.0000    1000.0000   4469677.4413   1972764.5571   5164956.4727
130527   90.0000  45.0000    1000.0000   4469677.4413   1972764.5571   5164956.4727
130707   90.0000  45.0000    1000.0000   4469677.4413   1972764.5571   5164956.4727
130847   90.0000  45.0000    1000.0000   4469677.4413   1972764.5571   5164956.4727
131027   90.0000  45.0000    1000.0000   4469677.4413   1972764.5571   5164956.4727
