X2412708 R_PNT     RP_TEST 1808 0000000   90 45.0 2025 127 085340 300 100   0   0 1     -1
085340   90.0000  45.0000    1000.0000   4005544.1680   1145433.1638   5629091.2567
085840   90.0000  45.0000    1000.0000   4005544.1680   1145433.1638   5629091.2567
090340   90.0000  45.0000    1000.0000   4005544.1680   1145433.1638   5629091.2567
090840   90.0000  45.0000    1000.0000   4005544.1680   1145433.1638   5629091.2567
091340   90.0000  45.0000    1000.0000   4005544.1680   1145433.1638   5629091.2567
091840   90.0000  45.0000    1000.0000   4005544.1680   1145433.1638   5629091.2567
092340   90.0000  45.0000    1000.0000   4005544.1680   1145433.1638   5629091.2567
092840   90.0000  45.0000    1000.0000   4005544.1680   1145433.1638   5629091.2567
093340   90.0000  45.0000    1000.0000   4005544.1680   1145433.1638   5629091.2567
093840   90.0000  45.0000    1000.0000   4005544.1680   1145433.1638   5629091.2567
094340   90.0000  45.0000    1000.0000   4005544.1680   1145433.1638   5629091.2567
094840   90.0000  45.0000    1000.0000   4005544.1680   1145433.1638   5629091.2567
095340   90.0000  45.0000    1000.0000   4005544.1680   1145433.1638   5629091.2567
095840   90.0000  45.0000    1000.0000   4005544.1680   1145433.1638   5629091.2567
100340   90.0000  45.0000    1000.0000   4005544.1680   1145433.1638   5629091.2567
100840   90.0000  45.0000    1000.0000   4005544.1680   1145433.1638   5629091.2567
101340   90.0000  45.0000    1000.0000   4005544.1680   1145433.1638   5629091.2567
101840   90.0000  45.0000    1000.0000   4005544.1680   1145433.1638   5629091.2567
102340   90.0000  45.0000    1000.0000   4005544.1680   1145433.1638   5629091.2567
102840   90.0000  45.0000    1000.0000   4005544.1680   1145433.1638   5629091.2567
103340   90.0000  45.0000    1000.0000   4005544.1680   1145433.1638   5629091.2567
103840   90.0000  45.0000    1000.0000   4005544.1680   1145433.1638   5629091.2567
104340   90.0000  45.0000    1000.0000   4005544.1680   1145433.1638   5629091.2567
104840   90.0000  45.0000    1000.0000   4005544.1680   1145433.1638   5629091.2567
105340   90.0000  45.0000    1000.0000   4005544.1680   1145433.1638   5629091.2567
105840   90.0000  45.0000    1000.0000   4005544.1680   1145433.1638   5629091.2567
110340   90.0000  45.0000    1000.0000   4005544.1680   1145433.1638   5629091.2567
110840   90.0000  45.0000    1000.0000   4005544.1680   1145433.1638   5629091.2567
111340   90.0000  45.0000    1000.0000   4005544.1680   1145433.1638   5629091.2567
111840   90.0000  45.0000    1000.0000   4005544.1680   1145433.1638   5629091.2567
112340   90.0000  45.0000    1000.0000   4005544.1680   1145433.1638   5629091.2567
112840   90.0000  45.0000    1000.0000   4005544.1680   1145433.1638   5629091.2567
113340   90.0000  45.0000    1000.0000   4005544.1680   1145433.1638   5629091.2567
113840   90.0000  45.0000    1000.0000   4005544.1680   1145433.1638   5629091.2567
114340   90.0000  45.0000    1000.0000   4005544.1680   1145433.1638   5629091.2567
114840   90.0000  45.0000    1000.0000   4005544.1680   1145433.1638   5629091.2567
115340   90.0000  45.0000    1000.0000   4005544.1680   1145433.1638   5629091.2567
115840   90.0000  45.0000    1000.0000   4005544.1680   1145433.1638   5629091.2567
120340   90.0000  45.0000    1000.0000   4005544.1680   1145433.1638   5629091.2567
120840   90.0000  45.0000    1000.0000   4005544.1680   1145433.1638   5629091.2567
121340   90.0000  45.0000    1000.0000   4005544.1680   1145433.1638   5629091.2567
121840   90.0000  45.0000    1000.0000   4005544.1680   1145433.1638   5629091.2567
122340   90.0000  45.0000    1000.0000   4005544.1680   1145433.1638   5629091.2567
122840   90.0000  45.0000    1000.0000   4005544.1680   1145433.1638   5629091.2567
123340   90.0000  45.0000    1000.0000   4005544.1680   1145433.1638   5629091.2567
123840   90.0000  45.0000    1000.0000   4005544.1680   1145433.1638   5629091.2567
124340   90.0000  45.0000    1000.0000   4005544.1680   1145433.1638   5629091.2567
124840   90.0000  45.0000    1000.0000   4005544.1680   1145433.1638   5629091.2567
125340   90.0000  45.0000    1000.0000   4005544.1680   1145433.1638   5629091.2567
125840   90.0000  45.0000    1000.0000   4005544.1680   1145433.1638   5629091.2567
130340   90.0000  45.0000    1000.0000   4005544.1680   1145433.1638   5629091.2567
130840   90.0000  45.0000    1000.0000   4005544.1680   1145433.1638   5629091.2567
131340   90.0000  45.0000    1000.0000   4005544.1680   1145433.1638   5629091.2567
131840   90.0000  45.0000    1000.0000   4005544.1680   1145433.1638   5629091.2567
132340   90.0000  45.0000    1000.0000   4005544.1680   1145433.1638   5629091.2567
132840   90.0000  45.0000    1000.0000   4005544.1680   1145433.1638   5629091.2567
133340   90.0000  45.0000    1000.0000   4005544.1680   1145433.1638   5629091.2567
133840   90.0000  45.0000    1000.0000   4005544.1680   1145433.1638   5629091.2567
134340   90.0000  45.0000    1000.0000   4005544.1680   1145433.1638   5629091.2567
134840   90.0000  45.0000    1000.0000   4005544.1680   1145433.1638   5629091.2567
135340   90.0000  45.0000    1000.0000   4005544.1680   1145433.1638   5629091.2567
135840   90.0000  45.0000    1000.0000   4005544.1680   1145433.1638   5629091.2567
140340   90.0000  45.0000    1000.0000   4005544.1680   1145433.1638   5629091.2567
140840   90.0000  45.0000    1000.0000   4005544.1680   1145433.1638   5629091.2567
141340   90.0000  45.0000    1000.0000   4005544.1680   1145433.1638   5629091.2567
141840   90.0000  45.0000    1000.0000   4005544.1680   1145433.1638   5629091.2567
142340   90.0000  45.0000    1000.0000   4005544.1680   1145433.1638   5629091.2567
142840   90.0000  45.0000    1000.0000   4005544.1680   1145433.1638   5629091.2567
143340   90.0000  45.0000    1000.0000   4005544.1680   1145433.1638   5629091.2567
143840   90.0000  45.0000    1000.0000   4005544.1680   1145433.1638   5629091.2567
144340   90.0000  45.0000    1000.0000   4005544.1680   1145433.1638   5629091.2567
144840   90.0000  45.0000    1000.0000   4005544.1680   1145433.1638   5629091.2567
145340   90.0000  45.0000    1000.0000   4005544.1680   1145433.1638   5629091.2567
145840   90.0000  45.0000    1000.0000   4005544.1680   1145433.1638   5629091.2567
150340   90.0000  45.0000    1000.0000   4005544.1680   1145433.1638   5629091.2567
150840   90.0000  45.0000    1000.0000   4005544.1680   1145433.1638   5629091.2567
151340   90.0000  45.0000    1000.0000   4005544.1680   1145433.1638   5629091.2567
151840   90.0000  45.0000    1000.0000   4005544.1680   1145433.1638   5629091.2567
152340   90.0000  45.0000    1000.0000   4005544.1680   1145433.1638   5629091.2567
152840   90.0000  45.0000    1000.0000   4005544.1680   1145433.1638   5629091.2567
153340   90.0000  45.0000    1000.0000   4005544.1680   1145433.1638   5629091.2567
153840   90.0000  45.0000    1000.0000   4005544.1680   1145433.1638   5629091.2567
154340   90.0000  45.0000    1000.0000   4005544.1680   1145433.1638   5629091.2567
154840   90.0000  45.0000    1000.0000   4005544.1680   1145433.1638   5629091.2567
155340   90.0000  45.0000    1000.0000   4005544.1680   1145433.1638   5629091.2567
155840   90.0000  45.0000    1000.0000   4005544.1680   1145433.1638   5629091.2567
160340   90.0000  45.0000    1000.0000   4005544.1680   1145433.1638   5629091.2567
160840   90.0000  45.0000    1000.0000   4005544.1680   1145433.1638   5629091.2567
161340   90.0000  45.0000    1000.0000   4005544.1680   1145433.1638   5629091.2567
161840   90.0000  45.0000    1000.0000   4005544.1680   1145433.1638   5629091.2567
162340   90.0000  45.0000    1000.0000   4005544.1680   1145433.1638   5629091.2567
162840   90.0000  45.0000    1000.0000   4005544.1680   1145433.1638   5629091.2567
163340   90.0000  45.0000    1000.0000   4005544.1680   1145433.1638   5629091.2567
163840   90.0000  45.0000    1000.0000   4005544.1680   1145433.1638   5629091.2567
164340   90.0000  45.0000    1000.0000   4005544.1680   1145433.1638   5629091.2567
164840   90.0000  45.0000    1000.0000   4005544.1680   1145433.1638   5629091.2567
165340   90.0000  45.0000    1000.0000   4005544.1680   1145433.1638   5629091.2567
165840   90.0000  45.0000    1000.0000   4005544.1680   1145433.1638   5629091.2567
170340   90.0000  45.0000    1000.0000   4005544.1680   1145433.1638   5629091.2567
170840   90.0000  45.0000    1000.0000   4005544.1680   1145433.1638   5629091.2567
