X2412711 R_PNT     RP_TEST 1808 0000000   90 45.0 2025 127 115550 300 100   0   0 1     -1
115550   90.0000  45.0000    1000.0000   4469677.4413   1972764.5571   5164956.4727
120050   90.0000  45.0000    1000.0000   4469677.4413   1972764.5571   5164956.4727
120550   90.0000  45.0000    1000.0000   4469677.4413   1972764.5571   5164956.4727
121050   90.0000  45.0000    1000.0000   4469677.4413   1972764.5571   5164956.4727
121550   90.0000  45.0000    1000.0000   4469677.4413   1972764.5571   5164956.4727
122050   90.0000  45.0000    1000.0000   4469677.4413   1972764.5571   5164956.4727
122550   90.0000  45.0000    1000.0000   4469677.4413   1972764.5571   5164956.4727
123050   90.0000  45.0000    1000.0000   4469677.4413   1972764.5571   5164956.4727
123550   90.0000  45.0000    1000.0000   4469677.4413   1972764.5571   5164956.4727
124050   90.0000  45.0000    1000.0000   4469677.4413   1972764.5571   5164956.4727
124550   90.0000  45.0000    1000.0000   4469677.4413   1972764.5571   5164956.4727
125050   90.0000  45.0000    1000.0000   4469677.4413   1972764.5571   5164956.4727
125550   90.0000  45.0000    1000.0000   4469677.4413   1972764.5571   5164956.4727
130050   90.0000  45.0000    1000.0000   4469677.4413   1972764.5571   5164956.4727
130550   90.0000  45.0000    1000.0000   4469677.4413   1972764.5571   5164956.4727
131050   90.0000  45.0000    1000.0000   4469677.4413   1972764.5571   5164956.4727
131550   90.0000  45.0000    1000.0000   4469677.4413   1972764.5571   5164956.4727
132050   90.0000  45.0000    1000.0000   4469677.4413   1972764.5571   5164956.4727
132550   90.0000  45.0000    1000.0000   4469677.4413   1972764.5571   5164956.4727
133050   90.0000  45.0000    1000.0000   4469677.4413   1972764.5571   5164956.4727
133550   90.0000  45.0000    1000.0000   4469677.4413   1972764.5571   5164956.4727
134050   90.0000  45.0000    1000.0000   4469677.4413   1972764.5571   5164956.4727
134550   90.0000  45.0000    1000.0000   4469677.4413   1972764.5571   5164956.4727
135050   90.0000  45.0000    1000.0000   4469677.4413   1972764.5571   5164956.4727
135550   90.0000  45.0000    1000.0000   4469677.4413   1972764.5571   5164956.4727
140050   90.0000  45.0000    1000.0000   4469677.4413   1972764.5571   5164956.4727
140550   90.0000  45.0000    1000.0000   4469677.4413   1972764.5571   5164956.4727
141050   90.0000  45.0000    1000.0000   4469677.4413   1972764.5571   5164956.4727
141550   90.0000  45.0000    1000.0000   4469677.4413   1972764.5571   5164956.4727
142050   90.0000  45.0000    1000.0000   4469677.4413   1972764.5571   5164956.4727
142550   90.0000  45.0000    1000.0000   4469677.4413   1972764.5571   5164956.4727
143050   90.0000  45.0000    1000.0000   4469677.4413   1972764.5571   5164956.4727
143550   90.0000  45.0000    1000.0000   4469677.4413   1972764.5571   5164956.4727
144050   90.0000  45.0000    1000.0000   4469677.4413   1972764.5571   5164956.4727
144550   90.0000  45.0000    1000.0000   4469677.4413   1972764.5571   5164956.4727
145050   90.0000  45.0000    1000.0000   4469677.4413   1972764.5571   5164956.4727
145550   90.0000  45.0000    1000.0000   4469677.4413   1972764.5571   5164956.4727
150050   90.0000  45.0000    1000.0000   4469677.4413   1972764.5571   5164956.4727
150550   90.0000  45.0000    1000.0000   4469677.4413   1972764.5571   5164956.4727
151050   90.0000  45.0000    1000.0000   4469677.4413   1972764.5571   5164956.4727
151550   90.0000  45.0000    1000.0000   4469677.4413   1972764.5571   5164956.4727
152050   90.0000  45.0000    1000.0000   4469677.4413   1972764.5571   5164956.4727
152550   90.0000  45.0000    1000.0000   4469677.4413   1972764.5571   5164956.4727
153050   90.0000  45.0000    1000.0000   4469677.4413   1972764.5571   5164956.4727
153550   90.0000  45.0000    1000.0000   4469677.4413   1972764.5571   5164956.4727
154050   90.0000  45.0000    1000.0000   4469677.4413   1972764.5571   5164956.4727
154550   90.0000  45.0000    1000.0000   4469677.4413   1972764.5571   5164956.4727
155050   90.0000  45.0000    1000.0000   4469677.4413   1972764.5571   5164956.4727
155550   90.0000  45.0000    1000.0000   4469677.4413   1972764.5571   5164956.4727
160050   90.0000  45.0000    1000.0000   4469677.4413   1972764.5571   5164956.4727
160550   90.0000  45.0000    1000.0000   4469677.4413   1972764.5571   5164956.4727
161050   90.0000  45.0000    1000.0000   4469677.4413   1972764.5571   5164956.4727
161550   90.0000  45.0000    1000.0000   4469677.4413   1972764.5571   5164956.4727
162050   90.0000  45.0000    1000.0000   4469677.4413   1972764.5571   5164956.4727
162550   90.0000  45.0000    1000.0000   4469677.4413   1972764.5571   5164956.4727
163050   90.0000  45.0000    1000.0000   4469677.4413   1972764.5571   5164956.4727
163550   90.0000  45.0000    1000.0000   4469677.4413   1972764.5571   5164956.4727
164050   90.0000  45.0000    1000.0000   4469677.4413   1972764.5571   5164956.4727
164550   90.0000  45.0000    1000.0000   4469677.4413   1972764.5571   5164956.4727
165050   90.0000  45.0000    1000.0000   4469677.4413   1972764.5571   5164956.4727
165550   90.0000  45.0000    1000.0000   4469677.4413   1972764.5571   5164956.4727
170050   90.0000  45.0000    1000.0000   4469677.4413   1972764.5571   5164956.4727
170550   90.0000  45.0000    1000.0000   4469677.4413   1972764.5571   5164956.4727
171050   90.0000  45.0000    1000.0000   4469677.4413   1972764.5571   5164956.4727
171550   90.0000  45.0000    1000.0000   4469677.4413   1972764.5571   5164956.4727
172050   90.0000  45.0000    1000.0000   4469677.4413   1972764.5571   5164956.4727
172550   90.0000  45.0000    1000.0000   4469677.4413   1972764.5571   5164956.4727
173050   90.0000  45.0000    1000.0000   4469677.4413   1972764.5571   5164956.4727
173550   90.0000  45.0000    1000.0000   4469677.4413   1972764.5571   5164956.4727
174050   90.0000  45.0000    1000.0000   4469677.4413   1972764.5571   5164956.4727
174550   90.0000  45.0000    1000.0000   4469677.4413   1972764.5571   5164956.4727
175050   90.0000  45.0000    1000.0000   4469677.4413   1972764.5571   5164956.4727
175550   90.0000  45.0000    1000.0000   4469677.4413   1972764.5571   5164956.4727
180050   90.0000  45.0000    1000.0000   4469677.4413   1972764.5571   5164956.4727
180550   90.0000  45.0000    1000.0000   4469677.4413   1972764.5571   5164956.4727
181050   90.0000  45.0000    1000.0000   4469677.4413   1972764.5571   5164956.4727
181550   90.0000  45.0000    1000.0000   4469677.4413   1972764.5571   5164956.4727
182050   90.0000  45.0000    1000.0000   4469677.4413   1972764.5571   5164956.4727
182550   90.0000  45.0000    1000.0000   4469677.4413   1972764.5571   5164956.4727
183050   90.0000  45.0000    1000.0000   4469677.4413   1972764.5571   5164956.4727
183550   90.0000  45.0000    1000.0000   4469677.4413   1972764.5571   5164956.4727
184050   90.0000  45.0000    1000.0000   4469677.4413   1972764.5571   5164956.4727
184550   90.0000  45.0000    1000.0000   4469677.4413   1972764.5571   5164956.4727
185050   90.0000  45.0000    1000.0000   4469677.4413   1972764.5571   5164956.4727
185550   90.0000  45.0000    1000.0000   4469677.4413   1972764.5571   5164956.4727
190050   90.0000  45.0000    1000.0000   4469677.4413   1972764.5571   5164956.4727
190550   90.0000  45.0000    1000.0000   4469677.4413   1972764.5571   5164956.4727
191050   90.0000  45.0000    1000.0000   4469677.4413   1972764.5571   5164956.4727
191550   90.0000  45.0000    1000.0000   4469677.4413   1972764.5571   5164956.4727
192050   90.0000  45.0000    1000.0000   4469677.4413   1972764.5571   5164956.4727
192550   90.0000  45.0000    1000.0000   4469677.4413   1972764.5571   5164956.4727
193050   90.0000  45.0000    1000.0000   4469677.4413   1972764.5571   5164956.4727
193550   90.0000  45.0000    1000.0000   4469677.4413   1972764.5571   5164956.4727
194050   90.0000  45.0000    1000.0000   4469677.4413   1972764.5571   5164956.4727
194550   90.0000  45.0000    1000.0000   4469677.4413   1972764.5571   5164956.4727
195050   90.0000  45.0000    1000.0000   4469677.4413   1972764.5571   5164956.4727
195550   90.0000  45.0000    1000.0000   4469677.4413   1972764.5571   5164956.4727
200050   90.0000  45.0000    1000.0000   4469677.4413   1972764.5571   5164956.4727
200550   90.0000  45.0000    1000.0000   4469677.4413   1972764.5571   5164956.4727
201050   90.0000  45.0000    1000.0000   4469677.4413   1972764.5571   5164956.4727
