X2512711 R_PNT     RP_TEST 1808 0000000   90 60.0 2025 127 115550 300 100   0   0 1     -1
115550   90.0000  60.0000    1000.0000   4629313.5572   1802098.9863   5281309.0440
120050   90.0000  60.0000    1000.0000   4629313.5572   1802098.9863   5281309.0440
120550   90.0000  60.0000    1000.0000   4629313.5572   1802098.9863   5281309.0440
121050   90.0000  60.0000    1000.0000   4629313.5572   1802098.9863   5281309.0440
121550   90.0000  60.0000    1000.0000   4629313.5572   1802098.9863   5281309.0440
122050   90.0000  60.0000    1000.0000   4629313.5572   1802098.9863   5281309.0440
122550   90.0000  60.0000    1000.0000   4629313.5572   1802098.9863   5281309.0440
123050   90.0000  60.0000    1000.0000   4629313.5572   1802098.9863   5281309.0440
123550   90.0000  60.0000    1000.0000   4629313.5572   1802098.9863   5281309.0440
124050   90.0000  60.0000    1000.0000   4629313.5572   1802098.9863   5281309.0440
124550   90.0000  60.0000    1000.0000   4629313.5572   1802098.9863   5281309.0440
125050   90.0000  60.0000    1000.0000   4629313.5572   1802098.9863   5281309.0440
125550   90.0000  60.0000    1000.0000   4629313.5572   1802098.9863   5281309.0440
130050   90.0000  60.0000    1000.0000   4629313.5572   1802098.9863   5281309.0440
130550   90.0000  60.0000    1000.0000   4629313.5572   1802098.9863   5281309.0440
131050   90.0000  60.0000    1000.0000   4629313.5572   1802098.9863   5281309.0440
131550   90.0000  60.0000    1000.0000   4629313.5572   1802098.9863   5281309.0440
132050   90.0000  60.0000    1000.0000   4629313.5572   1802098.9863   5281309.0440
132550   90.0000  60.0000    1000.0000   4629313.5572   1802098.9863   5281309.0440
133050   90.0000  60.0000    1000.0000   4629313.5572   1802098.9863   5281309.0440
133550   90.0000  60.0000    1000.0000   4629313.5572   1802098.9863   5281309.0440
134050   90.0000  60.0000    1000.0000   4629313.5572   1802098.9863   5281309.0440
134550   90.0000  60.0000    1000.0000   4629313.5572   1802098.9863   5281309.0440
135050   90.0000  60.0000    1000.0000   4629313.5572   1802098.9863   5281309.0440
135550   90.0000  60.0000    1000.0000   4629313.5572   1802098.9863   5281309.0440
140050   90.0000  60.0000    1000.0000   4629313.5572   1802098.9863   5281309.0440
140550   90.0000  60.0000    1000.0000   4629313.5572   1802098.9863   5281309.0440
141050   90.0000  60.0000    1000.0000   4629313.5572   1802098.9863   5281309.0440
141550   90.0000  60.0000    1000.0000   4629313.5572   1802098.9863   5281309.0440
142050   90.0000  60.0000    1000.0000   4629313.5572   1802098.9863   5281309.0440
142550   90.0000  60.0000    1000.0000   4629313.5572   1802098.9863   5281309.0440
143050   90.0000  60.0000    1000.0000   4629313.5572   1802098.9863   5281309.0440
143550   90.0000  60.0000    1000.0000   4629313.5572   1802098.9863   5281309.0440
144050   90.0000  60.0000    1000.0000   4629313.5572   1802098.9863   5281309.0440
144550   90.0000  60.0000    1000.0000   4629313.5572   1802098.9863   5281309.0440
145050   90.0000  60.0000    1000.0000   4629313.5572   1802098.9863   5281309.0440
145550   90.0000  60.0000    1000.0000   4629313.5572   1802098.9863   5281309.0440
150050   90.0000  60.0000    1000.0000   4629313.5572   1802098.9863   5281309.0440
150550   90.0000  60.0000    1000.0000   4629313.5572   1802098.9863   5281309.0440
151050   90.0000  60.0000    1000.0000   4629313.5572   1802098.9863   5281309.0440
151550   90.0000  60.0000    1000.0000   4629313.5572   1802098.9863   5281309.0440
152050   90.0000  60.0000    1000.0000   4629313.5572   1802098.9863   5281309.0440
152550   90.0000  60.0000    1000.0000   4629313.5572   1802098.9863   5281309.0440
153050   90.0000  60.0000    1000.0000   4629313.5572   1802098.9863   5281309.0440
153550   90.0000  60.0000    1000.0000   4629313.5572   1802098.9863   5281309.0440
154050   90.0000  60.0000    1000.0000   4629313.5572   1802098.9863   5281309.0440
154550   90.0000  60.0000    1000.0000   4629313.5572   1802098.9863   5281309.0440
155050   90.0000  60.0000    1000.0000   4629313.5572   1802098.9863   5281309.0440
155550   90.0000  60.0000    1000.0000   4629313.5572   1802098.9863   5281309.0440
160050   90.0000  60.0000    1000.0000   4629313.5572   1802098.9863   5281309.0440
160550   90.0000  60.0000    1000.0000   4629313.5572   1802098.9863   5281309.0440
161050   90.0000  60.0000    1000.0000   4629313.5572   1802098.9863   5281309.0440
161550   90.0000  60.0000    1000.0000   4629313.5572   1802098.9863   5281309.0440
162050   90.0000  60.0000    1000.0000   4629313.5572   1802098.9863   5281309.0440
162550   90.0000  60.0000    1000.0000   4629313.5572   1802098.9863   5281309.0440
163050   90.0000  60.0000    1000.0000   4629313.5572   1802098.9863   5281309.0440
163550   90.0000  60.0000    1000.0000   4629313.5572   1802098.9863   5281309.0440
164050   90.0000  60.0000    1000.0000   4629313.5572   1802098.9863   5281309.0440
164550   90.0000  60.0000    1000.0000   4629313.5572   1802098.9863   5281309.0440
165050   90.0000  60.0000    1000.0000   4629313.5572   1802098.9863   5281309.0440
165550   90.0000  60.0000    1000.0000   4629313.5572   1802098.9863   5281309.0440
170050   90.0000  60.0000    1000.0000   4629313.5572   1802098.9863   5281309.0440
170550   90.0000  60.0000    1000.0000   4629313.5572   1802098.9863   5281309.0440
171050   90.0000  60.0000    1000.0000   4629313.5572   1802098.9863   5281309.0440
171550   90.0000  60.0000    1000.0000   4629313.5572   1802098.9863   5281309.0440
172050   90.0000  60.0000    1000.0000   4629313.5572   1802098.9863   5281309.0440
172550   90.0000  60.0000    1000.0000   4629313.5572   1802098.9863   5281309.0440
173050   90.0000  60.0000    1000.0000   4629313.5572   1802098.9863   5281309.0440
173550   90.0000  60.0000    1000.0000   4629313.5572   1802098.9863   5281309.0440
174050   90.0000  60.0000    1000.0000   4629313.5572   1802098.9863   5281309.0440
174550   90.0000  60.0000    1000.0000   4629313.5572   1802098.9863   5281309.0440
175050   90.0000  60.0000    1000.0000   4629313.5572   1802098.9863   5281309.0440
175550   90.0000  60.0000    1000.0000   4629313.5572   1802098.9863   5281309.0440
180050   90.0000  60.0000    1000.0000   4629313.5572   1802098.9863   5281309.0440
180550   90.0000  60.0000    1000.0000   4629313.5572   1802098.9863   5281309.0440
181050   90.0000  60.0000    1000.0000   4629313.5572   1802098.9863   5281309.0440
181550   90.0000  60.0000    1000.0000   4629313.5572   1802098.9863   5281309.0440
182050   90.0000  60.0000    1000.0000   4629313.5572   1802098.9863   5281309.0440
182550   90.0000  60.0000    1000.0000   4629313.5572   1802098.9863   5281309.0440
183050   90.0000  60.0000    1000.0000   4629313.5572   1802098.9863   5281309.0440
183550   90.0000  60.0000    1000.0000   4629313.5572   1802098.9863   5281309.0440
184050   90.0000  60.0000    1000.0000   4629313.5572   1802098.9863   5281309.0440
184550   90.0000  60.0000    1000.0000   4629313.5572   1802098.9863   5281309.0440
185050   90.0000  60.0000    1000.0000   4629313.5572   1802098.9863   5281309.0440
185550   90.0000  60.0000    1000.0000   4629313.5572   1802098.9863   5281309.0440
190050   90.0000  60.0000    1000.0000   4629313.5572   1802098.9863   5281309.0440
190550   90.0000  60.0000    1000.0000   4629313.5572   1802098.9863   5281309.0440
191050   90.0000  60.0000    1000.0000   4629313.5572   1802098.9863   5281309.0440
191550   90.0000  60.0000    1000.0000   4629313.5572   1802098.9863   5281309.0440
192050   90.0000  60.0000    1000.0000   4629313.5572   1802098.9863   5281309.0440
192550   90.0000  60.0000    1000.0000   4629313.5572   1802098.9863   5281309.0440
193050   90.0000  60.0000    1000.0000   4629313.5572   1802098.9863   5281309.0440
193550   90.0000  60.0000    1000.0000   4629313.5572   1802098.9863   5281309.0440
194050   90.0000  60.0000    1000.0000   4629313.5572   1802098.9863   5281309.0440
194550   90.0000  60.0000    1000.0000   4629313.5572   1802098.9863   5281309.0440
195050   90.0000  60.0000    1000.0000   4629313.5572   1802098.9863   5281309.0440
195550   90.0000  60.0000    1000.0000   4629313.5572   1802098.9863   5281309.0440
200050   90.0000  60.0000    1000.0000   4629313.5572   1802098.9863   5281309.0440
200550   90.0000  60.0000    1000.0000   4629313.5572   1802098.9863   5281309.0440
201050   90.0000  60.0000    1000.0000   4629313.5572   1802098.9863   5281309.0440
