X2512708 R_PNT     RP_TEST 1808 0000000   90 60.0 2025 127 085340 300 100   0   0 1     -1
085340   90.0000  60.0000    1000.0000   4060867.7099   1399802.7303   5609501.0349
085840   90.0000  60.0000    1000.0000   4060867.7099   1399802.7303   5609501.0349
090340   90.0000  60.0000    1000.0000   4060867.7099   1399802.7303   5609501.0349
090840   90.0000  60.0000    1000.0000   4060867.7099   1399802.7303   5609501.0349
091340   90.0000  60.0000    1000.0000   4060867.7099   1399802.7303   5609501.0349
091840   90.0000  60.0000    1000.0000   4060867.7099   1399802.7303   5609501.0349
092340   90.0000  60.0000    1000.0000   4060867.7099   1399802.7303   5609501.0349
092840   90.0000  60.0000    1000.0000   4060867.7099   1399802.7303   5609501.0349
093340   90.0000  60.0000    1000.0000   4060867.7099   1399802.7303   5609501.0349
093840   90.0000  60.0000    1000.0000   4060867.7099   1399802.7303   5609501.0349
094340   90.0000  60.0000    1000.0000   4060867.7099   1399802.7303   5609501.0349
094840   90.0000  60.0000    1000.0000   4060867.7099   1399802.7303   5609501.0349
095340   90.0000  60.0000    1000.0000   4060867.7099   1399802.7303   5609501.0349
095840   90.0000  60.0000    1000.0000   4060867.7099   1399802.7303   5609501.0349
100340   90.0000  60.0000    1000.0000   4060867.7099   1399802.7303   5609501.0349
100840   90.0000  60.0000    1000.0000   4060867.7099   1399802.7303   5609501.0349
101340   90.0000  60.0000    1000.0000   4060867.7099   1399802.7303   5609501.0349
101840   90.0000  60.0000    1000.0000   4060867.7099   1399802.7303   5609501.0349
102340   90.0000  60.0000    1000.0000   4060867.7099   1399802.7303   5609501.0349
102840   90.0000  60.0000    1000.0000   4060867.7099   1399802.7303   5609501.0349
103340   90.0000  60.0000    1000.0000   4060867.7099   1399802.7303   5609501.0349
103840   90.0000  60.0000    1000.0000   4060867.7099   1399802.7303   5609501.0349
104340   90.0000  60.0000    1000.0000   4060867.7099   1399802.7303   5609501.0349
104840   90.0000  60.0000    1000.0000   4060867.7099   1399802.7303   5609501.0349
105340   90.0000  60.0000    1000.0000   4060867.7099   1399802.7303   5609501.0349
105840   90.0000  60.0000    1000.0000   4060867.7099   1399802.7303   5609501.0349
110340   90.0000  60.0000    1000.0000   4060867.7099   1399802.7303   5609501.0349
110840   90.0000  60.0000    1000.0000   4060867.7099   1399802.7303   5609501.0349
111340   90.0000  60.0000    1000.0000   4060867.7099   1399802.7303   5609501.0349
111840   90.0000  60.0000    1000.0000   4060867.7099   1399802.7303   5609501.0349
112340   90.0000  60.0000    1000.0000   4060867.7099   1399802.7303   5609501.0349
112840   90.0000  60.0000    1000.0000   4060867.7099   1399802.7303   5609501.0349
113340   90.0000  60.0000    1000.0000   4060867.7099   1399802.7303   5609501.0349
113840   90.0000  60.0000    1000.0000   4060867.7099   1399802.7303   5609501.0349
114340   90.0000  60.0000    1000.0000   4060867.7099   1399802.7303   5609501.0349
114840   90.0000  60.0000    1000.0000   4060867.7099   1399802.7303   5609501.0349
115340   90.0000  60.0000    1000.0000   4060867.7099   1399802.7303   5609501.0349
115840   90.0000  60.0000    1000.0000   4060867.7099   1399802.7303   5609501.0349
120340   90.0000  60.0000    1000.0000   4060867.7099   1399802.7303   5609501.0349
120840   90.0000  60.0000    1000.0000   4060867.7099   1399802.7303   5609501.0349
121340   90.0000  60.0000    1000.0000   4060867.7099   1399802.7303   5609501.0349
121840   90.0000  60.0000    1000.0000   4060867.7099   1399802.7303   5609501.0349
122340   90.0000  60.0000    1000.0000   4060867.7099   1399802.7303   5609501.0349
122840   90.0000  60.0000    1000.0000   4060867.7099   1399802.7303   5609501.0349
123340   90.0000  60.0000    1000.0000   4060867.7099   1399802.7303   5609501.0349
123840   90.0000  60.0000    1000.0000   4060867.7099   1399802.7303   5609501.0349
124340   90.0000  60.0000    1000.0000   4060867.7099   1399802.7303   5609501.0349
124840   90.0000  60.0000    1000.0000   4060867.7099   1399802.7303   5609501.0349
125340   90.0000  60.0000    1000.0000   4060867.7099   1399802.7303   5609501.0349
125840   90.0000  60.0000    1000.0000   4060867.7099   1399802.7303   5609501.0349
130340   90.0000  60.0000    1000.0000   4060867.7099   1399802.7303   5609501.0349
130840   90.0000  60.0000    1000.0000   4060867.7099   1399802.7303   5609501.0349
131340   90.0000  60.0000    1000.0000   4060867.7099   1399802.7303   5609501.0349
131840   90.0000  60.0000    1000.0000   4060867.7099   1399802.7303   5609501.0349
132340   90.0000  60.0000    1000.0000   4060867.7099   1399802.7303   5609501.0349
132840   90.0000  60.0000    1000.0000   4060867.7099   1399802.7303   5609501.0349
133340   90.0000  60.0000    1000.0000   4060867.7099   1399802.7303   5609501.0349
133840   90.0000  60.0000    1000.0000   4060867.7099   1399802.7303   5609501.0349
134340   90.0000  60.0000    1000.0000   4060867.7099   1399802.7303   5609501.0349
134840   90.0000  60.0000    1000.0000   4060867.7099   1399802.7303   5609501.0349
135340   90.0000  60.0000    1000.0000   4060867.7099   1399802.7303   5609501.0349
135840   90.0000  60.0000    1000.0000   4060867.7099   1399802.7303   5609501.0349
140340   90.0000  60.0000    1000.0000   4060867.7099   1399802.7303   5609501.0349
140840   90.0000  60.0000    1000.0000   4060867.7099   1399802.7303   5609501.0349
141340   90.0000  60.0000    1000.0000   4060867.7099   1399802.7303   5609501.0349
141840   90.0000  60.0000    1000.0000   4060867.7099   1399802.7303   5609501.0349
142340   90.0000  60.0000    1000.0000   4060867.7099   1399802.7303   5609501.0349
142840   90.0000  60.0000    1000.0000   4060867.7099   1399802.7303   5609501.0349
143340   90.0000  60.0000    1000.0000   4060867.7099   1399802.7303   5609501.0349
143840   90.0000  60.0000    1000.0000   4060867.7099   1399802.7303   5609501.0349
144340   90.0000  60.0000    1000.0000   4060867.7099   1399802.7303   5609501.0349
144840   90.0000  60.0000    1000.0000   4060867.7099   1399802.7303   5609501.0349
145340   90.0000  60.0000    1000.0000   4060867.7099   1399802.7303   5609501.0349
145840   90.0000  60.0000    1000.0000   4060867.7099   1399802.7303   5609501.0349
150340   90.0000  60.0000    1000.0000   4060867.7099   1399802.7303   5609501.0349
150840   90.0000  60.0000    1000.0000   4060867.7099   1399802.7303   5609501.0349
151340   90.0000  60.0000    1000.0000   4060867.7099   1399802.7303   5609501.0349
151840   90.0000  60.0000    1000.0000   4060867.7099   1399802.7303   5609501.0349
152340   90.0000  60.0000    1000.0000   4060867.7099   1399802.7303   5609501.0349
152840   90.0000  60.0000    1000.0000   4060867.7099   1399802.7303   5609501.0349
153340   90.0000  60.0000    1000.0000   4060867.7099   1399802.7303   5609501.0349
153840   90.0000  60.0000    1000.0000   4060867.7099   1399802.7303   5609501.0349
154340   90.0000  60.0000    1000.0000   4060867.7099   1399802.7303   5609501.0349
154840   90.0000  60.0000    1000.0000   4060867.7099   1399802.7303   5609501.0349
155340   90.0000  60.0000    1000.0000   4060867.7099   1399802.7303   5609501.0349
155840   90.0000  60.0000    1000.0000   4060867.7099   1399802.7303   5609501.0349
160340   90.0000  60.0000    1000.0000   4060867.7099   1399802.7303   5609501.0349
160840   90.0000  60.0000    1000.0000   4060867.7099   1399802.7303   5609501.0349
161340   90.0000  60.0000    1000.0000   4060867.7099   1399802.7303   5609501.0349
161840   90.0000  60.0000    1000.0000   4060867.7099   1399802.7303   5609501.0349
162340   90.0000  60.0000    1000.0000   4060867.7099   1399802.7303   5609501.0349
162840   90.0000  60.0000    1000.0000   4060867.7099   1399802.7303   5609501.0349
163340   90.0000  60.0000    1000.0000   4060867.7099   1399802.7303   5609501.0349
163840   90.0000  60.0000    1000.0000   4060867.7099   1399802.7303   5609501.0349
164340   90.0000  60.0000    1000.0000   4060867.7099   1399802.7303   5609501.0349
164840   90.0000  60.0000    1000.0000   4060867.7099   1399802.7303   5609501.0349
165340   90.0000  60.0000    1000.0000   4060867.7099   1399802.7303   5609501.0349
165840   90.0000  60.0000    1000.0000   4060867.7099   1399802.7303   5609501.0349
170340   90.0000  60.0000    1000.0000   4060867.7099   1399802.7303   5609501.0349
170840   90.0000  60.0000    1000.0000   4060867.7099   1399802.7303   5609501.0349
