X2516110 R_PNT     RP_TEST 1808 0000000   90 60.0 2025 161 102527 300 100   0   0 1     -1
102527   90.0000  60.0000    1000.0000   4629313.5572   1802098.9863   5281309.0440
102707   90.0000  60.0000    1000.0000   4629313.5572   1802098.9863   5281309.0440
102847   90.0000  60.0000    1000.0000   4629313.5572   1802098.9863   5281309.0440
103027   90.0000  60.0000    1000.0000   4629313.5572   1802098.9863   5281309.0440
103207   90.0000  60.0000    1000.0000   4629313.5572   1802098.9863   5281309.0440
103347   90.0000  60.0000    1000.0000   4629313.5572   1802098.9863   5281309.0440
103527   90.0000  60.0000    1000.0000   4629313.5572   1802098.9863   5281309.0440
103707   90.0000  60.0000    1000.0000   4629313.5572   1802098.9863   5281309.0440
103847   90.0000  60.0000    1000.0000   4629313.5572   1802098.9863   5281309.0440
104027   90.0000  60.0000    1000.0000   4629313.5572   1802098.9863   5281309.0440
104207   90.0000  60.0000    1000.0000   4629313.5572   1802098.9863   5281309.0440
104347   90.0000  60.0000    1000.0000   4629313.5572   1802098.9863   5281309.0440
104527   90.0000  60.0000    1000.0000   4629313.5572   1802098.9863   5281309.0440
104707   90.0000  60.0000    1000.0000   4629313.5572   1802098.9863   5281309.0440
104847   90.0000  60.0000    1000.0000   4629313.5572   1802098.9863   5281309.0440
105027   90.0000  60.0000    1000.0000   4629313.5572   1802098.9863   5281309.0440
105207   90.0000  60.0000    1000.0000   4629313.5572   1802098.9863   5281309.0440
105347   90.0000  60.0000    1000.0000   4629313.5572   1802098.9863   5281309.0440
105527   90.0000  60.0000    1000.0000   4629313.5572   1802098.9863   5281309.0440
105707   90.0000  60.0000    1000.0000   4629313.5572   1802098.9863   5281309.0440
105847   90.0000  60.0000    1000.0000   4629313.5572   1802098.9863   5281309.0440
110027   90.0000  60.0000    1000.0000   4629313.5572   1802098.9863   5281309.0440
110207   90.0000  60.0000    1000.0000   4629313.5572   1802098.9863   5281309.0440
110347   90.0000  60.0000    1000.0000   4629313.5572   1802098.9863   5281309.0440
110527   90.0000  60.0000    1000.0000   4629313.5572   1802098.9863   5281309.0440
110707   90.0000  60.0000    1000.0000   4629313.5572   1802098.9863   5281309.0440
110847   90.0000  60.0000    1000.0000   4629313.5572   1802098.9863   5281309.0440
111027   90.0000  60.0000    1000.0000   4629313.5572   1802098.9863   5281309.0440
111207   90.0000  60.0000    1000.0000   4629313.5572   1802098.9863   5281309.0440
111347   90.0000  60.0000    1000.0000   4629313.5572   1802098.9863   5281309.0440
111527   90.0000  60.0000    1000.0000   4629313.5572   1802098.9863   5281309.0440
111707   90.0000  60.0000    1000.0000   4629313.5572   1802098.9863   5281309.0440
111847   90.0000  60.0000    1000.0000   4629313.5572   1802098.9863   5281309.0440
112027   90.0000  60.0000    1000.0000   4629313.5572   1802098.9863   5281309.0440
112207   90.0000  60.0000    1000.0000   4629313.5572   1802098.9863   5281309.0440
112347   90.0000  60.0000    1000.0000   4629313.5572   1802098.9863   5281309.0440
112527   90.0000  60.0000    1000.0000   4629313.5572   1802098.9863   5281309.0440
112707   90.0000  60.0000    1000.0000   4629313.5572   1802098.9863   5281309.0440
112847   90.0000  60.0000    1000.0000   4629313.5572   1802098.9863   5281309.0440
113027   90.0000  60.0000    1000.0000   4629313.5572   1802098.9863   5281309.0440
113207   90.0000  60.0000    1000.0000   4629313.5572   1802098.9863   5281309.0440
113347   90.0000  60.0000    1000.0000   4629313.5572   1802098.9863   5281309.0440
113527   90.0000  60.0000    1000.0000   4629313.5572   1802098.9863   5281309.0440
113707   90.0000  60.0000    1000.0000   4629313.5572   1802098.9863   5281309.0440
113847   90.0000  60.0000    1000.0000   4629313.5572   1802098.9863   5281309.0440
114027   90.0000  60.0000    1000.0000   4629313.5572   1802098.9863   5281309.0440
114207   90.0000  60.0000    1000.0000   4629313.5572   1802098.9863   5281309.0440
114347   90.0000  60.0000    1000.0000   4629313.5572   1802098.9863   5281309.0440
114527   90.0000  60.0000    1000.0000   4629313.5572   1802098.9863   5281309.0440
114707   90.0000  60.0000    1000.0000   4629313.5572   1802098.9863   5281309.0440
114847   90.0000  60.0000    1000.0000   4629313.5572   1802098.9863   5281309.0440
115027   90.0000  60.0000    1000.0000   4629313.5572   1802098.9863   5281309.0440
115207   90.0000  60.0000    1000.0000   4629313.5572   1802098.9863   5281309.0440
115347   90.0000  60.0000    1000.0000   4629313.5572   1802098.9863   5281309.0440
115527   90.0000  60.0000    1000.0000   4629313.5572   1802098.9863   5281309.0440
115707   90.0000  60.0000    1000.0000   4629313.5572   1802098.9863   5281309.0440
115847   90.0000  60.0000    1000.0000   4629313.5572   1802098.9863   5281309.0440
120027   90.0000  60.0000    1000.0000   4629313.5572   1802098.9863   5281309.0440
120207   90.0000  60.0000    1000.0000   4629313.5572   1802098.9863   5281309.0440
120347   90.0000  60.0000    1000.0000   4629313.5572   1802098.9863   5281309.0440
120527   90.0000  60.0000    1000.0000   4629313.5572   1802098.9863   5281309.0440
120707   90.0000  60.0000    1000.0000   4629313.5572   1802098.9863   5281309.0440
120847   90.0000  60.0000    1000.0000   4629313.5572   1802098.9863   5281309.0440
121027   90.0000  60.0000    1000.0000   4629313.5572   1802098.9863   5281309.0440
121207   90.0000  60.0000    1000.0000   4629313.5572   1802098.9863   5281309.0440
121347   90.0000  60.0000    1000.0000   4629313.5572   1802098.9863   5281309.0440
121527   90.0000  60.0000    1000.0000   4629313.5572   1802098.9863   5281309.0440
121707   90.0000  60.0000    1000.0000   4629313.5572   1802098.9863   5281309.0440
121847   90.0000  60.0000    1000.0000   4629313.5572   1802098.9863   5281309.0440
122027   90.0000  60.0000    1000.0000   4629313.5572   1802098.9863   5281309.0440
122207   90.0000  60.0000    1000.0000   4629313.5572   1802098.9863   5281309.0440
122347   90.0000  60.0000    1000.0000   4629313.5572   1802098.9863   5281309.0440
122527   90.0000  60.0000    1000.0000   4629313.5572   1802098.9863   5281309.0440
122707   90.0000  60.0000    1000.0000   4629313.5572   1802098.9863   5281309.0440
122847   90.0000  60.0000    1000.0000   4629313.5572   1802098.9863   5281309.0440
123027   90.0000  60.0000    1000.0000   4629313.5572   1802098.9863   5281309.0440
123207   90.0000  60.0000    1000.0000   4629313.5572   1802098.9863   5281309.0440
123347   90.0000  60.0000    1000.0000   4629313.5572   1802098.9863   5281309.0440
123527   90.0000  60.0000    1000.0000   4629313.5572   1802098.9863   5281309.0440
123707   90.0000  60.0000    1000.0000   4629313.5572   1802098.9863   5281309.0440
123847   90.0000  60.0000    1000.0000   4629313.5572   1802098.9863   5281309.0440
124027   90.0000  60.0000    1000.0000   4629313.5572   1802098.9863   5281309.0440
124207   90.0000  60.0000    1000.0000   4629313.5572   1802098.9863   5281309.0440
124347   90.0000  60.0000    1000.0000   4629313.5572   1802098.9863   5281309.0440
124527   90.0000  60.0000    1000.0000   4629313.5572   1802098.9863   5281309.0440
124707   90.0000  60.0000    1000.0000   4629313.5572   1802098.9863   5281309.0440
124847   90.0000  60.0000    1000.0000   4629313.5572   1802098.9863   5281309.0440
125027   90.0000  60.0000    1000.0000   4629313.5572   1802098.9863   5281309.0440
125207   90.0000  60.0000    1000.0000   4629313.5572   1802098.9863   5281309.0440
125347   90.0000  60.0000    1000.0000   4629313.5572   1802098.9863   5281309.0440
125527   90.0000  60.0000    1000.0000   4629313.5572   1802098.9863   5281309.0440
125707   90.0000  60.0000    1000.0000   4629313.5572   1802098.9863   5281309.0440
125847   90.0000  60.0000    1000.0000   4629313.5572   1802098.9863   5281309.0440
130027   90.0000  60.0000    1000.0000   4629313.5572   1802098.9863   5281309.0440
130207   90.0000  60.0000    1000.0000   4629313.5572   1802098.9863   5281309.0440
130347   90.0000  60.0000    1000.0000   4629313.5572   1802098.9863   5281309.0440
130527   90.0000  60.0000    1000.0000   4629313.5572   1802098.9863   5281309.0440
130707   90.0000  60.0000    1000.0000   4629313.5572   1802098.9863   5281309.0440
130847   90.0000  60.0000    1000.0000   4629313.5572   1802098.9863   5281309.0440
131027   90.0000  60.0000    1000.0000   4629313.5572   1802098.9863   5281309.0440
