X2612711 R_PNT     RP_TEST 1808 0000000   90 75.0 2025 127 115550 300 100   0   0 1     -1
115550   90.0000  75.0000    1000.0000   4759312.8116   1587859.0564   5354451.3281
120050   90.0000  75.0000    1000.0000   4759312.8116   1587859.0564   5354451.3281
120550   90.0000  75.0000    1000.0000   4759312.8116   1587859.0564   5354451.3281
121050   90.0000  75.0000    1000.0000   4759312.8116   1587859.0564   5354451.3281
121550   90.0000  75.0000    1000.0000   4759312.8116   1587859.0564   5354451.3281
122050   90.0000  75.0000    1000.0000   4759312.8116   1587859.0564   5354451.3281
122550   90.0000  75.0000    1000.0000   4759312.8116   1587859.0564   5354451.3281
123050   90.0000  75.0000    1000.0000   4759312.8116   1587859.0564   5354451.3281
123550   90.0000  75.0000    1000.0000   4759312.8116   1587859.0564   5354451.3281
124050   90.0000  75.0000    1000.0000   4759312.8116   1587859.0564   5354451.3281
124550   90.0000  75.0000    1000.0000   4759312.8116   1587859.0564   5354451.3281
125050   90.0000  75.0000    1000.0000   4759312.8116   1587859.0564   5354451.3281
125550   90.0000  75.0000    1000.0000   4759312.8116   1587859.0564   5354451.3281
130050   90.0000  75.0000    1000.0000   4759312.8116   1587859.0564   5354451.3281
130550   90.0000  75.0000    1000.0000   4759312.8116   1587859.0564   5354451.3281
131050   90.0000  75.0000    1000.0000   4759312.8116   1587859.0564   5354451.3281
131550   90.0000  75.0000    1000.0000   4759312.8116   1587859.0564   5354451.3281
132050   90.0000  75.0000    1000.0000   4759312.8116   1587859.0564   5354451.3281
132550   90.0000  75.0000    1000.0000   4759312.8116   1587859.0564   5354451.3281
133050   90.0000  75.0000    1000.0000   4759312.8116   1587859.0564   5354451.3281
133550   90.0000  75.0000    1000.0000   4759312.8116   1587859.0564   5354451.3281
134050   90.0000  75.0000    1000.0000   4759312.8116   1587859.0564   5354451.3281
134550   90.0000  75.0000    1000.0000   4759312.8116   1587859.0564   5354451.3281
135050   90.0000  75.0000    1000.0000   4759312.8116   1587859.0564   5354451.3281
135550   90.0000  75.0000    1000.0000   4759312.8116   1587859.0564   5354451.3281
140050   90.0000  75.0000    1000.0000   4759312.8116   1587859.0564   5354451.3281
140550   90.0000  75.0000    1000.0000   4759312.8116   1587859.0564   5354451.3281
141050   90.0000  75.0000    1000.0000   4759312.8116   1587859.0564   5354451.3281
141550   90.0000  75.0000    1000.0000   4759312.8116   1587859.0564   5354451.3281
142050   90.0000  75.0000    1000.0000   4759312.8116   1587859.0564   5354451.3281
142550   90.0000  75.0000    1000.0000   4759312.8116   1587859.0564   5354451.3281
143050   90.0000  75.0000    1000.0000   4759312.8116   1587859.0564   5354451.3281
143550   90.0000  75.0000    1000.0000   4759312.8116   1587859.0564   5354451.3281
144050   90.0000  75.0000    1000.0000   4759312.8116   1587859.0564   5354451.3281
144550   90.0000  75.0000    1000.0000   4759312.8116   1587859.0564   5354451.3281
145050   90.0000  75.0000    1000.0000   4759312.8116   1587859.0564   5354451.3281
145550   90.0000  75.0000    1000.0000   4759312.8116   1587859.0564   5354451.3281
150050   90.0000  75.0000    1000.0000   4759312.8116   1587859.0564   5354451.3281
150550   90.0000  75.0000    1000.0000   4759312.8116   1587859.0564   5354451.3281
151050   90.0000  75.0000    1000.0000   4759312.8116   1587859.0564   5354451.3281
151550   90.0000  75.0000    1000.0000   4759312.8116   1587859.0564   5354451.3281
152050   90.0000  75.0000    1000.0000   4759312.8116   1587859.0564   5354451.3281
152550   90.0000  75.0000    1000.0000   4759312.8116   1587859.0564   5354451.3281
153050   90.0000  75.0000    1000.0000   4759312.8116   1587859.0564   5354451.3281
153550   90.0000  75.0000    1000.0000   4759312.8116   1587859.0564   5354451.3281
154050   90.0000  75.0000    1000.0000   4759312.8116   1587859.0564   5354451.3281
154550   90.0000  75.0000    1000.0000   4759312.8116   1587859.0564   5354451.3281
155050   90.0000  75.0000    1000.0000   4759312.8116   1587859.0564   5354451.3281
155550   90.0000  75.0000    1000.0000   4759312.8116   1587859.0564   5354451.3281
160050   90.0000  75.0000    1000.0000   4759312.8116   1587859.0564   5354451.3281
160550   90.0000  75.0000    1000.0000   4759312.8116   1587859.0564   5354451.3281
161050   90.0000  75.0000    1000.0000   4759312.8116   1587859.0564   5354451.3281
161550   90.0000  75.0000    1000.0000   4759312.8116   1587859.0564   5354451.3281
162050   90.0000  75.0000    1000.0000   4759312.8116   1587859.0564   5354451.3281
162550   90.0000  75.0000    1000.0000   4759312.8116   1587859.0564   5354451.3281
163050   90.0000  75.0000    1000.0000   4759312.8116   1587859.0564   5354451.3281
163550   90.0000  75.0000    1000.0000   4759312.8116   1587859.0564   5354451.3281
164050   90.0000  75.0000    1000.0000   4759312.8116   1587859.0564   5354451.3281
164550   90.0000  75.0000    1000.0000   4759312.8116   1587859.0564   5354451.3281
165050   90.0000  75.0000    1000.0000   4759312.8116   1587859.0564   5354451.3281
165550   90.0000  75.0000    1000.0000   4759312.8116   1587859.0564   5354451.3281
170050   90.0000  75.0000    1000.0000   4759312.8116   1587859.0564   5354451.3281
170550   90.0000  75.0000    1000.0000   4759312.8116   1587859.0564   5354451.3281
171050   90.0000  75.0000    1000.0000   4759312.8116   1587859.0564   5354451.3281
171550   90.0000  75.0000    1000.0000   4759312.8116   1587859.0564   5354451.3281
172050   90.0000  75.0000    1000.0000   4759312.8116   1587859.0564   5354451.3281
172550   90.0000  75.0000    1000.0000   4759312.8116   1587859.0564   5354451.3281
173050   90.0000  75.0000    1000.0000   4759312.8116   1587859.0564   5354451.3281
173550   90.0000  75.0000    1000.0000   4759312.8116   1587859.0564   5354451.3281
174050   90.0000  75.0000    1000.0000   4759312.8116   1587859.0564   5354451.3281
174550   90.0000  75.0000    1000.0000   4759312.8116   1587859.0564   5354451.3281
175050   90.0000  75.0000    1000.0000   4759312.8116   1587859.0564   5354451.3281
175550   90.0000  75.0000    1000.0000   4759312.8116   1587859.0564   5354451.3281
180050   90.0000  75.0000    1000.0000   4759312.8116   1587859.0564   5354451.3281
180550   90.0000  75.0000    1000.0000   4759312.8116   1587859.0564   5354451.3281
181050   90.0000  75.0000    1000.0000   4759312.8116   1587859.0564   5354451.3281
181550   90.0000  75.0000    1000.0000   4759312.8116   1587859.0564   5354451.3281
182050   90.0000  75.0000    1000.0000   4759312.8116   1587859.0564   5354451.3281
182550   90.0000  75.0000    1000.0000   4759312.8116   1587859.0564   5354451.3281
183050   90.0000  75.0000    1000.0000   4759312.8116   1587859.0564   5354451.3281
183550   90.0000  75.0000    1000.0000   4759312.8116   1587859.0564   5354451.3281
184050   90.0000  75.0000    1000.0000   4759312.8116   1587859.0564   5354451.3281
184550   90.0000  75.0000    1000.0000   4759312.8116   1587859.0564   5354451.3281
185050   90.0000  75.0000    1000.0000   4759312.8116   1587859.0564   5354451.3281
185550   90.0000  75.0000    1000.0000   4759312.8116   1587859.0564   5354451.3281
190050   90.0000  75.0000    1000.0000   4759312.8116   1587859.0564   5354451.3281
190550   90.0000  75.0000    1000.0000   4759312.8116   1587859.0564   5354451.3281
191050   90.0000  75.0000    1000.0000   4759312.8116   1587859.0564   5354451.3281
191550   90.0000  75.0000    1000.0000   4759312.8116   1587859.0564   5354451.3281
192050   90.0000  75.0000    1000.0000   4759312.8116   1587859.0564   5354451.3281
192550   90.0000  75.0000    1000.0000   4759312.8116   1587859.0564   5354451.3281
193050   90.0000  75.0000    1000.0000   4759312.8116   1587859.0564   5354451.3281
193550   90.0000  75.0000    1000.0000   4759312.8116   1587859.0564   5354451.3281
194050   90.0000  75.0000    1000.0000   4759312.8116   1587859.0564   5354451.3281
194550   90.0000  75.0000    1000.0000   4759312.8116   1587859.0564   5354451.3281
195050   90.0000  75.0000    1000.0000   4759312.8116   1587859.0564   5354451.3281
195550   90.0000  75.0000    1000.0000   4759312.8116   1587859.0564   5354451.3281
200050   90.0000  75.0000    1000.0000   4759312.8116   1587859.0564   5354451.3281
200550   90.0000  75.0000    1000.0000   4759312.8116   1587859.0564   5354451.3281
201050   90.0000  75.0000    1000.0000   4759312.8116   1587859.0564   5354451.3281
