X2612708 R_PNT     RP_TEST 1808 0000000   90 75.0 2025 127 085340 300 100   0   0 1     -1
085340   90.0000  75.0000    1000.0000   4125293.3389   1638013.4800   5524334.5833
085840   90.0000  75.0000    1000.0000   4125293.3389   1638013.4800   5524334.5833
090340   90.0000  75.0000    1000.0000   4125293.3389   1638013.4800   5524334.5833
090840   90.0000  75.0000    1000.0000   4125293.3389   1638013.4800   5524334.5833
091340   90.0000  75.0000    1000.0000   4125293.3389   1638013.4800   5524334.5833
091840   90.0000  75.0000    1000.0000   4125293.3389   1638013.4800   5524334.5833
092340   90.0000  75.0000    1000.0000   4125293.3389   1638013.4800   5524334.5833
092840   90.0000  75.0000    1000.0000   4125293.3389   1638013.4800   5524334.5833
093340   90.0000  75.0000    1000.0000   4125293.3389   1638013.4800   5524334.5833
093840   90.0000  75.0000    1000.0000   4125293.3389   1638013.4800   5524334.5833
094340   90.0000  75.0000    1000.0000   4125293.3389   1638013.4800   5524334.5833
094840   90.0000  75.0000    1000.0000   4125293.3389   1638013.4800   5524334.5833
095340   90.0000  75.0000    1000.0000   4125293.3389   1638013.4800   5524334.5833
095840   90.0000  75.0000    1000.0000   4125293.3389   1638013.4800   5524334.5833
100340   90.0000  75.0000    1000.0000   4125293.3389   1638013.4800   5524334.5833
100840   90.0000  75.0000    1000.0000   4125293.3389   1638013.4800   5524334.5833
101340   90.0000  75.0000    1000.0000   4125293.3389   1638013.4800   5524334.5833
101840   90.0000  75.0000    1000.0000   4125293.3389   1638013.4800   5524334.5833
102340   90.0000  75.0000    1000.0000   4125293.3389   1638013.4800   5524334.5833
102840   90.0000  75.0000    1000.0000   4125293.3389   1638013.4800   5524334.5833
103340   90.0000  75.0000    1000.0000   4125293.3389   1638013.4800   5524334.5833
103840   90.0000  75.0000    1000.0000   4125293.3389   1638013.4800   5524334.5833
104340   90.0000  75.0000    1000.0000   4125293.3389   1638013.4800   5524334.5833
104840   90.0000  75.0000    1000.0000   4125293.3389   1638013.4800   5524334.5833
105340   90.0000  75.0000    1000.0000   4125293.3389   1638013.4800   5524334.5833
105840   90.0000  75.0000    1000.0000   4125293.3389   1638013.4800   5524334.5833
110340   90.0000  75.0000    1000.0000   4125293.3389   1638013.4800   5524334.5833
110840   90.0000  75.0000    1000.0000   4125293.3389   1638013.4800   5524334.5833
111340   90.0000  75.0000    1000.0000   4125293.3389   1638013.4800   5524334.5833
111840   90.0000  75.0000    1000.0000   4125293.3389   1638013.4800   5524334.5833
112340   90.0000  75.0000    1000.0000   4125293.3389   1638013.4800   5524334.5833
112840   90.0000  75.0000    1000.0000   4125293.3389   1638013.4800   5524334.5833
113340   90.0000  75.0000    1000.0000   4125293.3389   1638013.4800   5524334.5833
113840   90.0000  75.0000    1000.0000   4125293.3389   1638013.4800   5524334.5833
114340   90.0000  75.0000    1000.0000   4125293.3389   1638013.4800   5524334.5833
114840   90.0000  75.0000    1000.0000   4125293.3389   1638013.4800   5524334.5833
115340   90.0000  75.0000    1000.0000   4125293.3389   1638013.4800   5524334.5833
115840   90.0000  75.0000    1000.0000   4125293.3389   1638013.4800   5524334.5833
120340   90.0000  75.0000    1000.0000   4125293.3389   1638013.4800   5524334.5833
120840   90.0000  75.0000    1000.0000   4125293.3389   1638013.4800   5524334.5833
121340   90.0000  75.0000    1000.0000   4125293.3389   1638013.4800   5524334.5833
121840   90.0000  75.0000    1000.0000   4125293.3389   1638013.4800   5524334.5833
122340   90.0000  75.0000    1000.0000   4125293.3389   1638013.4800   5524334.5833
122840   90.0000  75.0000    1000.0000   4125293.3389   1638013.4800   5524334.5833
123340   90.0000  75.0000    1000.0000   4125293.3389   1638013.4800   5524334.5833
123840   90.0000  75.0000    1000.0000   4125293.3389   1638013.4800   5524334.5833
124340   90.0000  75.0000    1000.0000   4125293.3389   1638013.4800   5524334.5833
124840   90.0000  75.0000    1000.0000   4125293.3389   1638013.4800   5524334.5833
125340   90.0000  75.0000    1000.0000   4125293.3389   1638013.4800   5524334.5833
125840   90.0000  75.0000    1000.0000   4125293.3389   1638013.4800   5524334.5833
130340   90.0000  75.0000    1000.0000   4125293.3389   1638013.4800   5524334.5833
130840   90.0000  75.0000    1000.0000   4125293.3389   1638013.4800   5524334.5833
131340   90.0000  75.0000    1000.0000   4125293.3389   1638013.4800   5524334.5833
131840   90.0000  75.0000    1000.0000   4125293.3389   1638013.4800   5524334.5833
132340   90.0000  75.0000    1000.0000   4125293.3389   1638013.4800   5524334.5833
132840   90.0000  75.0000    1000.0000   4125293.3389   1638013.4800   5524334.5833
133340   90.0000  75.0000    1000.0000   4125293.3389   1638013.4800   5524334.5833
133840   90.0000  75.0000    1000.0000   4125293.3389   1638013.4800   5524334.5833
134340   90.0000  75.0000    1000.0000   4125293.3389   1638013.4800   5524334.5833
134840   90.0000  75.0000    1000.0000   4125293.3389   1638013.4800   5524334.5833
135340   90.0000  75.0000    1000.0000   4125293.3389   1638013.4800   5524334.5833
135840   90.0000  75.0000    1000.0000   4125293.3389   1638013.4800   5524334.5833
140340   90.0000  75.0000    1000.0000   4125293.3389   1638013.4800   5524334.5833
140840   90.0000  75.0000    1000.0000   4125293.3389   1638013.4800   5524334.5833
141340   90.0000  75.0000    1000.0000   4125293.3389   1638013.4800   5524334.5833
141840   90.0000  75.0000    1000.0000   4125293.3389   1638013.4800   5524334.5833
142340   90.0000  75.0000    1000.0000   4125293.3389   1638013.4800   5524334.5833
142840   90.0000  75.0000    1000.0000   4125293.3389   1638013.4800   5524334.5833
143340   90.0000  75.0000    1000.0000   4125293.3389   1638013.4800   5524334.5833
143840   90.0000  75.0000    1000.0000   4125293.3389   1638013.4800   5524334.5833
144340   90.0000  75.0000    1000.0000   4125293.3389   1638013.4800   5524334.5833
144840   90.0000  75.0000    1000.0000   4125293.3389   1638013.4800   5524334.5833
145340   90.0000  75.0000    1000.0000   4125293.3389   1638013.4800   5524334.5833
145840   90.0000  75.0000    1000.0000   4125293.3389   1638013.4800   5524334.5833
150340   90.0000  75.0000    1000.0000   4125293.3389   1638013.4800   5524334.5833
150840   90.0000  75.0000    1000.0000   4125293.3389   1638013.4800   5524334.5833
151340   90.0000  75.0000    1000.0000   4125293.3389   1638013.4800   5524334.5833
151840   90.0000  75.0000    1000.0000   4125293.3389   1638013.4800   5524334.5833
152340   90.0000  75.0000    1000.0000   4125293.3389   1638013.4800   5524334.5833
152840   90.0000  75.0000    1000.0000   4125293.3389   1638013.4800   5524334.5833
153340   90.0000  75.0000    1000.0000   4125293.3389   1638013.4800   5524334.5833
153840   90.0000  75.0000    1000.0000   4125293.3389   1638013.4800   5524334.5833
154340   90.0000  75.0000    1000.0000   4125293.3389   1638013.4800   5524334.5833
154840   90.0000  75.0000    1000.0000   4125293.3389   1638013.4800   5524334.5833
155340   90.0000  75.0000    1000.0000   4125293.3389   1638013.4800   5524334.5833
155840   90.0000  75.0000    1000.0000   4125293.3389   1638013.4800   5524334.5833
160340   90.0000  75.0000    1000.0000   4125293.3389   1638013.4800   5524334.5833
160840   90.0000  75.0000    1000.0000   4125293.3389   1638013.4800   5524334.5833
161340   90.0000  75.0000    1000.0000   4125293.3389   1638013.4800   5524334.5833
161840   90.0000  75.0000    1000.0000   4125293.3389   1638013.4800   5524334.5833
162340   90.0000  75.0000    1000.0000   4125293.3389   1638013.4800   5524334.5833
162840   90.0000  75.0000    1000.0000   4125293.3389   1638013.4800   5524334.5833
163340   90.0000  75.0000    1000.0000   4125293.3389   1638013.4800   5524334.5833
163840   90.0000  75.0000    1000.0000   4125293.3389   1638013.4800   5524334.5833
164340   90.0000  75.0000    1000.0000   4125293.3389   1638013.4800   5524334.5833
164840   90.0000  75.0000    1000.0000   4125293.3389   1638013.4800   5524334.5833
165340   90.0000  75.0000    1000.0000   4125293.3389   1638013.4800   5524334.5833
165840   90.0000  75.0000    1000.0000   4125293.3389   1638013.4800   5524334.5833
170340   90.0000  75.0000    1000.0000   4125293.3389   1638013.4800   5524334.5833
170840   90.0000  75.0000    1000.0000   4125293.3389   1638013.4800   5524334.5833
