X2616110 R_PNT     RP_TEST 1808 0000000   90 75.0 2025 161 102527 300 100   0   0 1     -1
102527   90.0000  75.0000    1000.0000   4759312.8116   1587859.0564   5354451.3281
102707   90.0000  75.0000    1000.0000   4759312.8116   1587859.0564   5354451.3281
102847   90.0000  75.0000    1000.0000   4759312.8116   1587859.0564   5354451.3281
103027   90.0000  75.0000    1000.0000   4759312.8116   1587859.0564   5354451.3281
103207   90.0000  75.0000    1000.0000   4759312.8116   1587859.0564   5354451.3281
103347   90.0000  75.0000    1000.0000   4759312.8116   1587859.0564   5354451.3281
103527   90.0000  75.0000    1000.0000   4759312.8116   1587859.0564   5354451.3281
103707   90.0000  75.0000    1000.0000   4759312.8116   1587859.0564   5354451.3281
103847   90.0000  75.0000    1000.0000   4759312.8116   1587859.0564   5354451.3281
104027   90.0000  75.0000    1000.0000   4759312.8116   1587859.0564   5354451.3281
104207   90.0000  75.0000    1000.0000   4759312.8116   1587859.0564   5354451.3281
104347   90.0000  75.0000    1000.0000   4759312.8116   1587859.0564   5354451.3281
104527   90.0000  75.0000    1000.0000   4759312.8116   1587859.0564   5354451.3281
104707   90.0000  75.0000    1000.0000   4759312.8116   1587859.0564   5354451.3281
104847   90.0000  75.0000    1000.0000   4759312.8116   1587859.0564   5354451.3281
105027   90.0000  75.0000    1000.0000   4759312.8116   1587859.0564   5354451.3281
105207   90.0000  75.0000    1000.0000   4759312.8116   1587859.0564   5354451.3281
105347   90.0000  75.0000    1000.0000   4759312.8116   1587859.0564   5354451.3281
105527   90.0000  75.0000    1000.0000   4759312.8116   1587859.0564   5354451.3281
105707   90.0000  75.0000    1000.0000   4759312.8116   1587859.0564   5354451.3281
105847   90.0000  75.0000    1000.0000   4759312.8116   1587859.0564   5354451.3281
110027   90.0000  75.0000    1000.0000   4759312.8116   1587859.0564   5354451.3281
110207   90.0000  75.0000    1000.0000   4759312.8116   1587859.0564   5354451.3281
110347   90.0000  75.0000    1000.0000   4759312.8116   1587859.0564   5354451.3281
110527   90.0000  75.0000    1000.0000   4759312.8116   1587859.0564   5354451.3281
110707   90.0000  75.0000    1000.0000   4759312.8116   1587859.0564   5354451.3281
110847   90.0000  75.0000    1000.0000   4759312.8116   1587859.0564   5354451.3281
111027   90.0000  75.0000    1000.0000   4759312.8116   1587859.0564   5354451.3281
111207   90.0000  75.0000    1000.0000   4759312.8116   1587859.0564   5354451.3281
111347   90.0000  75.0000    1000.0000   4759312.8116   1587859.0564   5354451.3281
111527   90.0000  75.0000    1000.0000   4759312.8116   1587859.0564   5354451.3281
111707   90.0000  75.0000    1000.0000   4759312.8116   1587859.0564   5354451.3281
111847   90.0000  75.0000    1000.0000   4759312.8116   1587859.0564   5354451.3281
112027   90.0000  75.0000    1000.0000   4759312.8116   1587859.0564   5354451.3281
112207   90.0000  75.0000    1000.0000   4759312.8116   1587859.0564   5354451.3281
112347   90.0000  75.0000    1000.0000   4759312.8116   1587859.0564   5354451.3281
112527   90.0000  75.0000    1000.0000   4759312.8116   1587859.0564   5354451.3281
112707   90.0000  75.0000    1000.0000   4759312.8116   1587859.0564   5354451.3281
112847   90.0000  75.0000    1000.0000   4759312.8116   1587859.0564   5354451.3281
113027   90.0000  75.0000    1000.0000   4759312.8116   1587859.0564   5354451.3281
113207   90.0000  75.0000    1000.0000   4759312.8116   1587859.0564   5354451.3281
113347   90.0000  75.0000    1000.0000   4759312.8116   1587859.0564   5354451.3281
113527   90.0000  75.0000    1000.0000   4759312.8116   1587859.0564   5354451.3281
113707   90.0000  75.0000    1000.0000   4759312.8116   1587859.0564   5354451.3281
113847   90.0000  75.0000    1000.0000   4759312.8116   1587859.0564   5354451.3281
114027   90.0000  75.0000    1000.0000   4759312.8116   1587859.0564   5354451.3281
114207   90.0000  75.0000    1000.0000   4759312.8116   1587859.0564   5354451.3281
114347   90.0000  75.0000    1000.0000   4759312.8116   1587859.0564   5354451.3281
114527   90.0000  75.0000    1000.0000   4759312.8116   1587859.0564   5354451.3281
114707   90.0000  75.0000    1000.0000   4759312.8116   1587859.0564   5354451.3281
114847   90.0000  75.0000    1000.0000   4759312.8116   1587859.0564   5354451.3281
115027   90.0000  75.0000    1000.0000   4759312.8116   1587859.0564   5354451.3281
115207   90.0000  75.0000    1000.0000   4759312.8116   1587859.0564   5354451.3281
115347   90.0000  75.0000    1000.0000   4759312.8116   1587859.0564   5354451.3281
115527   90.0000  75.0000    1000.0000   4759312.8116   1587859.0564   5354451.3281
115707   90.0000  75.0000    1000.0000   4759312.8116   1587859.0564   5354451.3281
115847   90.0000  75.0000    1000.0000   4759312.8116   1587859.0564   5354451.3281
120027   90.0000  75.0000    1000.0000   4759312.8116   1587859.0564   5354451.3281
120207   90.0000  75.0000    1000.0000   4759312.8116   1587859.0564   5354451.3281
120347   90.0000  75.0000    1000.0000   4759312.8116   1587859.0564   5354451.3281
120527   90.0000  75.0000    1000.0000   4759312.8116   1587859.0564   5354451.3281
120707   90.0000  75.0000    1000.0000   4759312.8116   1587859.0564   5354451.3281
120847   90.0000  75.0000    1000.0000   4759312.8116   1587859.0564   5354451.3281
121027   90.0000  75.0000    1000.0000   4759312.8116   1587859.0564   5354451.3281
121207   90.0000  75.0000    1000.0000   4759312.8116   1587859.0564   5354451.3281
121347   90.0000  75.0000    1000.0000   4759312.8116   1587859.0564   5354451.3281
121527   90.0000  75.0000    1000.0000   4759312.8116   1587859.0564   5354451.3281
121707   90.0000  75.0000    1000.0000   4759312.8116   1587859.0564   5354451.3281
121847   90.0000  75.0000    1000.0000   4759312.8116   1587859.0564   5354451.3281
122027   90.0000  75.0000    1000.0000   4759312.8116   1587859.0564   5354451.3281
122207   90.0000  75.0000    1000.0000   4759312.8116   1587859.0564   5354451.3281
122347   90.0000  75.0000    1000.0000   4759312.8116   1587859.0564   5354451.3281
122527   90.0000  75.0000    1000.0000   4759312.8116   1587859.0564   5354451.3281
122707   90.0000  75.0000    1000.0000   4759312.8116   1587859.0564   5354451.3281
122847   90.0000  75.0000    1000.0000   4759312.8116   1587859.0564   5354451.3281
123027   90.0000  75.0000    1000.0000   4759312.8116   1587859.0564   5354451.3281
123207   90.0000  75.0000    1000.0000   4759312.8116   1587859.0564   5354451.3281
123347   90.0000  75.0000    1000.0000   4759312.8116   1587859.0564   5354451.3281
123527   90.0000  75.0000    1000.0000   4759312.8116   1587859.0564   5354451.3281
123707   90.0000  75.0000    1000.0000   4759312.8116   1587859.0564   5354451.3281
123847   90.0000  75.0000    1000.0000   4759312.8116   1587859.0564   5354451.3281
124027   90.0000  75.0000    1000.0000   4759312.8116   1587859.0564   5354451.3281
124207   90.0000  75.0000    1000.0000   4759312.8116   1587859.0564   5354451.3281
124347   90.0000  75.0000    1000.0000   4759312.8116   1587859.0564   5354451.3281
124527   90.0000  75.0000    1000.0000   4759312.8116   1587859.0564   5354451.3281
124707   90.0000  75.0000    1000.0000   4759312.8116   1587859.0564   5354451.3281
124847   90.0000  75.0000    1000.0000   4759312.8116   1587859.0564   5354451.3281
125027   90.0000  75.0000    1000.0000   4759312.8116   1587859.0564   5354451.3281
125207   90.0000  75.0000    1000.0000   4759312.8116   1587859.0564   5354451.3281
125347   90.0000  75.0000    1000.0000   4759312.8116   1587859.0564   5354451.3281
125527   90.0000  75.0000    1000.0000   4759312.8116   1587859.0564   5354451.3281
125707   90.0000  75.0000    1000.0000   4759312.8116   1587859.0564   5354451.3281
125847   90.0000  75.0000    1000.0000   4759312.8116   1587859.0564   5354451.3281
130027   90.0000  75.0000    1000.0000   4759312.8116   1587859.0564   5354451.3281
130207   90.0000  75.0000    1000.0000   4759312.8116   1587859.0564   5354451.3281
130347   90.0000  75.0000    1000.0000   4759312.8116   1587859.0564   5354451.3281
130527   90.0000  75.0000    1000.0000   4759312.8116   1587859.0564   5354451.3281
130707   90.0000  75.0000    1000.0000   4759312.8116   1587859.0564   5354451.3281
130847   90.0000  75.0000    1000.0000   4759312.8116   1587859.0564   5354451.3281
131027   90.0000  75.0000    1000.0000   4759312.8116   1587859.0564   5354451.3281
