X2716110 R_PNT     RP_TEST 1808 0000000   90 89.0 2025 161 102527 300 100   0   0 1     -1
102527   90.0000  89.0000    1000.0000   4846054.0126   1361435.3683   5379287.2888
102707   90.0000  89.0000    1000.0000   4846054.0126   1361435.3683   5379287.2888
102847   90.0000  89.0000    1000.0000   4846054.0126   1361435.3683   5379287.2888
103027   90.0000  89.0000    1000.0000   4846054.0126   1361435.3683   5379287.2888
103207   90.0000  89.0000    1000.0000   4846054.0126   1361435.3683   5379287.2888
103347   90.0000  89.0000    1000.0000   4846054.0126   1361435.3683   5379287.2888
103527   90.0000  89.0000    1000.0000   4846054.0126   1361435.3683   5379287.2888
103707   90.0000  89.0000    1000.0000   4846054.0126   1361435.3683   5379287.2888
103847   90.0000  89.0000    1000.0000   4846054.0126   1361435.3683   5379287.2888
104027   90.0000  89.0000    1000.0000   4846054.0126   1361435.3683   5379287.2888
104207   90.0000  89.0000    1000.0000   4846054.0126   1361435.3683   5379287.2888
104347   90.0000  89.0000    1000.0000   4846054.0126   1361435.3683   5379287.2888
104527   90.0000  89.0000    1000.0000   4846054.0126   1361435.3683   5379287.2888
104707   90.0000  89.0000    1000.0000   4846054.0126   1361435.3683   5379287.2888
104847   90.0000  89.0000    1000.0000   4846054.0126   1361435.3683   5379287.2888
105027   90.0000  89.0000    1000.0000   4846054.0126   1361435.3683   5379287.2888
105207   90.0000  89.0000    1000.0000   4846054.0126   1361435.3683   5379287.2888
105347   90.0000  89.0000    1000.0000   4846054.0126   1361435.3683   5379287.2888
105527   90.0000  89.0000    1000.0000   4846054.0126   1361435.3683   5379287.2888
105707   90.0000  89.0000    1000.0000   4846054.0126   1361435.3683   5379287.2888
105847   90.0000  89.0000    1000.0000   4846054.0126   1361435.3683   5379287.2888
110027   90.0000  89.0000    1000.0000   4846054.0126   1361435.3683   5379287.2888
110207   90.0000  89.0000    1000.0000   4846054.0126   1361435.3683   5379287.2888
110347   90.0000  89.0000    1000.0000   4846054.0126   1361435.3683   5379287.2888
110527   90.0000  89.0000    1000.0000   4846054.0126   1361435.3683   5379287.2888
110707   90.0000  89.0000    1000.0000   4846054.0126   1361435.3683   5379287.2888
110847   90.0000  89.0000    1000.0000   4846054.0126   1361435.3683   5379287.2888
111027   90.0000  89.0000    1000.0000   4846054.0126   1361435.3683   5379287.2888
111207   90.0000  89.0000    1000.0000   4846054.0126   1361435.3683   5379287.2888
111347   90.0000  89.0000    1000.0000   4846054.0126   1361435.3683   5379287.2888
111527   90.0000  89.0000    1000.0000   4846054.0126   1361435.3683   5379287.2888
111707   90.0000  89.0000    1000.0000   4846054.0126   1361435.3683   5379287.2888
111847   90.0000  89.0000    1000.0000   4846054.0126   1361435.3683   5379287.2888
112027   90.0000  89.0000    1000.0000   4846054.0126   1361435.3683   5379287.2888
112207   90.0000  89.0000    1000.0000   4846054.0126   1361435.3683   5379287.2888
112347   90.0000  89.0000    1000.0000   4846054.0126   1361435.3683   5379287.2888
112527   90.0000  89.0000    1000.0000   4846054.0126   1361435.3683   5379287.2888
112707   90.0000  89.0000    1000.0000   4846054.0126   1361435.3683   5379287.2888
112847   90.0000  89.0000    1000.0000   4846054.0126   1361435.3683   5379287.2888
113027   90.0000  89.0000    1000.0000   4846054.0126   1361435.3683   5379287.2888
113207   90.0000  89.0000    1000.0000   4846054.0126   1361435.3683   5379287.2888
113347   90.0000  89.0000    1000.0000   4846054.0126   1361435.3683   5379287.2888
113527   90.0000  89.0000    1000.0000   4846054.0126   1361435.3683   5379287.2888
113707   90.0000  89.0000    1000.0000   4846054.0126   1361435.3683   5379287.2888
113847   90.0000  89.0000    1000.0000   4846054.0126   1361435.3683   5379287.2888
114027   90.0000  89.0000    1000.0000   4846054.0126   1361435.3683   5379287.2888
114207   90.0000  89.0000    1000.0000   4846054.0126   1361435.3683   5379287.2888
114347   90.0000  89.0000    1000.0000   4846054.0126   1361435.3683   5379287.2888
114527   90.0000  89.0000    1000.0000   4846054.0126   1361435.3683   5379287.2888
114707   90.0000  89.0000    1000.0000   4846054.0126   1361435.3683   5379287.2888
114847   90.0000  89.0000    1000.0000   4846054.0126   1361435.3683   5379287.2888
115027   90.0000  89.0000    1000.0000   4846054.0126   1361435.3683   5379287.2888
115207   90.0000  89.0000    1000.0000   4846054.0126   1361435.3683   5379287.2888
115347   90.0000  89.0000    1000.0000   4846054.0126   1361435.3683   5379287.2888
115527   90.0000  89.0000    1000.0000   4846054.0126   1361435.3683   5379287.2888
115707   90.0000  89.0000    1000.0000   4846054.0126   1361435.3683   5379287.2888
115847   90.0000  89.0000    1000.0000   4846054.0126   1361435.3683   5379287.2888
120027   90.0000  89.0000    1000.0000   4846054.0126   1361435.3683   5379287.2888
120207   90.0000  89.0000    1000.0000   4846054.0126   1361435.3683   5379287.2888
120347   90.0000  89.0000    1000.0000   4846054.0126   1361435.3683   5379287.2888
120527   90.0000  89.0000    1000.0000   4846054.0126   1361435.3683   5379287.2888
120707   90.0000  89.0000    1000.0000   4846054.0126   1361435.3683   5379287.2888
120847   90.0000  89.0000    1000.0000   4846054.0126   1361435.3683   5379287.2888
121027   90.0000  89.0000    1000.0000   4846054.0126   1361435.3683   5379287.2888
121207   90.0000  89.0000    1000.0000   4846054.0126   1361435.3683   5379287.2888
121347   90.0000  89.0000    1000.0000   4846054.0126   1361435.3683   5379287.2888
121527   90.0000  89.0000    1000.0000   4846054.0126   1361435.3683   5379287.2888
121707   90.0000  89.0000    1000.0000   4846054.0126   1361435.3683   5379287.2888
121847   90.0000  89.0000    1000.0000   4846054.0126   1361435.3683   5379287.2888
122027   90.0000  89.0000    1000.0000   4846054.0126   1361435.3683   5379287.2888
122207   90.0000  89.0000    1000.0000   4846054.0126   1361435.3683   5379287.2888
122347   90.0000  89.0000    1000.0000   4846054.0126   1361435.3683   5379287.2888
122527   90.0000  89.0000    1000.0000   4846054.0126   1361435.3683   5379287.2888
122707   90.0000  89.0000    1000.0000   4846054.0126   1361435.3683   5379287.2888
122847   90.0000  89.0000    1000.0000   4846054.0126   1361435.3683   5379287.2888
123027   90.0000  89.0000    1000.0000   4846054.0126   1361435.3683   5379287.2888
123207   90.0000  89.0000    1000.0000   4846054.0126   1361435.3683   5379287.2888
123347   90.0000  89.0000    1000.0000   4846054.0126   1361435.3683   5379287.2888
123527   90.0000  89.0000    1000.0000   4846054.0126   1361435.3683   5379287.2888
123707   90.0000  89.0000    1000.0000   4846054.0126   1361435.3683   5379287.2888
123847   90.0000  89.0000    1000.0000   4846054.0126   1361435.3683   5379287.2888
124027   90.0000  89.0000    1000.0000   4846054.0126   1361435.3683   5379287.2888
124207   90.0000  89.0000    1000.0000   4846054.0126   1361435.3683   5379287.2888
124347   90.0000  89.0000    1000.0000   4846054.0126   1361435.3683   5379287.2888
124527   90.0000  89.0000    1000.0000   4846054.0126   1361435.3683   5379287.2888
124707   90.0000  89.0000    1000.0000   4846054.0126   1361435.3683   5379287.2888
124847   90.0000  89.0000    1000.0000   4846054.0126   1361435.3683   5379287.2888
125027   90.0000  89.0000    1000.0000   4846054.0126   1361435.3683   5379287.2888
125207   90.0000  89.0000    1000.0000   4846054.0126   1361435.3683   5379287.2888
125347   90.0000  89.0000    1000.0000   4846054.0126   1361435.3683   5379287.2888
125527   90.0000  89.0000    1000.0000   4846054.0126   1361435.3683   5379287.2888
125707   90.0000  89.0000    1000.0000   4846054.0126   1361435.3683   5379287.2888
125847   90.0000  89.0000    1000.0000   4846054.0126   1361435.3683   5379287.2888
130027   90.0000  89.0000    1000.0000   4846054.0126   1361435.3683   5379287.2888
130207   90.0000  89.0000    1000.0000   4846054.0126   1361435.3683   5379287.2888
130347   90.0000  89.0000    1000.0000   4846054.0126   1361435.3683   5379287.2888
130527   90.0000  89.0000    1000.0000   4846054.0126   1361435.3683   5379287.2888
130707   90.0000  89.0000    1000.0000   4846054.0126   1361435.3683   5379287.2888
130847   90.0000  89.0000    1000.0000   4846054.0126   1361435.3683   5379287.2888
131027   90.0000  89.0000    1000.0000   4846054.0126   1361435.3683   5379287.2888
