X2712711 R_PNT     RP_TEST 1808 0000000   90 90.0 2025 127 115550 300 100   0   0 1     -1
115550   90.0000  90.0000    1000.0000   4850815.9701   1344644.8646   5379398.7990
120050   90.0000  90.0000    1000.0000   4850815.9701   1344644.8646   5379398.7990
120550   90.0000  90.0000    1000.0000   4850815.9701   1344644.8646   5379398.7990
121050   90.0000  90.0000    1000.0000   4850815.9701   1344644.8646   5379398.7990
121550   90.0000  90.0000    1000.0000   4850815.9701   1344644.8646   5379398.7990
122050   90.0000  90.0000    1000.0000   4850815.9701   1344644.8646   5379398.7990
122550   90.0000  90.0000    1000.0000   4850815.9701   1344644.8646   5379398.7990
123050   90.0000  90.0000    1000.0000   4850815.9701   1344644.8646   5379398.7990
123550   90.0000  90.0000    1000.0000   4850815.9701   1344644.8646   5379398.7990
124050   90.0000  90.0000    1000.0000   4850815.9701   1344644.8646   5379398.7990
124550   90.0000  90.0000    1000.0000   4850815.9701   1344644.8646   5379398.7990
125050   90.0000  90.0000    1000.0000   4850815.9701   1344644.8646   5379398.7990
125550   90.0000  90.0000    1000.0000   4850815.9701   1344644.8646   5379398.7990
130050   90.0000  90.0000    1000.0000   4850815.9701   1344644.8646   5379398.7990
130550   90.0000  90.0000    1000.0000   4850815.9701   1344644.8646   5379398.7990
131050   90.0000  90.0000    1000.0000   4850815.9701   1344644.8646   5379398.7990
131550   90.0000  90.0000    1000.0000   4850815.9701   1344644.8646   5379398.7990
132050   90.0000  90.0000    1000.0000   4850815.9701   1344644.8646   5379398.7990
132550   90.0000  90.0000    1000.0000   4850815.9701   1344644.8646   5379398.7990
133050   90.0000  90.0000    1000.0000   4850815.9701   1344644.8646   5379398.7990
133550   90.0000  90.0000    1000.0000   4850815.9701   1344644.8646   5379398.7990
134050   90.0000  90.0000    1000.0000   4850815.9701   1344644.8646   5379398.7990
134550   90.0000  90.0000    1000.0000   4850815.9701   1344644.8646   5379398.7990
135050   90.0000  90.0000    1000.0000   4850815.9701   1344644.8646   5379398.7990
135550   90.0000  90.0000    1000.0000   4850815.9701   1344644.8646   5379398.7990
140050   90.0000  90.0000    1000.0000   4850815.9701   1344644.8646   5379398.7990
140550   90.0000  90.0000    1000.0000   4850815.9701   1344644.8646   5379398.7990
141050   90.0000  90.0000    1000.0000   4850815.9701   1344644.8646   5379398.7990
141550   90.0000  90.0000    1000.0000   4850815.9701   1344644.8646   5379398.7990
142050   90.0000  90.0000    1000.0000   4850815.9701   1344644.8646   5379398.7990
142550   90.0000  90.0000    1000.0000   4850815.9701   1344644.8646   5379398.7990
143050   90.0000  90.0000    1000.0000   4850815.9701   1344644.8646   5379398.7990
143550   90.0000  90.0000    1000.0000   4850815.9701   1344644.8646   5379398.7990
144050   90.0000  90.0000    1000.0000   4850815.9701   1344644.8646   5379398.7990
144550   90.0000  90.0000    1000.0000   4850815.9701   1344644.8646   5379398.7990
145050   90.0000  90.0000    1000.0000   4850815.9701   1344644.8646   5379398.7990
145550   90.0000  90.0000    1000.0000   4850815.9701   1344644.8646   5379398.7990
150050   90.0000  90.0000    1000.0000   4850815.9701   1344644.8646   5379398.7990
150550   90.0000  90.0000    1000.0000   4850815.9701   1344644.8646   5379398.7990
151050   90.0000  90.0000    1000.0000   4850815.9701   1344644.8646   5379398.7990
151550   90.0000  90.0000    1000.0000   4850815.9701   1344644.8646   5379398.7990
152050   90.0000  90.0000    1000.0000   4850815.9701   1344644.8646   5379398.7990
152550   90.0000  90.0000    1000.0000   4850815.9701   1344644.8646   5379398.7990
153050   90.0000  90.0000    1000.0000   4850815.9701   1344644.8646   5379398.7990
153550   90.0000  90.0000    1000.0000   4850815.9701   1344644.8646   5379398.7990
154050   90.0000  90.0000    1000.0000   4850815.9701   1344644.8646   5379398.7990
154550   90.0000  90.0000    1000.0000   4850815.9701   1344644.8646   5379398.7990
155050   90.0000  90.0000    1000.0000   4850815.9701   1344644.8646   5379398.7990
155550   90.0000  90.0000    1000.0000   4850815.9701   1344644.8646   5379398.7990
160050   90.0000  90.0000    1000.0000   4850815.9701   1344644.8646   5379398.7990
160550   90.0000  90.0000    1000.0000   4850815.9701   1344644.8646   5379398.7990
161050   90.0000  90.0000    1000.0000   4850815.9701   1344644.8646   5379398.7990
161550   90.0000  90.0000    1000.0000   4850815.9701   1344644.8646   5379398.7990
162050   90.0000  90.0000    1000.0000   4850815.9701   1344644.8646   5379398.7990
162550   90.0000  90.0000    1000.0000   4850815.9701   1344644.8646   5379398.7990
163050   90.0000  90.0000    1000.0000   4850815.9701   1344644.8646   5379398.7990
163550   90.0000  90.0000    1000.0000   4850815.9701   1344644.8646   5379398.7990
164050   90.0000  90.0000    1000.0000   4850815.9701   1344644.8646   5379398.7990
164550   90.0000  90.0000    1000.0000   4850815.9701   1344644.8646   5379398.7990
165050   90.0000  90.0000    1000.0000   4850815.9701   1344644.8646   5379398.7990
165550   90.0000  90.0000    1000.0000   4850815.9701   1344644.8646   5379398.7990
170050   90.0000  90.0000    1000.0000   4850815.9701   1344644.8646   5379398.7990
170550   90.0000  90.0000    1000.0000   4850815.9701   1344644.8646   5379398.7990
171050   90.0000  90.0000    1000.0000   4850815.9701   1344644.8646   5379398.7990
171550   90.0000  90.0000    1000.0000   4850815.9701   1344644.8646   5379398.7990
172050   90.0000  90.0000    1000.0000   4850815.9701   1344644.8646   5379398.7990
172550   90.0000  90.0000    1000.0000   4850815.9701   1344644.8646   5379398.7990
173050   90.0000  90.0000    1000.0000   4850815.9701   1344644.8646   5379398.7990
173550   90.0000  90.0000    1000.0000   4850815.9701   1344644.8646   5379398.7990
174050   90.0000  90.0000    1000.0000   4850815.9701   1344644.8646   5379398.7990
174550   90.0000  90.0000    1000.0000   4850815.9701   1344644.8646   5379398.7990
175050   90.0000  90.0000    1000.0000   4850815.9701   1344644.8646   5379398.7990
175550   90.0000  90.0000    1000.0000   4850815.9701   1344644.8646   5379398.7990
180050   90.0000  90.0000    1000.0000   4850815.9701   1344644.8646   5379398.7990
180550   90.0000  90.0000    1000.0000   4850815.9701   1344644.8646   5379398.7990
181050   90.0000  90.0000    1000.0000   4850815.9701   1344644.8646   5379398.7990
181550   90.0000  90.0000    1000.0000   4850815.9701   1344644.8646   5379398.7990
182050   90.0000  90.0000    1000.0000   4850815.9701   1344644.8646   5379398.7990
182550   90.0000  90.0000    1000.0000   4850815.9701   1344644.8646   5379398.7990
183050   90.0000  90.0000    1000.0000   4850815.9701   1344644.8646   5379398.7990
183550   90.0000  90.0000    1000.0000   4850815.9701   1344644.8646   5379398.7990
184050   90.0000  90.0000    1000.0000   4850815.9701   1344644.8646   5379398.7990
184550   90.0000  90.0000    1000.0000   4850815.9701   1344644.8646   5379398.7990
185050   90.0000  90.0000    1000.0000   4850815.9701   1344644.8646   5379398.7990
185550   90.0000  90.0000    1000.0000   4850815.9701   1344644.8646   5379398.7990
190050   90.0000  90.0000    1000.0000   4850815.9701   1344644.8646   5379398.7990
190550   90.0000  90.0000    1000.0000   4850815.9701   1344644.8646   5379398.7990
191050   90.0000  90.0000    1000.0000   4850815.9701   1344644.8646   5379398.7990
191550   90.0000  90.0000    1000.0000   4850815.9701   1344644.8646   5379398.7990
192050   90.0000  90.0000    1000.0000   4850815.9701   1344644.8646   5379398.7990
192550   90.0000  90.0000    1000.0000   4850815.9701   1344644.8646   5379398.7990
193050   90.0000  90.0000    1000.0000   4850815.9701   1344644.8646   5379398.7990
193550   90.0000  90.0000    1000.0000   4850815.9701   1344644.8646   5379398.7990
194050   90.0000  90.0000    1000.0000   4850815.9701   1344644.8646   5379398.7990
194550   90.0000  90.0000    1000.0000   4850815.9701   1344644.8646   5379398.7990
195050   90.0000  90.0000    1000.0000   4850815.9701   1344644.8646   5379398.7990
195550   90.0000  90.0000    1000.0000   4850815.9701   1344644.8646   5379398.7990
200050   90.0000  90.0000    1000.0000   4850815.9701   1344644.8646   5379398.7990
200550   90.0000  90.0000    1000.0000   4850815.9701   1344644.8646   5379398.7990
201050   90.0000  90.0000    1000.0000   4850815.9701   1344644.8646   5379398.7990
