X2712708 R_PNT     RP_TEST 1808 0000000   90 90.0 2025 127 085340 300 100   0   0 1     -1
085340   90.0000  90.0000    1000.0000   4194430.5549   1843831.7440   5379395.8549
085840   90.0000  90.0000    1000.0000   4194430.5549   1843831.7440   5379395.8549
090340   90.0000  90.0000    1000.0000   4194430.5549   1843831.7440   5379395.8549
090840   90.0000  90.0000    1000.0000   4194430.5549   1843831.7440   5379395.8549
091340   90.0000  90.0000    1000.0000   4194430.5549   1843831.7440   5379395.8549
091840   90.0000  90.0000    1000.0000   4194430.5549   1843831.7440   5379395.8549
092340   90.0000  90.0000    1000.0000   4194430.5549   1843831.7440   5379395.8549
092840   90.0000  90.0000    1000.0000   4194430.5549   1843831.7440   5379395.8549
093340   90.0000  90.0000    1000.0000   4194430.5549   1843831.7440   5379395.8549
093840   90.0000  90.0000    1000.0000   4194430.5549   1843831.7440   5379395.8549
094340   90.0000  90.0000    1000.0000   4194430.5549   1843831.7440   5379395.8549
094840   90.0000  90.0000    1000.0000   4194430.5549   1843831.7440   5379395.8549
095340   90.0000  90.0000    1000.0000   4194430.5549   1843831.7440   5379395.8549
095840   90.0000  90.0000    1000.0000   4194430.5549   1843831.7440   5379395.8549
100340   90.0000  90.0000    1000.0000   4194430.5549   1843831.7440   5379395.8549
100840   90.0000  90.0000    1000.0000   4194430.5549   1843831.7440   5379395.8549
101340   90.0000  90.0000    1000.0000   4194430.5549   1843831.7440   5379395.8549
101840   90.0000  90.0000    1000.0000   4194430.5549   1843831.7440   5379395.8549
102340   90.0000  90.0000    1000.0000   4194430.5549   1843831.7440   5379395.8549
102840   90.0000  90.0000    1000.0000   4194430.5549   1843831.7440   5379395.8549
103340   90.0000  90.0000    1000.0000   4194430.5549   1843831.7440   5379395.8549
103840   90.0000  90.0000    1000.0000   4194430.5549   1843831.7440   5379395.8549
104340   90.0000  90.0000    1000.0000   4194430.5549   1843831.7440   5379395.8549
104840   90.0000  90.0000    1000.0000   4194430.5549   1843831.7440   5379395.8549
105340   90.0000  90.0000    1000.0000   4194430.5549   1843831.7440   5379395.8549
105840   90.0000  90.0000    1000.0000   4194430.5549   1843831.7440   5379395.8549
110340   90.0000  90.0000    1000.0000   4194430.5549   1843831.7440   5379395.8549
110840   90.0000  90.0000    1000.0000   4194430.5549   1843831.7440   5379395.8549
111340   90.0000  90.0000    1000.0000   4194430.5549   1843831.7440   5379395.8549
111840   90.0000  90.0000    1000.0000   4194430.5549   1843831.7440   5379395.8549
112340   90.0000  90.0000    1000.0000   4194430.5549   1843831.7440   5379395.8549
112840   90.0000  90.0000    1000.0000   4194430.5549   1843831.7440   5379395.8549
113340   90.0000  90.0000    1000.0000   4194430.5549   1843831.7440   5379395.8549
113840   90.0000  90.0000    1000.0000   4194430.5549   1843831.7440   5379395.8549
114340   90.0000  90.0000    1000.0000   4194430.5549   1843831.7440   5379395.8549
114840   90.0000  90.0000    1000.0000   4194430.5549   1843831.7440   5379395.8549
115340   90.0000  90.0000    1000.0000   4194430.5549   1843831.7440   5379395.8549
115840   90.0000  90.0000    1000.0000   4194430.5549   1843831.7440   5379395.8549
120340   90.0000  90.0000    1000.0000   4194430.5549   1843831.7440   5379395.8549
120840   90.0000  90.0000    1000.0000   4194430.5549   1843831.7440   5379395.8549
121340   90.0000  90.0000    1000.0000   4194430.5549   1843831.7440   5379395.8549
121840   90.0000  90.0000    1000.0000   4194430.5549   1843831.7440   5379395.8549
122340   90.0000  90.0000    1000.0000   4194430.5549   1843831.7440   5379395.8549
122840   90.0000  90.0000    1000.0000   4194430.5549   1843831.7440   5379395.8549
123340   90.0000  90.0000    1000.0000   4194430.5549   1843831.7440   5379395.8549
123840   90.0000  90.0000    1000.0000   4194430.5549   1843831.7440   5379395.8549
124340   90.0000  90.0000    1000.0000   4194430.5549   1843831.7440   5379395.8549
124840   90.0000  90.0000    1000.0000   4194430.5549   1843831.7440   5379395.8549
125340   90.0000  90.0000    1000.0000   4194430.5549   1843831.7440   5379395.8549
125840   90.0000  90.0000    1000.0000   4194430.5549   1843831.7440   5379395.8549
130340   90.0000  90.0000    1000.0000   4194430.5549   1843831.7440   5379395.8549
130840   90.0000  90.0000    1000.0000   4194430.5549   1843831.7440   5379395.8549
131340   90.0000  90.0000    1000.0000   4194430.5549   1843831.7440   5379395.8549
131840   90.0000  90.0000    1000.0000   4194430.5549   1843831.7440   5379395.8549
132340   90.0000  90.0000    1000.0000   4194430.5549   1843831.7440   5379395.8549
132840   90.0000  90.0000    1000.0000   4194430.5549   1843831.7440   5379395.8549
133340   90.0000  90.0000    1000.0000   4194430.5549   1843831.7440   5379395.8549
133840   90.0000  90.0000    1000.0000   4194430.5549   1843831.7440   5379395.8549
134340   90.0000  90.0000    1000.0000   4194430.5549   1843831.7440   5379395.8549
134840   90.0000  90.0000    1000.0000   4194430.5549   1843831.7440   5379395.8549
135340   90.0000  90.0000    1000.0000   4194430.5549   1843831.7440   5379395.8549
135840   90.0000  90.0000    1000.0000   4194430.5549   1843831.7440   5379395.8549
140340   90.0000  90.0000    1000.0000   4194430.5549   1843831.7440   5379395.8549
140840   90.0000  90.0000    1000.0000   4194430.5549   1843831.7440   5379395.8549
141340   90.0000  90.0000    1000.0000   4194430.5549   1843831.7440   5379395.8549
141840   90.0000  90.0000    1000.0000   4194430.5549   1843831.7440   5379395.8549
142340   90.0000  90.0000    1000.0000   4194430.5549   1843831.7440   5379395.8549
142840   90.0000  90.0000    1000.0000   4194430.5549   1843831.7440   5379395.8549
143340   90.0000  90.0000    1000.0000   4194430.5549   1843831.7440   5379395.8549
143840   90.0000  90.0000    1000.0000   4194430.5549   1843831.7440   5379395.8549
144340   90.0000  90.0000    1000.0000   4194430.5549   1843831.7440   5379395.8549
144840   90.0000  90.0000    1000.0000   4194430.5549   1843831.7440   5379395.8549
145340   90.0000  90.0000    1000.0000   4194430.5549   1843831.7440   5379395.8549
145840   90.0000  90.0000    1000.0000   4194430.5549   1843831.7440   5379395.8549
150340   90.0000  90.0000    1000.0000   4194430.5549   1843831.7440   5379395.8549
150840   90.0000  90.0000    1000.0000   4194430.5549   1843831.7440   5379395.8549
151340   90.0000  90.0000    1000.0000   4194430.5549   1843831.7440   5379395.8549
151840   90.0000  90.0000    1000.0000   4194430.5549   1843831.7440   5379395.8549
152340   90.0000  90.0000    1000.0000   4194430.5549   1843831.7440   5379395.8549
152840   90.0000  90.0000    1000.0000   4194430.5549   1843831.7440   5379395.8549
153340   90.0000  90.0000    1000.0000   4194430.5549   1843831.7440   5379395.8549
153840   90.0000  90.0000    1000.0000   4194430.5549   1843831.7440   5379395.8549
154340   90.0000  90.0000    1000.0000   4194430.5549   1843831.7440   5379395.8549
154840   90.0000  90.0000    1000.0000   4194430.5549   1843831.7440   5379395.8549
155340   90.0000  90.0000    1000.0000   4194430.5549   1843831.7440   5379395.8549
155840   90.0000  90.0000    1000.0000   4194430.5549   1843831.7440   5379395.8549
160340   90.0000  90.0000    1000.0000   4194430.5549   1843831.7440   5379395.8549
160840   90.0000  90.0000    1000.0000   4194430.5549   1843831.7440   5379395.8549
161340   90.0000  90.0000    1000.0000   4194430.5549   1843831.7440   5379395.8549
161840   90.0000  90.0000    1000.0000   4194430.5549   1843831.7440   5379395.8549
162340   90.0000  90.0000    1000.0000   4194430.5549   1843831.7440   5379395.8549
162840   90.0000  90.0000    1000.0000   4194430.5549   1843831.7440   5379395.8549
163340   90.0000  90.0000    1000.0000   4194430.5549   1843831.7440   5379395.8549
163840   90.0000  90.0000    1000.0000   4194430.5549   1843831.7440   5379395.8549
164340   90.0000  90.0000    1000.0000   4194430.5549   1843831.7440   5379395.8549
164840   90.0000  90.0000    1000.0000   4194430.5549   1843831.7440   5379395.8549
165340   90.0000  90.0000    1000.0000   4194430.5549   1843831.7440   5379395.8549
165840   90.0000  90.0000    1000.0000   4194430.5549   1843831.7440   5379395.8549
170340   90.0000  90.0000    1000.0000   4194430.5549   1843831.7440   5379395.8549
170840   90.0000  90.0000    1000.0000   4194430.5549   1843831.7440   5379395.8549
