X2812708 R_PNT     RP_TEST 1808 0000000  135 15.0 2025 127 085340 300 100   0   0 1     -1
085340  135.0000  15.0000    1000.0000   3353787.1364    990666.6193   5160787.0197
085840  135.0000  15.0000    1000.0000   3353787.1364    990666.6193   5160787.0197
090340  135.0000  15.0000    1000.0000   3353787.1364    990666.6193   5160787.0197
090840  135.0000  15.0000    1000.0000   3353787.1364    990666.6193   5160787.0197
091340  135.0000  15.0000    1000.0000   3353787.1364    990666.6193   5160787.0197
091840  135.0000  15.0000    1000.0000   3353787.1364    990666.6193   5160787.0197
092340  135.0000  15.0000    1000.0000   3353787.1364    990666.6193   5160787.0197
092840  135.0000  15.0000    1000.0000   3353787.1364    990666.6193   5160787.0197
093340  135.0000  15.0000    1000.0000   3353787.1364    990666.6193   5160787.0197
093840  135.0000  15.0000    1000.0000   3353787.1364    990666.6193   5160787.0197
094340  135.0000  15.0000    1000.0000   3353787.1364    990666.6193   5160787.0197
094840  135.0000  15.0000    1000.0000   3353787.1364    990666.6193   5160787.0197
095340  135.0000  15.0000    1000.0000   3353787.1364    990666.6193   5160787.0197
095840  135.0000  15.0000    1000.0000   3353787.1364    990666.6193   5160787.0197
100340  135.0000  15.0000    1000.0000   3353787.1364    990666.6193   5160787.0197
100840  135.0000  15.0000    1000.0000   3353787.1364    990666.6193   5160787.0197
101340  135.0000  15.0000    1000.0000   3353787.1364    990666.6193   5160787.0197
101840  135.0000  15.0000    1000.0000   3353787.1364    990666.6193   5160787.0197
102340  135.0000  15.0000    1000.0000   3353787.1364    990666.6193   5160787.0197
102840  135.0000  15.0000    1000.0000   3353787.1364    990666.6193   5160787.0197
103340  135.0000  15.0000    1000.0000   3353787.1364    990666.6193   5160787.0197
103840  135.0000  15.0000    1000.0000   3353787.1364    990666.6193   5160787.0197
104340  135.0000  15.0000    1000.0000   3353787.1364    990666.6193   5160787.0197
104840  135.0000  15.0000    1000.0000   3353787.1364    990666.6193   5160787.0197
105340  135.0000  15.0000    1000.0000   3353787.1364    990666.6193   5160787.0197
105840  135.0000  15.0000    1000.0000   3353787.1364    990666.6193   5160787.0197
110340  135.0000  15.0000    1000.0000   3353787.1364    990666.6193   5160787.0197
110840  135.0000  15.0000    1000.0000   3353787.1364    990666.6193   5160787.0197
111340  135.0000  15.0000    1000.0000   3353787.1364    990666.6193   5160787.0197
111840  135.0000  15.0000    1000.0000   3353787.1364    990666.6193   5160787.0197
112340  135.0000  15.0000    1000.0000   3353787.1364    990666.6193   5160787.0197
112840  135.0000  15.0000    1000.0000   3353787.1364    990666.6193   5160787.0197
113340  135.0000  15.0000    1000.0000   3353787.1364    990666.6193   5160787.0197
113840  135.0000  15.0000    1000.0000   3353787.1364    990666.6193   5160787.0197
114340  135.0000  15.0000    1000.0000   3353787.1364    990666.6193   5160787.0197
114840  135.0000  15.0000    1000.0000   3353787.1364    990666.6193   5160787.0197
115340  135.0000  15.0000    1000.0000   3353787.1364    990666.6193   5160787.0197
115840  135.0000  15.0000    1000.0000   3353787.1364    990666.6193   5160787.0197
120340  135.0000  15.0000    1000.0000   3353787.1364    990666.6193   5160787.0197
120840  135.0000  15.0000    1000.0000   3353787.1364    990666.6193   5160787.0197
121340  135.0000  15.0000    1000.0000   3353787.1364    990666.6193   5160787.0197
121840  135.0000  15.0000    1000.0000   3353787.1364    990666.6193   5160787.0197
122340  135.0000  15.0000    1000.0000   3353787.1364    990666.6193   5160787.0197
122840  135.0000  15.0000    1000.0000   3353787.1364    990666.6193   5160787.0197
123340  135.0000  15.0000    1000.0000   3353787.1364    990666.6193   5160787.0197
123840  135.0000  15.0000    1000.0000   3353787.1364    990666.6193   5160787.0197
124340  135.0000  15.0000    1000.0000   3353787.1364    990666.6193   5160787.0197
124840  135.0000  15.0000    1000.0000   3353787.1364    990666.6193   5160787.0197
125340  135.0000  15.0000    1000.0000   3353787.1364    990666.6193   5160787.0197
125840  135.0000  15.0000    1000.0000   3353787.1364    990666.6193   5160787.0197
130340  135.0000  15.0000    1000.0000   3353787.1364    990666.6193   5160787.0197
130840  135.0000  15.0000    1000.0000   3353787.1364    990666.6193   5160787.0197
131340  135.0000  15.0000    1000.0000   3353787.1364    990666.6193   5160787.0197
131840  135.0000  15.0000    1000.0000   3353787.1364    990666.6193   5160787.0197
132340  135.0000  15.0000    1000.0000   3353787.1364    990666.6193   5160787.0197
132840  135.0000  15.0000    1000.0000   3353787.1364    990666.6193   5160787.0197
133340  135.0000  15.0000    1000.0000   3353787.1364    990666.6193   5160787.0197
133840  135.0000  15.0000    1000.0000   3353787.1364    990666.6193   5160787.0197
134340  135.0000  15.0000    1000.0000   3353787.1364    990666.6193   5160787.0197
134840  135.0000  15.0000    1000.0000   3353787.1364    990666.6193   5160787.0197
135340  135.0000  15.0000    1000.0000   3353787.1364    990666.6193   5160787.0197
135840  135.0000  15.0000    1000.0000   3353787.1364    990666.6193   5160787.0197
140340  135.0000  15.0000    1000.0000   3353787.1364    990666.6193   5160787.0197
140840  135.0000  15.0000    1000.0000   3353787.1364    990666.6193   5160787.0197
141340  135.0000  15.0000    1000.0000   3353787.1364    990666.6193   5160787.0197
141840  135.0000  15.0000    1000.0000   3353787.1364    990666.6193   5160787.0197
142340  135.0000  15.0000    1000.0000   3353787.1364    990666.6193   5160787.0197
142840  135.0000  15.0000    1000.0000   3353787.1364    990666.6193   5160787.0197
143340  135.0000  15.0000    1000.0000   3353787.1364    990666.6193   5160787.0197
143840  135.0000  15.0000    1000.0000   3353787.1364    990666.6193   5160787.0197
144340  135.0000  15.0000    1000.0000   3353787.1364    990666.6193   5160787.0197
144840  135.0000  15.0000    1000.0000   3353787.1364    990666.6193   5160787.0197
145340  135.0000  15.0000    1000.0000   3353787.1364    990666.6193   5160787.0197
145840  135.0000  15.0000    1000.0000   3353787.1364    990666.6193   5160787.0197
150340  135.0000  15.0000    1000.0000   3353787.1364    990666.6193   5160787.0197
150840  135.0000  15.0000    1000.0000   3353787.1364    990666.6193   5160787.0197
151340  135.0000  15.0000    1000.0000   3353787.1364    990666.6193   5160787.0197
151840  135.0000  15.0000    1000.0000   3353787.1364    990666.6193   5160787.0197
152340  135.0000  15.0000    1000.0000   3353787.1364    990666.6193   5160787.0197
152840  135.0000  15.0000    1000.0000   3353787.1364    990666.6193   5160787.0197
153340  135.0000  15.0000    1000.0000   3353787.1364    990666.6193   5160787.0197
153840  135.0000  15.0000    1000.0000   3353787.1364    990666.6193   5160787.0197
154340  135.0000  15.0000    1000.0000   3353787.1364    990666.6193   5160787.0197
154840  135.0000  15.0000    1000.0000   3353787.1364    990666.6193   5160787.0197
155340  135.0000  15.0000    1000.0000   3353787.1364    990666.6193   5160787.0197
155840  135.0000  15.0000    1000.0000   3353787.1364    990666.6193   5160787.0197
160340  135.0000  15.0000    1000.0000   3353787.1364    990666.6193   5160787.0197
160840  135.0000  15.0000    1000.0000   3353787.1364    990666.6193   5160787.0197
161340  135.0000  15.0000    1000.0000   3353787.1364    990666.6193   5160787.0197
161840  135.0000  15.0000    1000.0000   3353787.1364    990666.6193   5160787.0197
162340  135.0000  15.0000    1000.0000   3353787.1364    990666.6193   5160787.0197
162840  135.0000  15.0000    1000.0000   3353787.1364    990666.6193   5160787.0197
163340  135.0000  15.0000    1000.0000   3353787.1364    990666.6193   5160787.0197
163840  135.0000  15.0000    1000.0000   3353787.1364    990666.6193   5160787.0197
164340  135.0000  15.0000    1000.0000   3353787.1364    990666.6193   5160787.0197
164840  135.0000  15.0000    1000.0000   3353787.1364    990666.6193   5160787.0197
165340  135.0000  15.0000    1000.0000   3353787.1364    990666.6193   5160787.0197
165840  135.0000  15.0000    1000.0000   3353787.1364    990666.6193   5160787.0197
170340  135.0000  15.0000    1000.0000   3353787.1364    990666.6193   5160787.0197
170840  135.0000  15.0000    1000.0000   3353787.1364    990666.6193   5160787.0197
