X2812711 R_PNT     RP_TEST 1808 0000000  135 15.0 2025 127 115550 300 100   0   0 1     -1
115550  135.0000  15.0000    1000.0000   4663759.4461   2001561.1880   4371513.5324
120050  135.0000  15.0000    1000.0000   4663759.4461   2001561.1880   4371513.5324
120550  135.0000  15.0000    1000.0000   4663759.4461   2001561.1880   4371513.5324
121050  135.0000  15.0000    1000.0000   4663759.4461   2001561.1880   4371513.5324
121550  135.0000  15.0000    1000.0000   4663759.4461   2001561.1880   4371513.5324
122050  135.0000  15.0000    1000.0000   4663759.4461   2001561.1880   4371513.5324
122550  135.0000  15.0000    1000.0000   4663759.4461   2001561.1880   4371513.5324
123050  135.0000  15.0000    1000.0000   4663759.4461   2001561.1880   4371513.5324
123550  135.0000  15.0000    1000.0000   4663759.4461   2001561.1880   4371513.5324
124050  135.0000  15.0000    1000.0000   4663759.4461   2001561.1880   4371513.5324
124550  135.0000  15.0000    1000.0000   4663759.4461   2001561.1880   4371513.5324
125050  135.0000  15.0000    1000.0000   4663759.4461   2001561.1880   4371513.5324
125550  135.0000  15.0000    1000.0000   4663759.4461   2001561.1880   4371513.5324
130050  135.0000  15.0000    1000.0000   4663759.4461   2001561.1880   4371513.5324
130550  135.0000  15.0000    1000.0000   4663759.4461   2001561.1880   4371513.5324
131050  135.0000  15.0000    1000.0000   4663759.4461   2001561.1880   4371513.5324
131550  135.0000  15.0000    1000.0000   4663759.4461   2001561.1880   4371513.5324
132050  135.0000  15.0000    1000.0000   4663759.4461   2001561.1880   4371513.5324
132550  135.0000  15.0000    1000.0000   4663759.4461   2001561.1880   4371513.5324
133050  135.0000  15.0000    1000.0000   4663759.4461   2001561.1880   4371513.5324
133550  135.0000  15.0000    1000.0000   4663759.4461   2001561.1880   4371513.5324
134050  135.0000  15.0000    1000.0000   4663759.4461   2001561.1880   4371513.5324
134550  135.0000  15.0000    1000.0000   4663759.4461   2001561.1880   4371513.5324
135050  135.0000  15.0000    1000.0000   4663759.4461   2001561.1880   4371513.5324
135550  135.0000  15.0000    1000.0000   4663759.4461   2001561.1880   4371513.5324
140050  135.0000  15.0000    1000.0000   4663759.4461   2001561.1880   4371513.5324
140550  135.0000  15.0000    1000.0000   4663759.4461   2001561.1880   4371513.5324
141050  135.0000  15.0000    1000.0000   4663759.4461   2001561.1880   4371513.5324
141550  135.0000  15.0000    1000.0000   4663759.4461   2001561.1880   4371513.5324
142050  135.0000  15.0000    1000.0000   4663759.4461   2001561.1880   4371513.5324
142550  135.0000  15.0000    1000.0000   4663759.4461   2001561.1880   4371513.5324
143050  135.0000  15.0000    1000.0000   4663759.4461   2001561.1880   4371513.5324
143550  135.0000  15.0000    1000.0000   4663759.4461   2001561.1880   4371513.5324
144050  135.0000  15.0000    1000.0000   4663759.4461   2001561.1880   4371513.5324
144550  135.0000  15.0000    1000.0000   4663759.4461   2001561.1880   4371513.5324
145050  135.0000  15.0000    1000.0000   4663759.4461   2001561.1880   4371513.5324
145550  135.0000  15.0000    1000.0000   4663759.4461   2001561.1880   4371513.5324
150050  135.0000  15.0000    1000.0000   4663759.4461   2001561.1880   4371513.5324
150550  135.0000  15.0000    1000.0000   4663759.4461   2001561.1880   4371513.5324
151050  135.0000  15.0000    1000.0000   4663759.4461   2001561.1880   4371513.5324
151550  135.0000  15.0000    1000.0000   4663759.4461   2001561.1880   4371513.5324
152050  135.0000  15.0000    1000.0000   4663759.4461   2001561.1880   4371513.5324
152550  135.0000  15.0000    1000.0000   4663759.4461   2001561.1880   4371513.5324
153050  135.0000  15.0000    1000.0000   4663759.4461   2001561.1880   4371513.5324
153550  135.0000  15.0000    1000.0000   4663759.4461   2001561.1880   4371513.5324
154050  135.0000  15.0000    1000.0000   4663759.4461   2001561.1880   4371513.5324
154550  135.0000  15.0000    1000.0000   4663759.4461   2001561.1880   4371513.5324
155050  135.0000  15.0000    1000.0000   4663759.4461   2001561.1880   4371513.5324
155550  135.0000  15.0000    1000.0000   4663759.4461   2001561.1880   4371513.5324
160050  135.0000  15.0000    1000.0000   4663759.4461   2001561.1880   4371513.5324
160550  135.0000  15.0000    1000.0000   4663759.4461   2001561.1880   4371513.5324
161050  135.0000  15.0000    1000.0000   4663759.4461   2001561.1880   4371513.5324
161550  135.0000  15.0000    1000.0000   4663759.4461   2001561.1880   4371513.5324
162050  135.0000  15.0000    1000.0000   4663759.4461   2001561.1880   4371513.5324
162550  135.0000  15.0000    1000.0000   4663759.4461   2001561.1880   4371513.5324
163050  135.0000  15.0000    1000.0000   4663759.4461   2001561.1880   4371513.5324
163550  135.0000  15.0000    1000.0000   4663759.4461   2001561.1880   4371513.5324
164050  135.0000  15.0000    1000.0000   4663759.4461   2001561.1880   4371513.5324
164550  135.0000  15.0000    1000.0000   4663759.4461   2001561.1880   4371513.5324
165050  135.0000  15.0000    1000.0000   4663759.4461   2001561.1880   4371513.5324
165550  135.0000  15.0000    1000.0000   4663759.4461   2001561.1880   4371513.5324
170050  135.0000  15.0000    1000.0000   4663759.4461   2001561.1880   4371513.5324
170550  135.0000  15.0000    1000.0000   4663759.4461   2001561.1880   4371513.5324
171050  135.0000  15.0000    1000.0000   4663759.4461   2001561.1880   4371513.5324
171550  135.0000  15.0000    1000.0000   4663759.4461   2001561.1880   4371513.5324
172050  135.0000  15.0000    1000.0000   4663759.4461   2001561.1880   4371513.5324
172550  135.0000  15.0000    1000.0000   4663759.4461   2001561.1880   4371513.5324
173050  135.0000  15.0000    1000.0000   4663759.4461   2001561.1880   4371513.5324
173550  135.0000  15.0000    1000.0000   4663759.4461   2001561.1880   4371513.5324
174050  135.0000  15.0000    1000.0000   4663759.4461   2001561.1880   4371513.5324
174550  135.0000  15.0000    1000.0000   4663759.4461   2001561.1880   4371513.5324
175050  135.0000  15.0000    1000.0000   4663759.4461   2001561.1880   4371513.5324
175550  135.0000  15.0000    1000.0000   4663759.4461   2001561.1880   4371513.5324
180050  135.0000  15.0000    1000.0000   4663759.4461   2001561.1880   4371513.5324
180550  135.0000  15.0000    1000.0000   4663759.4461   2001561.1880   4371513.5324
181050  135.0000  15.0000    1000.0000   4663759.4461   2001561.1880   4371513.5324
181550  135.0000  15.0000    1000.0000   4663759.4461   2001561.1880   4371513.5324
182050  135.0000  15.0000    1000.0000   4663759.4461   2001561.1880   4371513.5324
182550  135.0000  15.0000    1000.0000   4663759.4461   2001561.1880   4371513.5324
183050  135.0000  15.0000    1000.0000   4663759.4461   2001561.1880   4371513.5324
183550  135.0000  15.0000    1000.0000   4663759.4461   2001561.1880   4371513.5324
184050  135.0000  15.0000    1000.0000   4663759.4461   2001561.1880   4371513.5324
184550  135.0000  15.0000    1000.0000   4663759.4461   2001561.1880   4371513.5324
185050  135.0000  15.0000    1000.0000   4663759.4461   2001561.1880   4371513.5324
185550  135.0000  15.0000    1000.0000   4663759.4461   2001561.1880   4371513.5324
190050  135.0000  15.0000    1000.0000   4663759.4461   2001561.1880   4371513.5324
190550  135.0000  15.0000    1000.0000   4663759.4461   2001561.1880   4371513.5324
191050  135.0000  15.0000    1000.0000   4663759.4461   2001561.1880   4371513.5324
191550  135.0000  15.0000    1000.0000   4663759.4461   2001561.1880   4371513.5324
192050  135.0000  15.0000    1000.0000   4663759.4461   2001561.1880   4371513.5324
192550  135.0000  15.0000    1000.0000   4663759.4461   2001561.1880   4371513.5324
193050  135.0000  15.0000    1000.0000   4663759.4461   2001561.1880   4371513.5324
193550  135.0000  15.0000    1000.0000   4663759.4461   2001561.1880   4371513.5324
194050  135.0000  15.0000    1000.0000   4663759.4461   2001561.1880   4371513.5324
194550  135.0000  15.0000    1000.0000   4663759.4461   2001561.1880   4371513.5324
195050  135.0000  15.0000    1000.0000   4663759.4461   2001561.1880   4371513.5324
195550  135.0000  15.0000    1000.0000   4663759.4461   2001561.1880   4371513.5324
200050  135.0000  15.0000    1000.0000   4663759.4461   2001561.1880   4371513.5324
200550  135.0000  15.0000    1000.0000   4663759.4461   2001561.1880   4371513.5324
201050  135.0000  15.0000    1000.0000   4663759.4461   2001561.1880   4371513.5324
