X2816110 R_PNT     RP_TEST 1808 0000000  135 15.0 2025 161 102527 300 100   0   0 1     -1
102527  135.0000  15.0000    1000.0000   4663759.4461   2001561.1880   4371513.5324
102707  135.0000  15.0000    1000.0000   4663759.4461   2001561.1880   4371513.5324
102847  135.0000  15.0000    1000.0000   4663759.4461   2001561.1880   4371513.5324
103027  135.0000  15.0000    1000.0000   4663759.4461   2001561.1880   4371513.5324
103207  135.0000  15.0000    1000.0000   4663759.4461   2001561.1880   4371513.5324
103347  135.0000  15.0000    1000.0000   4663759.4461   2001561.1880   4371513.5324
103527  135.0000  15.0000    1000.0000   4663759.4461   2001561.1880   4371513.5324
103707  135.0000  15.0000    1000.0000   4663759.4461   2001561.1880   4371513.5324
103847  135.0000  15.0000    1000.0000   4663759.4461   2001561.1880   4371513.5324
104027  135.0000  15.0000    1000.0000   4663759.4461   2001561.1880   4371513.5324
104207  135.0000  15.0000    1000.0000   4663759.4461   2001561.1880   4371513.5324
104347  135.0000  15.0000    1000.0000   4663759.4461   2001561.1880   4371513.5324
104527  135.0000  15.0000    1000.0000   4663759.4461   2001561.1880   4371513.5324
104707  135.0000  15.0000    1000.0000   4663759.4461   2001561.1880   4371513.5324
104847  135.0000  15.0000    1000.0000   4663759.4461   2001561.1880   4371513.5324
105027  135.0000  15.0000    1000.0000   4663759.4461   2001561.1880   4371513.5324
105207  135.0000  15.0000    1000.0000   4663759.4461   2001561.1880   4371513.5324
105347  135.0000  15.0000    1000.0000   4663759.4461   2001561.1880   4371513.5324
105527  135.0000  15.0000    1000.0000   4663759.4461   2001561.1880   4371513.5324
105707  135.0000  15.0000    1000.0000   4663759.4461   2001561.1880   4371513.5324
105847  135.0000  15.0000    1000.0000   4663759.4461   2001561.1880   4371513.5324
110027  135.0000  15.0000    1000.0000   4663759.4461   2001561.1880   4371513.5324
110207  135.0000  15.0000    1000.0000   4663759.4461   2001561.1880   4371513.5324
110347  135.0000  15.0000    1000.0000   4663759.4461   2001561.1880   4371513.5324
110527  135.0000  15.0000    1000.0000   4663759.4461   2001561.1880   4371513.5324
110707  135.0000  15.0000    1000.0000   4663759.4461   2001561.1880   4371513.5324
110847  135.0000  15.0000    1000.0000   4663759.4461   2001561.1880   4371513.5324
111027  135.0000  15.0000    1000.0000   4663759.4461   2001561.1880   4371513.5324
111207  135.0000  15.0000    1000.0000   4663759.4461   2001561.1880   4371513.5324
111347  135.0000  15.0000    1000.0000   4663759.4461   2001561.1880   4371513.5324
111527  135.0000  15.0000    1000.0000   4663759.4461   2001561.1880   4371513.5324
111707  135.0000  15.0000    1000.0000   4663759.4461   2001561.1880   4371513.5324
111847  135.0000  15.0000    1000.0000   4663759.4461   2001561.1880   4371513.5324
112027  135.0000  15.0000    1000.0000   4663759.4461   2001561.1880   4371513.5324
112207  135.0000  15.0000    1000.0000   4663759.4461   2001561.1880   4371513.5324
112347  135.0000  15.0000    1000.0000   4663759.4461   2001561.1880   4371513.5324
112527  135.0000  15.0000    1000.0000   4663759.4461   2001561.1880   4371513.5324
112707  135.0000  15.0000    1000.0000   4663759.4461   2001561.1880   4371513.5324
112847  135.0000  15.0000    1000.0000   4663759.4461   2001561.1880   4371513.5324
113027  135.0000  15.0000    1000.0000   4663759.4461   2001561.1880   4371513.5324
113207  135.0000  15.0000    1000.0000   4663759.4461   2001561.1880   4371513.5324
113347  135.0000  15.0000    1000.0000   4663759.4461   2001561.1880   4371513.5324
113527  135.0000  15.0000    1000.0000   4663759.4461   2001561.1880   4371513.5324
113707  135.0000  15.0000    1000.0000   4663759.4461   2001561.1880   4371513.5324
113847  135.0000  15.0000    1000.0000   4663759.4461   2001561.1880   4371513.5324
114027  135.0000  15.0000    1000.0000   4663759.4461   2001561.1880   4371513.5324
114207  135.0000  15.0000    1000.0000   4663759.4461   2001561.1880   4371513.5324
114347  135.0000  15.0000    1000.0000   4663759.4461   2001561.1880   4371513.5324
114527  135.0000  15.0000    1000.0000   4663759.4461   2001561.1880   4371513.5324
114707  135.0000  15.0000    1000.0000   4663759.4461   2001561.1880   4371513.5324
114847  135.0000  15.0000    1000.0000   4663759.4461   2001561.1880   4371513.5324
115027  135.0000  15.0000    1000.0000   4663759.4461   2001561.1880   4371513.5324
115207  135.0000  15.0000    1000.0000   4663759.4461   2001561.1880   4371513.5324
115347  135.0000  15.0000    1000.0000   4663759.4461   2001561.1880   4371513.5324
115527  135.0000  15.0000    1000.0000   4663759.4461   2001561.1880   4371513.5324
115707  135.0000  15.0000    1000.0000   4663759.4461   2001561.1880   4371513.5324
115847  135.0000  15.0000    1000.0000   4663759.4461   2001561.1880   4371513.5324
120027  135.0000  15.0000    1000.0000   4663759.4461   2001561.1880   4371513.5324
120207  135.0000  15.0000    1000.0000   4663759.4461   2001561.1880   4371513.5324
120347  135.0000  15.0000    1000.0000   4663759.4461   2001561.1880   4371513.5324
120527  135.0000  15.0000    1000.0000   4663759.4461   2001561.1880   4371513.5324
120707  135.0000  15.0000    1000.0000   4663759.4461   2001561.1880   4371513.5324
120847  135.0000  15.0000    1000.0000   4663759.4461   2001561.1880   4371513.5324
121027  135.0000  15.0000    1000.0000   4663759.4461   2001561.1880   4371513.5324
121207  135.0000  15.0000    1000.0000   4663759.4461   2001561.1880   4371513.5324
121347  135.0000  15.0000    1000.0000   4663759.4461   2001561.1880   4371513.5324
121527  135.0000  15.0000    1000.0000   4663759.4461   2001561.1880   4371513.5324
121707  135.0000  15.0000    1000.0000   4663759.4461   2001561.1880   4371513.5324
121847  135.0000  15.0000    1000.0000   4663759.4461   2001561.1880   4371513.5324
122027  135.0000  15.0000    1000.0000   4663759.4461   2001561.1880   4371513.5324
122207  135.0000  15.0000    1000.0000   4663759.4461   2001561.1880   4371513.5324
122347  135.0000  15.0000    1000.0000   4663759.4461   2001561.1880   4371513.5324
122527  135.0000  15.0000    1000.0000   4663759.4461   2001561.1880   4371513.5324
122707  135.0000  15.0000    1000.0000   4663759.4461   2001561.1880   4371513.5324
122847  135.0000  15.0000    1000.0000   4663759.4461   2001561.1880   4371513.5324
123027  135.0000  15.0000    1000.0000   4663759.4461   2001561.1880   4371513.5324
123207  135.0000  15.0000    1000.0000   4663759.4461   2001561.1880   4371513.5324
123347  135.0000  15.0000    1000.0000   4663759.4461   2001561.1880   4371513.5324
123527  135.0000  15.0000    1000.0000   4663759.4461   2001561.1880   4371513.5324
123707  135.0000  15.0000    1000.0000   4663759.4461   2001561.1880   4371513.5324
123847  135.0000  15.0000    1000.0000   4663759.4461   2001561.1880   4371513.5324
124027  135.0000  15.0000    1000.0000   4663759.4461   2001561.1880   4371513.5324
124207  135.0000  15.0000    1000.0000   4663759.4461   2001561.1880   4371513.5324
124347  135.0000  15.0000    1000.0000   4663759.4461   2001561.1880   4371513.5324
124527  135.0000  15.0000    1000.0000   4663759.4461   2001561.1880   4371513.5324
124707  135.0000  15.0000    1000.0000   4663759.4461   2001561.1880   4371513.5324
124847  135.0000  15.0000    1000.0000   4663759.4461   2001561.1880   4371513.5324
125027  135.0000  15.0000    1000.0000   4663759.4461   2001561.1880   4371513.5324
125207  135.0000  15.0000    1000.0000   4663759.4461   2001561.1880   4371513.5324
125347  135.0000  15.0000    1000.0000   4663759.4461   2001561.1880   4371513.5324
125527  135.0000  15.0000    1000.0000   4663759.4461   2001561.1880   4371513.5324
125707  135.0000  15.0000    1000.0000   4663759.4461   2001561.1880   4371513.5324
125847  135.0000  15.0000    1000.0000   4663759.4461   2001561.1880   4371513.5324
130027  135.0000  15.0000    1000.0000   4663759.4461   2001561.1880   4371513.5324
130207  135.0000  15.0000    1000.0000   4663759.4461   2001561.1880   4371513.5324
130347  135.0000  15.0000    1000.0000   4663759.4461   2001561.1880   4371513.5324
130527  135.0000  15.0000    1000.0000   4663759.4461   2001561.1880   4371513.5324
130707  135.0000  15.0000    1000.0000   4663759.4461   2001561.1880   4371513.5324
130847  135.0000  15.0000    1000.0000   4663759.4461   2001561.1880   4371513.5324
131027  135.0000  15.0000    1000.0000   4663759.4461   2001561.1880   4371513.5324
