X2912708 R_PNT     RP_TEST 1808 0000000  135 30.0 2025 127 085340 300 100   0   0 1     -1
085340  135.0000  30.0000    1000.0000   3440730.2850   1190969.3787   5303853.5809
085840  135.0000  30.0000    1000.0000   3440730.2850   1190969.3787   5303853.5809
090340  135.0000  30.0000    1000.0000   3440730.2850   1190969.3787   5303853.5809
090840  135.0000  30.0000    1000.0000   3440730.2850   1190969.3787   5303853.5809
091340  135.0000  30.0000    1000.0000   3440730.2850   1190969.3787   5303853.5809
091840  135.0000  30.0000    1000.0000   3440730.2850   1190969.3787   5303853.5809
092340  135.0000  30.0000    1000.0000   3440730.2850   1190969.3787   5303853.5809
092840  135.0000  30.0000    1000.0000   3440730.2850   1190969.3787   5303853.5809
093340  135.0000  30.0000    1000.0000   3440730.2850   1190969.3787   5303853.5809
093840  135.0000  30.0000    1000.0000   3440730.2850   1190969.3787   5303853.5809
094340  135.0000  30.0000    1000.0000   3440730.2850   1190969.3787   5303853.5809
094840  135.0000  30.0000    1000.0000   3440730.2850   1190969.3787   5303853.5809
095340  135.0000  30.0000    1000.0000   3440730.2850   1190969.3787   5303853.5809
095840  135.0000  30.0000    1000.0000   3440730.2850   1190969.3787   5303853.5809
100340  135.0000  30.0000    1000.0000   3440730.2850   1190969.3787   5303853.5809
100840  135.0000  30.0000    1000.0000   3440730.2850   1190969.3787   5303853.5809
101340  135.0000  30.0000    1000.0000   3440730.2850   1190969.3787   5303853.5809
101840  135.0000  30.0000    1000.0000   3440730.2850   1190969.3787   5303853.5809
102340  135.0000  30.0000    1000.0000   3440730.2850   1190969.3787   5303853.5809
102840  135.0000  30.0000    1000.0000   3440730.2850   1190969.3787   5303853.5809
103340  135.0000  30.0000    1000.0000   3440730.2850   1190969.3787   5303853.5809
103840  135.0000  30.0000    1000.0000   3440730.2850   1190969.3787   5303853.5809
104340  135.0000  30.0000    1000.0000   3440730.2850   1190969.3787   5303853.5809
104840  135.0000  30.0000    1000.0000   3440730.2850   1190969.3787   5303853.5809
105340  135.0000  30.0000    1000.0000   3440730.2850   1190969.3787   5303853.5809
105840  135.0000  30.0000    1000.0000   3440730.2850   1190969.3787   5303853.5809
110340  135.0000  30.0000    1000.0000   3440730.2850   1190969.3787   5303853.5809
110840  135.0000  30.0000    1000.0000   3440730.2850   1190969.3787   5303853.5809
111340  135.0000  30.0000    1000.0000   3440730.2850   1190969.3787   5303853.5809
111840  135.0000  30.0000    1000.0000   3440730.2850   1190969.3787   5303853.5809
112340  135.0000  30.0000    1000.0000   3440730.2850   1190969.3787   5303853.5809
112840  135.0000  30.0000    1000.0000   3440730.2850   1190969.3787   5303853.5809
113340  135.0000  30.0000    1000.0000   3440730.2850   1190969.3787   5303853.5809
113840  135.0000  30.0000    1000.0000   3440730.2850   1190969.3787   5303853.5809
114340  135.0000  30.0000    1000.0000   3440730.2850   1190969.3787   5303853.5809
114840  135.0000  30.0000    1000.0000   3440730.2850   1190969.3787   5303853.5809
115340  135.0000  30.0000    1000.0000   3440730.2850   1190969.3787   5303853.5809
115840  135.0000  30.0000    1000.0000   3440730.2850   1190969.3787   5303853.5809
120340  135.0000  30.0000    1000.0000   3440730.2850   1190969.3787   5303853.5809
120840  135.0000  30.0000    1000.0000   3440730.2850   1190969.3787   5303853.5809
121340  135.0000  30.0000    1000.0000   3440730.2850   1190969.3787   5303853.5809
121840  135.0000  30.0000    1000.0000   3440730.2850   1190969.3787   5303853.5809
122340  135.0000  30.0000    1000.0000   3440730.2850   1190969.3787   5303853.5809
122840  135.0000  30.0000    1000.0000   3440730.2850   1190969.3787   5303853.5809
123340  135.0000  30.0000    1000.0000   3440730.2850   1190969.3787   5303853.5809
123840  135.0000  30.0000    1000.0000   3440730.2850   1190969.3787   5303853.5809
124340  135.0000  30.0000    1000.0000   3440730.2850   1190969.3787   5303853.5809
124840  135.0000  30.0000    1000.0000   3440730.2850   1190969.3787   5303853.5809
125340  135.0000  30.0000    1000.0000   3440730.2850   1190969.3787   5303853.5809
125840  135.0000  30.0000    1000.0000   3440730.2850   1190969.3787   5303853.5809
130340  135.0000  30.0000    1000.0000   3440730.2850   1190969.3787   5303853.5809
130840  135.0000  30.0000    1000.0000   3440730.2850   1190969.3787   5303853.5809
131340  135.0000  30.0000    1000.0000   3440730.2850   1190969.3787   5303853.5809
131840  135.0000  30.0000    1000.0000   3440730.2850   1190969.3787   5303853.5809
132340  135.0000  30.0000    1000.0000   3440730.2850   1190969.3787   5303853.5809
132840  135.0000  30.0000    1000.0000   3440730.2850   1190969.3787   5303853.5809
133340  135.0000  30.0000    1000.0000   3440730.2850   1190969.3787   5303853.5809
133840  135.0000  30.0000    1000.0000   3440730.2850   1190969.3787   5303853.5809
134340  135.0000  30.0000    1000.0000   3440730.2850   1190969.3787   5303853.5809
134840  135.0000  30.0000    1000.0000   3440730.2850   1190969.3787   5303853.5809
135340  135.0000  30.0000    1000.0000   3440730.2850   1190969.3787   5303853.5809
135840  135.0000  30.0000    1000.0000   3440730.2850   1190969.3787   5303853.5809
140340  135.0000  30.0000    1000.0000   3440730.2850   1190969.3787   5303853.5809
140840  135.0000  30.0000    1000.0000   3440730.2850   1190969.3787   5303853.5809
141340  135.0000  30.0000    1000.0000   3440730.2850   1190969.3787   5303853.5809
141840  135.0000  30.0000    1000.0000   3440730.2850   1190969.3787   5303853.5809
142340  135.0000  30.0000    1000.0000   3440730.2850   1190969.3787   5303853.5809
142840  135.0000  30.0000    1000.0000   3440730.2850   1190969.3787   5303853.5809
143340  135.0000  30.0000    1000.0000   3440730.2850   1190969.3787   5303853.5809
143840  135.0000  30.0000    1000.0000   3440730.2850   1190969.3787   5303853.5809
144340  135.0000  30.0000    1000.0000   3440730.2850   1190969.3787   5303853.5809
144840  135.0000  30.0000    1000.0000   3440730.2850   1190969.3787   5303853.5809
145340  135.0000  30.0000    1000.0000   3440730.2850   1190969.3787   5303853.5809
145840  135.0000  30.0000    1000.0000   3440730.2850   1190969.3787   5303853.5809
150340  135.0000  30.0000    1000.0000   3440730.2850   1190969.3787   5303853.5809
150840  135.0000  30.0000    1000.0000   3440730.2850   1190969.3787   5303853.5809
151340  135.0000  30.0000    1000.0000   3440730.2850   1190969.3787   5303853.5809
151840  135.0000  30.0000    1000.0000   3440730.2850   1190969.3787   5303853.5809
152340  135.0000  30.0000    1000.0000   3440730.2850   1190969.3787   5303853.5809
152840  135.0000  30.0000    1000.0000   3440730.2850   1190969.3787   5303853.5809
153340  135.0000  30.0000    1000.0000   3440730.2850   1190969.3787   5303853.5809
153840  135.0000  30.0000    1000.0000   3440730.2850   1190969.3787   5303853.5809
154340  135.0000  30.0000    1000.0000   3440730.2850   1190969.3787   5303853.5809
154840  135.0000  30.0000    1000.0000   3440730.2850   1190969.3787   5303853.5809
155340  135.0000  30.0000    1000.0000   3440730.2850   1190969.3787   5303853.5809
155840  135.0000  30.0000    1000.0000   3440730.2850   1190969.3787   5303853.5809
160340  135.0000  30.0000    1000.0000   3440730.2850   1190969.3787   5303853.5809
160840  135.0000  30.0000    1000.0000   3440730.2850   1190969.3787   5303853.5809
161340  135.0000  30.0000    1000.0000   3440730.2850   1190969.3787   5303853.5809
161840  135.0000  30.0000    1000.0000   3440730.2850   1190969.3787   5303853.5809
162340  135.0000  30.0000    1000.0000   3440730.2850   1190969.3787   5303853.5809
162840  135.0000  30.0000    1000.0000   3440730.2850   1190969.3787   5303853.5809
163340  135.0000  30.0000    1000.0000   3440730.2850   1190969.3787   5303853.5809
163840  135.0000  30.0000    1000.0000   3440730.2850   1190969.3787   5303853.5809
164340  135.0000  30.0000    1000.0000   3440730.2850   1190969.3787   5303853.5809
164840  135.0000  30.0000    1000.0000   3440730.2850   1190969.3787   5303853.5809
165340  135.0000  30.0000    1000.0000   3440730.2850   1190969.3787   5303853.5809
165840  135.0000  30.0000    1000.0000   3440730.2850   1190969.3787   5303853.5809
170340  135.0000  30.0000    1000.0000   3440730.2850   1190969.3787   5303853.5809
170840  135.0000  30.0000    1000.0000   3440730.2850   1190969.3787   5303853.5809
