X2916110 R_PNT     RP_TEST 1808 0000000  135 30.0 2025 161 102527 300 100   0   0 1     -1
102527  135.0000  30.0000    1000.0000   4791098.0020   1963555.2501   4596210.6359
102707  135.0000  30.0000    1000.0000   4791098.0020   1963555.2501   4596210.6359
102847  135.0000  30.0000    1000.0000   4791098.0020   1963555.2501   4596210.6359
103027  135.0000  30.0000    1000.0000   4791098.0020   1963555.2501   4596210.6359
103207  135.0000  30.0000    1000.0000   4791098.0020   1963555.2501   4596210.6359
103347  135.0000  30.0000    1000.0000   4791098.0020   1963555.2501   4596210.6359
103527  135.0000  30.0000    1000.0000   4791098.0020   1963555.2501   4596210.6359
103707  135.0000  30.0000    1000.0000   4791098.0020   1963555.2501   4596210.6359
103847  135.0000  30.0000    1000.0000   4791098.0020   1963555.2501   4596210.6359
104027  135.0000  30.0000    1000.0000   4791098.0020   1963555.2501   4596210.6359
104207  135.0000  30.0000    1000.0000   4791098.0020   1963555.2501   4596210.6359
104347  135.0000  30.0000    1000.0000   4791098.0020   1963555.2501   4596210.6359
104527  135.0000  30.0000    1000.0000   4791098.0020   1963555.2501   4596210.6359
104707  135.0000  30.0000    1000.0000   4791098.0020   1963555.2501   4596210.6359
104847  135.0000  30.0000    1000.0000   4791098.0020   1963555.2501   4596210.6359
105027  135.0000  30.0000    1000.0000   4791098.0020   1963555.2501   4596210.6359
105207  135.0000  30.0000    1000.0000   4791098.0020   1963555.2501   4596210.6359
105347  135.0000  30.0000    1000.0000   4791098.0020   1963555.2501   4596210.6359
105527  135.0000  30.0000    1000.0000   4791098.0020   1963555.2501   4596210.6359
105707  135.0000  30.0000    1000.0000   4791098.0020   1963555.2501   4596210.6359
105847  135.0000  30.0000    1000.0000   4791098.0020   1963555.2501   4596210.6359
110027  135.0000  30.0000    1000.0000   4791098.0020   1963555.2501   4596210.6359
110207  135.0000  30.0000    1000.0000   4791098.0020   1963555.2501   4596210.6359
110347  135.0000  30.0000    1000.0000   4791098.0020   1963555.2501   4596210.6359
110527  135.0000  30.0000    1000.0000   4791098.0020   1963555.2501   4596210.6359
110707  135.0000  30.0000    1000.0000   4791098.0020   1963555.2501   4596210.6359
110847  135.0000  30.0000    1000.0000   4791098.0020   1963555.2501   4596210.6359
111027  135.0000  30.0000    1000.0000   4791098.0020   1963555.2501   4596210.6359
111207  135.0000  30.0000    1000.0000   4791098.0020   1963555.2501   4596210.6359
111347  135.0000  30.0000    1000.0000   4791098.0020   1963555.2501   4596210.6359
111527  135.0000  30.0000    1000.0000   4791098.0020   1963555.2501   4596210.6359
111707  135.0000  30.0000    1000.0000   4791098.0020   1963555.2501   4596210.6359
111847  135.0000  30.0000    1000.0000   4791098.0020   1963555.2501   4596210.6359
112027  135.0000  30.0000    1000.0000   4791098.0020   1963555.2501   4596210.6359
112207  135.0000  30.0000    1000.0000   4791098.0020   1963555.2501   4596210.6359
112347  135.0000  30.0000    1000.0000   4791098.0020   1963555.2501   4596210.6359
112527  135.0000  30.0000    1000.0000   4791098.0020   1963555.2501   4596210.6359
112707  135.0000  30.0000    1000.0000   4791098.0020   1963555.2501   4596210.6359
112847  135.0000  30.0000    1000.0000   4791098.0020   1963555.2501   4596210.6359
113027  135.0000  30.0000    1000.0000   4791098.0020   1963555.2501   4596210.6359
113207  135.0000  30.0000    1000.0000   4791098.0020   1963555.2501   4596210.6359
113347  135.0000  30.0000    1000.0000   4791098.0020   1963555.2501   4596210.6359
113527  135.0000  30.0000    1000.0000   4791098.0020   1963555.2501   4596210.6359
113707  135.0000  30.0000    1000.0000   4791098.0020   1963555.2501   4596210.6359
113847  135.0000  30.0000    1000.0000   4791098.0020   1963555.2501   4596210.6359
114027  135.0000  30.0000    1000.0000   4791098.0020   1963555.2501   4596210.6359
114207  135.0000  30.0000    1000.0000   4791098.0020   1963555.2501   4596210.6359
114347  135.0000  30.0000    1000.0000   4791098.0020   1963555.2501   4596210.6359
114527  135.0000  30.0000    1000.0000   4791098.0020   1963555.2501   4596210.6359
114707  135.0000  30.0000    1000.0000   4791098.0020   1963555.2501   4596210.6359
114847  135.0000  30.0000    1000.0000   4791098.0020   1963555.2501   4596210.6359
115027  135.0000  30.0000    1000.0000   4791098.0020   1963555.2501   4596210.6359
115207  135.0000  30.0000    1000.0000   4791098.0020   1963555.2501   4596210.6359
115347  135.0000  30.0000    1000.0000   4791098.0020   1963555.2501   4596210.6359
115527  135.0000  30.0000    1000.0000   4791098.0020   1963555.2501   4596210.6359
115707  135.0000  30.0000    1000.0000   4791098.0020   1963555.2501   4596210.6359
115847  135.0000  30.0000    1000.0000   4791098.0020   1963555.2501   4596210.6359
120027  135.0000  30.0000    1000.0000   4791098.0020   1963555.2501   4596210.6359
120207  135.0000  30.0000    1000.0000   4791098.0020   1963555.2501   4596210.6359
120347  135.0000  30.0000    1000.0000   4791098.0020   1963555.2501   4596210.6359
120527  135.0000  30.0000    1000.0000   4791098.0020   1963555.2501   4596210.6359
120707  135.0000  30.0000    1000.0000   4791098.0020   1963555.2501   4596210.6359
120847  135.0000  30.0000    1000.0000   4791098.0020   1963555.2501   4596210.6359
121027  135.0000  30.0000    1000.0000   4791098.0020   1963555.2501   4596210.6359
121207  135.0000  30.0000    1000.0000   4791098.0020   1963555.2501   4596210.6359
121347  135.0000  30.0000    1000.0000   4791098.0020   1963555.2501   4596210.6359
121527  135.0000  30.0000    1000.0000   4791098.0020   1963555.2501   4596210.6359
121707  135.0000  30.0000    1000.0000   4791098.0020   1963555.2501   4596210.6359
121847  135.0000  30.0000    1000.0000   4791098.0020   1963555.2501   4596210.6359
122027  135.0000  30.0000    1000.0000   4791098.0020   1963555.2501   4596210.6359
122207  135.0000  30.0000    1000.0000   4791098.0020   1963555.2501   4596210.6359
122347  135.0000  30.0000    1000.0000   4791098.0020   1963555.2501   4596210.6359
122527  135.0000  30.0000    1000.0000   4791098.0020   1963555.2501   4596210.6359
122707  135.0000  30.0000    1000.0000   4791098.0020   1963555.2501   4596210.6359
122847  135.0000  30.0000    1000.0000   4791098.0020   1963555.2501   4596210.6359
123027  135.0000  30.0000    1000.0000   4791098.0020   1963555.2501   4596210.6359
123207  135.0000  30.0000    1000.0000   4791098.0020   1963555.2501   4596210.6359
123347  135.0000  30.0000    1000.0000   4791098.0020   1963555.2501   4596210.6359
123527  135.0000  30.0000    1000.0000   4791098.0020   1963555.2501   4596210.6359
123707  135.0000  30.0000    1000.0000   4791098.0020   1963555.2501   4596210.6359
123847  135.0000  30.0000    1000.0000   4791098.0020   1963555.2501   4596210.6359
124027  135.0000  30.0000    1000.0000   4791098.0020   1963555.2501   4596210.6359
124207  135.0000  30.0000    1000.0000   4791098.0020   1963555.2501   4596210.6359
124347  135.0000  30.0000    1000.0000   4791098.0020   1963555.2501   4596210.6359
124527  135.0000  30.0000    1000.0000   4791098.0020   1963555.2501   4596210.6359
124707  135.0000  30.0000    1000.0000   4791098.0020   1963555.2501   4596210.6359
124847  135.0000  30.0000    1000.0000   4791098.0020   1963555.2501   4596210.6359
125027  135.0000  30.0000    1000.0000   4791098.0020   1963555.2501   4596210.6359
125207  135.0000  30.0000    1000.0000   4791098.0020   1963555.2501   4596210.6359
125347  135.0000  30.0000    1000.0000   4791098.0020   1963555.2501   4596210.6359
125527  135.0000  30.0000    1000.0000   4791098.0020   1963555.2501   4596210.6359
125707  135.0000  30.0000    1000.0000   4791098.0020   1963555.2501   4596210.6359
125847  135.0000  30.0000    1000.0000   4791098.0020   1963555.2501   4596210.6359
130027  135.0000  30.0000    1000.0000   4791098.0020   1963555.2501   4596210.6359
130207  135.0000  30.0000    1000.0000   4791098.0020   1963555.2501   4596210.6359
130347  135.0000  30.0000    1000.0000   4791098.0020   1963555.2501   4596210.6359
130527  135.0000  30.0000    1000.0000   4791098.0020   1963555.2501   4596210.6359
130707  135.0000  30.0000    1000.0000   4791098.0020   1963555.2501   4596210.6359
130847  135.0000  30.0000    1000.0000   4791098.0020   1963555.2501   4596210.6359
131027  135.0000  30.0000    1000.0000   4791098.0020   1963555.2501   4596210.6359
