X2912711 R_PNT     RP_TEST 1808 0000000  135 30.0 2025 127 115550 300 100   0   0 1     -1
115550  135.0000  30.0000    1000.0000   4791098.0020   1963555.2501   4596210.6359
120050  135.0000  30.0000    1000.0000   4791098.0020   1963555.2501   4596210.6359
120550  135.0000  30.0000    1000.0000   4791098.0020   1963555.2501   4596210.6359
121050  135.0000  30.0000    1000.0000   4791098.0020   1963555.2501   4596210.6359
121550  135.0000  30.0000    1000.0000   4791098.0020   1963555.2501   4596210.6359
122050  135.0000  30.0000    1000.0000   4791098.0020   1963555.2501   4596210.6359
122550  135.0000  30.0000    1000.0000   4791098.0020   1963555.2501   4596210.6359
123050  135.0000  30.0000    1000.0000   4791098.0020   1963555.2501   4596210.6359
123550  135.0000  30.0000    1000.0000   4791098.0020   1963555.2501   4596210.6359
124050  135.0000  30.0000    1000.0000   4791098.0020   1963555.2501   4596210.6359
124550  135.0000  30.0000    1000.0000   4791098.0020   1963555.2501   4596210.6359
125050  135.0000  30.0000    1000.0000   4791098.0020   1963555.2501   4596210.6359
125550  135.0000  30.0000    1000.0000   4791098.0020   1963555.2501   4596210.6359
130050  135.0000  30.0000    1000.0000   4791098.0020   1963555.2501   4596210.6359
130550  135.0000  30.0000    1000.0000   4791098.0020   1963555.2501   4596210.6359
131050  135.0000  30.0000    1000.0000   4791098.0020   1963555.2501   4596210.6359
131550  135.0000  30.0000    1000.0000   4791098.0020   1963555.2501   4596210.6359
132050  135.0000  30.0000    1000.0000   4791098.0020   1963555.2501   4596210.6359
132550  135.0000  30.0000    1000.0000   4791098.0020   1963555.2501   4596210.6359
133050  135.0000  30.0000    1000.0000   4791098.0020   1963555.2501   4596210.6359
133550  135.0000  30.0000    1000.0000   4791098.0020   1963555.2501   4596210.6359
134050  135.0000  30.0000    1000.0000   4791098.0020   1963555.2501   4596210.6359
134550  135.0000  30.0000    1000.0000   4791098.0020   1963555.2501   4596210.6359
135050  135.0000  30.0000    1000.0000   4791098.0020   1963555.2501   4596210.6359
135550  135.0000  30.0000    1000.0000   4791098.0020   1963555.2501   4596210.6359
140050  135.0000  30.0000    1000.0000   4791098.0020   1963555.2501   4596210.6359
140550  135.0000  30.0000    1000.0000   4791098.0020   1963555.2501   4596210.6359
141050  135.0000  30.0000    1000.0000   4791098.0020   1963555.2501   4596210.6359
141550  135.0000  30.0000    1000.0000   4791098.0020   1963555.2501   4596210.6359
142050  135.0000  30.0000    1000.0000   4791098.0020   1963555.2501   4596210.6359
142550  135.0000  30.0000    1000.0000   4791098.0020   1963555.2501   4596210.6359
143050  135.0000  30.0000    1000.0000   4791098.0020   1963555.2501   4596210.6359
143550  135.0000  30.0000    1000.0000   4791098.0020   1963555.2501   4596210.6359
144050  135.0000  30.0000    1000.0000   4791098.0020   1963555.2501   4596210.6359
144550  135.0000  30.0000    1000.0000   4791098.0020   1963555.2501   4596210.6359
145050  135.0000  30.0000    1000.0000   4791098.0020   1963555.2501   4596210.6359
145550  135.0000  30.0000    1000.0000   4791098.0020   1963555.2501   4596210.6359
150050  135.0000  30.0000    1000.0000   4791098.0020   1963555.2501   4596210.6359
150550  135.0000  30.0000    1000.0000   4791098.0020   1963555.2501   4596210.6359
151050  135.0000  30.0000    1000.0000   4791098.0020   1963555.2501   4596210.6359
151550  135.0000  30.0000    1000.0000   4791098.0020   1963555.2501   4596210.6359
152050  135.0000  30.0000    1000.0000   4791098.0020   1963555.2501   4596210.6359
152550  135.0000  30.0000    1000.0000   4791098.0020   1963555.2501   4596210.6359
153050  135.0000  30.0000    1000.0000   4791098.0020   1963555.2501   4596210.6359
153550  135.0000  30.0000    1000.0000   4791098.0020   1963555.2501   4596210.6359
154050  135.0000  30.0000    1000.0000   4791098.0020   1963555.2501   4596210.6359
154550  135.0000  30.0000    1000.0000   4791098.0020   1963555.2501   4596210.6359
155050  135.0000  30.0000    1000.0000   4791098.0020   1963555.2501   4596210.6359
155550  135.0000  30.0000    1000.0000   4791098.0020   1963555.2501   4596210.6359
160050  135.0000  30.0000    1000.0000   4791098.0020   1963555.2501   4596210.6359
160550  135.0000  30.0000    1000.0000   4791098.0020   1963555.2501   4596210.6359
161050  135.0000  30.0000    1000.0000   4791098.0020   1963555.2501   4596210.6359
161550  135.0000  30.0000    1000.0000   4791098.0020   1963555.2501   4596210.6359
162050  135.0000  30.0000    1000.0000   4791098.0020   1963555.2501   4596210.6359
162550  135.0000  30.0000    1000.0000   4791098.0020   1963555.2501   4596210.6359
163050  135.0000  30.0000    1000.0000   4791098.0020   1963555.2501   4596210.6359
163550  135.0000  30.0000    1000.0000   4791098.0020   1963555.2501   4596210.6359
164050  135.0000  30.0000    1000.0000   4791098.0020   1963555.2501   4596210.6359
164550  135.0000  30.0000    1000.0000   4791098.0020   1963555.2501   4596210.6359
165050  135.0000  30.0000    1000.0000   4791098.0020   1963555.2501   4596210.6359
165550  135.0000  30.0000    1000.0000   4791098.0020   1963555.2501   4596210.6359
170050  135.0000  30.0000    1000.0000   4791098.0020   1963555.2501   4596210.6359
170550  135.0000  30.0000    1000.0000   4791098.0020   1963555.2501   4596210.6359
171050  135.0000  30.0000    1000.0000   4791098.0020   1963555.2501   4596210.6359
171550  135.0000  30.0000    1000.0000   4791098.0020   1963555.2501   4596210.6359
172050  135.0000  30.0000    1000.0000   4791098.0020   1963555.2501   4596210.6359
172550  135.0000  30.0000    1000.0000   4791098.0020   1963555.2501   4596210.6359
173050  135.0000  30.0000    1000.0000   4791098.0020   1963555.2501   4596210.6359
173550  135.0000  30.0000    1000.0000   4791098.0020   1963555.2501   4596210.6359
174050  135.0000  30.0000    1000.0000   4791098.0020   1963555.2501   4596210.6359
174550  135.0000  30.0000    1000.0000   4791098.0020   1963555.2501   4596210.6359
175050  135.0000  30.0000    1000.0000   4791098.0020   1963555.2501   4596210.6359
175550  135.0000  30.0000    1000.0000   4791098.0020   1963555.2501   4596210.6359
180050  135.0000  30.0000    1000.0000   4791098.0020   1963555.2501   4596210.6359
180550  135.0000  30.0000    1000.0000   4791098.0020   1963555.2501   4596210.6359
181050  135.0000  30.0000    1000.0000   4791098.0020   1963555.2501   4596210.6359
181550  135.0000  30.0000    1000.0000   4791098.0020   1963555.2501   4596210.6359
182050  135.0000  30.0000    1000.0000   4791098.0020   1963555.2501   4596210.6359
182550  135.0000  30.0000    1000.0000   4791098.0020   1963555.2501   4596210.6359
183050  135.0000  30.0000    1000.0000   4791098.0020   1963555.2501   4596210.6359
183550  135.0000  30.0000    1000.0000   4791098.0020   1963555.2501   4596210.6359
184050  135.0000  30.0000    1000.0000   4791098.0020   1963555.2501   4596210.6359
184550  135.0000  30.0000    1000.0000   4791098.0020   1963555.2501   4596210.6359
185050  135.0000  30.0000    1000.0000   4791098.0020   1963555.2501   4596210.6359
185550  135.0000  30.0000    1000.0000   4791098.0020   1963555.2501   4596210.6359
190050  135.0000  30.0000    1000.0000   4791098.0020   1963555.2501   4596210.6359
190550  135.0000  30.0000    1000.0000   4791098.0020   1963555.2501   4596210.6359
191050  135.0000  30.0000    1000.0000   4791098.0020   1963555.2501   4596210.6359
191550  135.0000  30.0000    1000.0000   4791098.0020   1963555.2501   4596210.6359
192050  135.0000  30.0000    1000.0000   4791098.0020   1963555.2501   4596210.6359
192550  135.0000  30.0000    1000.0000   4791098.0020   1963555.2501   4596210.6359
193050  135.0000  30.0000    1000.0000   4791098.0020   1963555.2501   4596210.6359
193550  135.0000  30.0000    1000.0000   4791098.0020   1963555.2501   4596210.6359
194050  135.0000  30.0000    1000.0000   4791098.0020   1963555.2501   4596210.6359
194550  135.0000  30.0000    1000.0000   4791098.0020   1963555.2501   4596210.6359
195050  135.0000  30.0000    1000.0000   4791098.0020   1963555.2501   4596210.6359
195550  135.0000  30.0000    1000.0000   4791098.0020   1963555.2501   4596210.6359
200050  135.0000  30.0000    1000.0000   4791098.0020   1963555.2501   4596210.6359
200550  135.0000  30.0000    1000.0000   4791098.0020   1963555.2501   4596210.6359
201050  135.0000  30.0000    1000.0000   4791098.0020   1963555.2501   4596210.6359
