X3012711 R_PNT     RP_TEST 1808 0000000  135 45.0 2025 127 115550 300 100   0   0 1     -1
115550  135.0000  45.0000    1000.0000   4877774.3538   1870971.9756   4824385.7764
120050  135.0000  45.0000    1000.0000   4877774.3538   1870971.9756   4824385.7764
120550  135.0000  45.0000    1000.0000   4877774.3538   1870971.9756   4824385.7764
121050  135.0000  45.0000    1000.0000   4877774.3538   1870971.9756   4824385.7764
121550  135.0000  45.0000    1000.0000   4877774.3538   1870971.9756   4824385.7764
122050  135.0000  45.0000    1000.0000   4877774.3538   1870971.9756   4824385.7764
122550  135.0000  45.0000    1000.0000   4877774.3538   1870971.9756   4824385.7764
123050  135.0000  45.0000    1000.0000   4877774.3538   1870971.9756   4824385.7764
123550  135.0000  45.0000    1000.0000   4877774.3538   1870971.9756   4824385.7764
124050  135.0000  45.0000    1000.0000   4877774.3538   1870971.9756   4824385.7764
124550  135.0000  45.0000    1000.0000   4877774.3538   1870971.9756   4824385.7764
125050  135.0000  45.0000    1000.0000   4877774.3538   1870971.9756   4824385.7764
125550  135.0000  45.0000    1000.0000   4877774.3538   1870971.9756   4824385.7764
130050  135.0000  45.0000    1000.0000   4877774.3538   1870971.9756   4824385.7764
130550  135.0000  45.0000    1000.0000   4877774.3538   1870971.9756   4824385.7764
131050  135.0000  45.0000    1000.0000   4877774.3538   1870971.9756   4824385.7764
131550  135.0000  45.0000    1000.0000   4877774.3538   1870971.9756   4824385.7764
132050  135.0000  45.0000    1000.0000   4877774.3538   1870971.9756   4824385.7764
132550  135.0000  45.0000    1000.0000   4877774.3538   1870971.9756   4824385.7764
133050  135.0000  45.0000    1000.0000   4877774.3538   1870971.9756   4824385.7764
133550  135.0000  45.0000    1000.0000   4877774.3538   1870971.9756   4824385.7764
134050  135.0000  45.0000    1000.0000   4877774.3538   1870971.9756   4824385.7764
134550  135.0000  45.0000    1000.0000   4877774.3538   1870971.9756   4824385.7764
135050  135.0000  45.0000    1000.0000   4877774.3538   1870971.9756   4824385.7764
135550  135.0000  45.0000    1000.0000   4877774.3538   1870971.9756   4824385.7764
140050  135.0000  45.0000    1000.0000   4877774.3538   1870971.9756   4824385.7764
140550  135.0000  45.0000    1000.0000   4877774.3538   1870971.9756   4824385.7764
141050  135.0000  45.0000    1000.0000   4877774.3538   1870971.9756   4824385.7764
141550  135.0000  45.0000    1000.0000   4877774.3538   1870971.9756   4824385.7764
142050  135.0000  45.0000    1000.0000   4877774.3538   1870971.9756   4824385.7764
142550  135.0000  45.0000    1000.0000   4877774.3538   1870971.9756   4824385.7764
143050  135.0000  45.0000    1000.0000   4877774.3538   1870971.9756   4824385.7764
143550  135.0000  45.0000    1000.0000   4877774.3538   1870971.9756   4824385.7764
144050  135.0000  45.0000    1000.0000   4877774.3538   1870971.9756   4824385.7764
144550  135.0000  45.0000    1000.0000   4877774.3538   1870971.9756   4824385.7764
145050  135.0000  45.0000    1000.0000   4877774.3538   1870971.9756   4824385.7764
145550  135.0000  45.0000    1000.0000   4877774.3538   1870971.9756   4824385.7764
150050  135.0000  45.0000    1000.0000   4877774.3538   1870971.9756   4824385.7764
150550  135.0000  45.0000    1000.0000   4877774.3538   1870971.9756   4824385.7764
151050  135.0000  45.0000    1000.0000   4877774.3538   1870971.9756   4824385.7764
151550  135.0000  45.0000    1000.0000   4877774.3538   1870971.9756   4824385.7764
152050  135.0000  45.0000    1000.0000   4877774.3538   1870971.9756   4824385.7764
152550  135.0000  45.0000    1000.0000   4877774.3538   1870971.9756   4824385.7764
153050  135.0000  45.0000    1000.0000   4877774.3538   1870971.9756   4824385.7764
153550  135.0000  45.0000    1000.0000   4877774.3538   1870971.9756   4824385.7764
154050  135.0000  45.0000    1000.0000   4877774.3538   1870971.9756   4824385.7764
154550  135.0000  45.0000    1000.0000   4877774.3538   1870971.9756   4824385.7764
155050  135.0000  45.0000    1000.0000   4877774.3538   1870971.9756   4824385.7764
155550  135.0000  45.0000    1000.0000   4877774.3538   1870971.9756   4824385.7764
160050  135.0000  45.0000    1000.0000   4877774.3538   1870971.9756   4824385.7764
160550  135.0000  45.0000    1000.0000   4877774.3538   1870971.9756   4824385.7764
161050  135.0000  45.0000    1000.0000   4877774.3538   1870971.9756   4824385.7764
161550  135.0000  45.0000    1000.0000   4877774.3538   1870971.9756   4824385.7764
162050  135.0000  45.0000    1000.0000   4877774.3538   1870971.9756   4824385.7764
162550  135.0000  45.0000    1000.0000   4877774.3538   1870971.9756   4824385.7764
163050  135.0000  45.0000    1000.0000   4877774.3538   1870971.9756   4824385.7764
163550  135.0000  45.0000    1000.0000   4877774.3538   1870971.9756   4824385.7764
164050  135.0000  45.0000    1000.0000   4877774.3538   1870971.9756   4824385.7764
164550  135.0000  45.0000    1000.0000   4877774.3538   1870971.9756   4824385.7764
165050  135.0000  45.0000    1000.0000   4877774.3538   1870971.9756   4824385.7764
165550  135.0000  45.0000    1000.0000   4877774.3538   1870971.9756   4824385.7764
170050  135.0000  45.0000    1000.0000   4877774.3538   1870971.9756   4824385.7764
170550  135.0000  45.0000    1000.0000   4877774.3538   1870971.9756   4824385.7764
171050  135.0000  45.0000    1000.0000   4877774.3538   1870971.9756   4824385.7764
171550  135.0000  45.0000    1000.0000   4877774.3538   1870971.9756   4824385.7764
172050  135.0000  45.0000    1000.0000   4877774.3538   1870971.9756   4824385.7764
172550  135.0000  45.0000    1000.0000   4877774.3538   1870971.9756   4824385.7764
173050  135.0000  45.0000    1000.0000   4877774.3538   1870971.9756   4824385.7764
173550  135.0000  45.0000    1000.0000   4877774.3538   1870971.9756   4824385.7764
174050  135.0000  45.0000    1000.0000   4877774.3538   1870971.9756   4824385.7764
174550  135.0000  45.0000    1000.0000   4877774.3538   1870971.9756   4824385.7764
175050  135.0000  45.0000    1000.0000   4877774.3538   1870971.9756   4824385.7764
175550  135.0000  45.0000    1000.0000   4877774.3538   1870971.9756   4824385.7764
180050  135.0000  45.0000    1000.0000   4877774.3538   1870971.9756   4824385.7764
180550  135.0000  45.0000    1000.0000   4877774.3538   1870971.9756   4824385.7764
181050  135.0000  45.0000    1000.0000   4877774.3538   1870971.9756   4824385.7764
181550  135.0000  45.0000    1000.0000   4877774.3538   1870971.9756   4824385.7764
182050  135.0000  45.0000    1000.0000   4877774.3538   1870971.9756   4824385.7764
182550  135.0000  45.0000    1000.0000   4877774.3538   1870971.9756   4824385.7764
183050  135.0000  45.0000    1000.0000   4877774.3538   1870971.9756   4824385.7764
183550  135.0000  45.0000    1000.0000   4877774.3538   1870971.9756   4824385.7764
184050  135.0000  45.0000    1000.0000   4877774.3538   1870971.9756   4824385.7764
184550  135.0000  45.0000    1000.0000   4877774.3538   1870971.9756   4824385.7764
185050  135.0000  45.0000    1000.0000   4877774.3538   1870971.9756   4824385.7764
185550  135.0000  45.0000    1000.0000   4877774.3538   1870971.9756   4824385.7764
190050  135.0000  45.0000    1000.0000   4877774.3538   1870971.9756   4824385.7764
190550  135.0000  45.0000    1000.0000   4877774.3538   1870971.9756   4824385.7764
191050  135.0000  45.0000    1000.0000   4877774.3538   1870971.9756   4824385.7764
191550  135.0000  45.0000    1000.0000   4877774.3538   1870971.9756   4824385.7764
192050  135.0000  45.0000    1000.0000   4877774.3538   1870971.9756   4824385.7764
192550  135.0000  45.0000    1000.0000   4877774.3538   1870971.9756   4824385.7764
193050  135.0000  45.0000    1000.0000   4877774.3538   1870971.9756   4824385.7764
193550  135.0000  45.0000    1000.0000   4877774.3538   1870971.9756   4824385.7764
194050  135.0000  45.0000    1000.0000   4877774.3538   1870971.9756   4824385.7764
194550  135.0000  45.0000    1000.0000   4877774.3538   1870971.9756   4824385.7764
195050  135.0000  45.0000    1000.0000   4877774.3538   1870971.9756   4824385.7764
195550  135.0000  45.0000    1000.0000   4877774.3538   1870971.9756   4824385.7764
200050  135.0000  45.0000    1000.0000   4877774.3538   1870971.9756   4824385.7764
200550  135.0000  45.0000    1000.0000   4877774.3538   1870971.9756   4824385.7764
201050  135.0000  45.0000    1000.0000   4877774.3538   1870971.9756   4824385.7764
