X3016110 R_PNT     RP_TEST 1808 0000000  135 45.0 2025 161 102527 300 100   0   0 1     -1
102527  135.0000  45.0000    1000.0000   4877774.3538   1870971.9756   4824385.7764
102707  135.0000  45.0000    1000.0000   4877774.3538   1870971.9756   4824385.7764
102847  135.0000  45.0000    1000.0000   4877774.3538   1870971.9756   4824385.7764
103027  135.0000  45.0000    1000.0000   4877774.3538   1870971.9756   4824385.7764
103207  135.0000  45.0000    1000.0000   4877774.3538   1870971.9756   4824385.7764
103347  135.0000  45.0000    1000.0000   4877774.3538   1870971.9756   4824385.7764
103527  135.0000  45.0000    1000.0000   4877774.3538   1870971.9756   4824385.7764
103707  135.0000  45.0000    1000.0000   4877774.3538   1870971.9756   4824385.7764
103847  135.0000  45.0000    1000.0000   4877774.3538   1870971.9756   4824385.7764
104027  135.0000  45.0000    1000.0000   4877774.3538   1870971.9756   4824385.7764
104207  135.0000  45.0000    1000.0000   4877774.3538   1870971.9756   4824385.7764
104347  135.0000  45.0000    1000.0000   4877774.3538   1870971.9756   4824385.7764
104527  135.0000  45.0000    1000.0000   4877774.3538   1870971.9756   4824385.7764
104707  135.0000  45.0000    1000.0000   4877774.3538   1870971.9756   4824385.7764
104847  135.0000  45.0000    1000.0000   4877774.3538   1870971.9756   4824385.7764
105027  135.0000  45.0000    1000.0000   4877774.3538   1870971.9756   4824385.7764
105207  135.0000  45.0000    1000.0000   4877774.3538   1870971.9756   4824385.7764
105347  135.0000  45.0000    1000.0000   4877774.3538   1870971.9756   4824385.7764
105527  135.0000  45.0000    1000.0000   4877774.3538   1870971.9756   4824385.7764
105707  135.0000  45.0000    1000.0000   4877774.3538   1870971.9756   4824385.7764
105847  135.0000  45.0000    1000.0000   4877774.3538   1870971.9756   4824385.7764
110027  135.0000  45.0000    1000.0000   4877774.3538   1870971.9756   4824385.7764
110207  135.0000  45.0000    1000.0000   4877774.3538   1870971.9756   4824385.7764
110347  135.0000  45.0000    1000.0000   4877774.3538   1870971.9756   4824385.7764
110527  135.0000  45.0000    1000.0000   4877774.3538   1870971.9756   4824385.7764
110707  135.0000  45.0000    1000.0000   4877774.3538   1870971.9756   4824385.7764
110847  135.0000  45.0000    1000.0000   4877774.3538   1870971.9756   4824385.7764
111027  135.0000  45.0000    1000.0000   4877774.3538   1870971.9756   4824385.7764
111207  135.0000  45.0000    1000.0000   4877774.3538   1870971.9756   4824385.7764
111347  135.0000  45.0000    1000.0000   4877774.3538   1870971.9756   4824385.7764
111527  135.0000  45.0000    1000.0000   4877774.3538   1870971.9756   4824385.7764
111707  135.0000  45.0000    1000.0000   4877774.3538   1870971.9756   4824385.7764
111847  135.0000  45.0000    1000.0000   4877774.3538   1870971.9756   4824385.7764
112027  135.0000  45.0000    1000.0000   4877774.3538   1870971.9756   4824385.7764
112207  135.0000  45.0000    1000.0000   4877774.3538   1870971.9756   4824385.7764
112347  135.0000  45.0000    1000.0000   4877774.3538   1870971.9756   4824385.7764
112527  135.0000  45.0000    1000.0000   4877774.3538   1870971.9756   4824385.7764
112707  135.0000  45.0000    1000.0000   4877774.3538   1870971.9756   4824385.7764
112847  135.0000  45.0000    1000.0000   4877774.3538   1870971.9756   4824385.7764
113027  135.0000  45.0000    1000.0000   4877774.3538   1870971.9756   4824385.7764
113207  135.0000  45.0000    1000.0000   4877774.3538   1870971.9756   4824385.7764
113347  135.0000  45.0000    1000.0000   4877774.3538   1870971.9756   4824385.7764
113527  135.0000  45.0000    1000.0000   4877774.3538   1870971.9756   4824385.7764
113707  135.0000  45.0000    1000.0000   4877774.3538   1870971.9756   4824385.7764
113847  135.0000  45.0000    1000.0000   4877774.3538   1870971.9756   4824385.7764
114027  135.0000  45.0000    1000.0000   4877774.3538   1870971.9756   4824385.7764
114207  135.0000  45.0000    1000.0000   4877774.3538   1870971.9756   4824385.7764
114347  135.0000  45.0000    1000.0000   4877774.3538   1870971.9756   4824385.7764
114527  135.0000  45.0000    1000.0000   4877774.3538   1870971.9756   4824385.7764
114707  135.0000  45.0000    1000.0000   4877774.3538   1870971.9756   4824385.7764
114847  135.0000  45.0000    1000.0000   4877774.3538   1870971.9756   4824385.7764
115027  135.0000  45.0000    1000.0000   4877774.3538   1870971.9756   4824385.7764
115207  135.0000  45.0000    1000.0000   4877774.3538   1870971.9756   4824385.7764
115347  135.0000  45.0000    1000.0000   4877774.3538   1870971.9756   4824385.7764
115527  135.0000  45.0000    1000.0000   4877774.3538   1870971.9756   4824385.7764
115707  135.0000  45.0000    1000.0000   4877774.3538   1870971.9756   4824385.7764
115847  135.0000  45.0000    1000.0000   4877774.3538   1870971.9756   4824385.7764
120027  135.0000  45.0000    1000.0000   4877774.3538   1870971.9756   4824385.7764
120207  135.0000  45.0000    1000.0000   4877774.3538   1870971.9756   4824385.7764
120347  135.0000  45.0000    1000.0000   4877774.3538   1870971.9756   4824385.7764
120527  135.0000  45.0000    1000.0000   4877774.3538   1870971.9756   4824385.7764
120707  135.0000  45.0000    1000.0000   4877774.3538   1870971.9756   4824385.7764
120847  135.0000  45.0000    1000.0000   4877774.3538   1870971.9756   4824385.7764
121027  135.0000  45.0000    1000.0000   4877774.3538   1870971.9756   4824385.7764
121207  135.0000  45.0000    1000.0000   4877774.3538   1870971.9756   4824385.7764
121347  135.0000  45.0000    1000.0000   4877774.3538   1870971.9756   4824385.7764
121527  135.0000  45.0000    1000.0000   4877774.3538   1870971.9756   4824385.7764
121707  135.0000  45.0000    1000.0000   4877774.3538   1870971.9756   4824385.7764
121847  135.0000  45.0000    1000.0000   4877774.3538   1870971.9756   4824385.7764
122027  135.0000  45.0000    1000.0000   4877774.3538   1870971.9756   4824385.7764
122207  135.0000  45.0000    1000.0000   4877774.3538   1870971.9756   4824385.7764
122347  135.0000  45.0000    1000.0000   4877774.3538   1870971.9756   4824385.7764
122527  135.0000  45.0000    1000.0000   4877774.3538   1870971.9756   4824385.7764
122707  135.0000  45.0000    1000.0000   4877774.3538   1870971.9756   4824385.7764
122847  135.0000  45.0000    1000.0000   4877774.3538   1870971.9756   4824385.7764
123027  135.0000  45.0000    1000.0000   4877774.3538   1870971.9756   4824385.7764
123207  135.0000  45.0000    1000.0000   4877774.3538   1870971.9756   4824385.7764
123347  135.0000  45.0000    1000.0000   4877774.3538   1870971.9756   4824385.7764
123527  135.0000  45.0000    1000.0000   4877774.3538   1870971.9756   4824385.7764
123707  135.0000  45.0000    1000.0000   4877774.3538   1870971.9756   4824385.7764
123847  135.0000  45.0000    1000.0000   4877774.3538   1870971.9756   4824385.7764
124027  135.0000  45.0000    1000.0000   4877774.3538   1870971.9756   4824385.7764
124207  135.0000  45.0000    1000.0000   4877774.3538   1870971.9756   4824385.7764
124347  135.0000  45.0000    1000.0000   4877774.3538   1870971.9756   4824385.7764
124527  135.0000  45.0000    1000.0000   4877774.3538   1870971.9756   4824385.7764
124707  135.0000  45.0000    1000.0000   4877774.3538   1870971.9756   4824385.7764
124847  135.0000  45.0000    1000.0000   4877774.3538   1870971.9756   4824385.7764
125027  135.0000  45.0000    1000.0000   4877774.3538   1870971.9756   4824385.7764
125207  135.0000  45.0000    1000.0000   4877774.3538   1870971.9756   4824385.7764
125347  135.0000  45.0000    1000.0000   4877774.3538   1870971.9756   4824385.7764
125527  135.0000  45.0000    1000.0000   4877774.3538   1870971.9756   4824385.7764
125707  135.0000  45.0000    1000.0000   4877774.3538   1870971.9756   4824385.7764
125847  135.0000  45.0000    1000.0000   4877774.3538   1870971.9756   4824385.7764
130027  135.0000  45.0000    1000.0000   4877774.3538   1870971.9756   4824385.7764
130207  135.0000  45.0000    1000.0000   4877774.3538   1870971.9756   4824385.7764
130347  135.0000  45.0000    1000.0000   4877774.3538   1870971.9756   4824385.7764
130527  135.0000  45.0000    1000.0000   4877774.3538   1870971.9756   4824385.7764
130707  135.0000  45.0000    1000.0000   4877774.3538   1870971.9756   4824385.7764
130847  135.0000  45.0000    1000.0000   4877774.3538   1870971.9756   4824385.7764
131027  135.0000  45.0000    1000.0000   4877774.3538   1870971.9756   4824385.7764
