X3012708 R_PNT     RP_TEST 1808 0000000  135 45.0 2025 127 085340 300 100   0   0 1     -1
085340  135.0000  45.0000    1000.0000   3579036.8615   1389344.9691   5402173.2812
085840  135.0000  45.0000    1000.0000   3579036.8615   1389344.9691   5402173.2812
090340  135.0000  45.0000    1000.0000   3579036.8615   1389344.9691   5402173.2812
090840  135.0000  45.0000    1000.0000   3579036.8615   1389344.9691   5402173.2812
091340  135.0000  45.0000    1000.0000   3579036.8615   1389344.9691   5402173.2812
091840  135.0000  45.0000    1000.0000   3579036.8615   1389344.9691   5402173.2812
092340  135.0000  45.0000    1000.0000   3579036.8615   1389344.9691   5402173.2812
092840  135.0000  45.0000    1000.0000   3579036.8615   1389344.9691   5402173.2812
093340  135.0000  45.0000    1000.0000   3579036.8615   1389344.9691   5402173.2812
093840  135.0000  45.0000    1000.0000   3579036.8615   1389344.9691   5402173.2812
094340  135.0000  45.0000    1000.0000   3579036.8615   1389344.9691   5402173.2812
094840  135.0000  45.0000    1000.0000   3579036.8615   1389344.9691   5402173.2812
095340  135.0000  45.0000    1000.0000   3579036.8615   1389344.9691   5402173.2812
095840  135.0000  45.0000    1000.0000   3579036.8615   1389344.9691   5402173.2812
100340  135.0000  45.0000    1000.0000   3579036.8615   1389344.9691   5402173.2812
100840  135.0000  45.0000    1000.0000   3579036.8615   1389344.9691   5402173.2812
101340  135.0000  45.0000    1000.0000   3579036.8615   1389344.9691   5402173.2812
101840  135.0000  45.0000    1000.0000   3579036.8615   1389344.9691   5402173.2812
102340  135.0000  45.0000    1000.0000   3579036.8615   1389344.9691   5402173.2812
102840  135.0000  45.0000    1000.0000   3579036.8615   1389344.9691   5402173.2812
103340  135.0000  45.0000    1000.0000   3579036.8615   1389344.9691   5402173.2812
103840  135.0000  45.0000    1000.0000   3579036.8615   1389344.9691   5402173.2812
104340  135.0000  45.0000    1000.0000   3579036.8615   1389344.9691   5402173.2812
104840  135.0000  45.0000    1000.0000   3579036.8615   1389344.9691   5402173.2812
105340  135.0000  45.0000    1000.0000   3579036.8615   1389344.9691   5402173.2812
105840  135.0000  45.0000    1000.0000   3579036.8615   1389344.9691   5402173.2812
110340  135.0000  45.0000    1000.0000   3579036.8615   1389344.9691   5402173.2812
110840  135.0000  45.0000    1000.0000   3579036.8615   1389344.9691   5402173.2812
111340  135.0000  45.0000    1000.0000   3579036.8615   1389344.9691   5402173.2812
111840  135.0000  45.0000    1000.0000   3579036.8615   1389344.9691   5402173.2812
112340  135.0000  45.0000    1000.0000   3579036.8615   1389344.9691   5402173.2812
112840  135.0000  45.0000    1000.0000   3579036.8615   1389344.9691   5402173.2812
113340  135.0000  45.0000    1000.0000   3579036.8615   1389344.9691   5402173.2812
113840  135.0000  45.0000    1000.0000   3579036.8615   1389344.9691   5402173.2812
114340  135.0000  45.0000    1000.0000   3579036.8615   1389344.9691   5402173.2812
114840  135.0000  45.0000    1000.0000   3579036.8615   1389344.9691   5402173.2812
115340  135.0000  45.0000    1000.0000   3579036.8615   1389344.9691   5402173.2812
115840  135.0000  45.0000    1000.0000   3579036.8615   1389344.9691   5402173.2812
120340  135.0000  45.0000    1000.0000   3579036.8615   1389344.9691   5402173.2812
120840  135.0000  45.0000    1000.0000   3579036.8615   1389344.9691   5402173.2812
121340  135.0000  45.0000    1000.0000   3579036.8615   1389344.9691   5402173.2812
121840  135.0000  45.0000    1000.0000   3579036.8615   1389344.9691   5402173.2812
122340  135.0000  45.0000    1000.0000   3579036.8615   1389344.9691   5402173.2812
122840  135.0000  45.0000    1000.0000   3579036.8615   1389344.9691   5402173.2812
123340  135.0000  45.0000    1000.0000   3579036.8615   1389344.9691   5402173.2812
123840  135.0000  45.0000    1000.0000   3579036.8615   1389344.9691   5402173.2812
124340  135.0000  45.0000    1000.0000   3579036.8615   1389344.9691   5402173.2812
124840  135.0000  45.0000    1000.0000   3579036.8615   1389344.9691   5402173.2812
125340  135.0000  45.0000    1000.0000   3579036.8615   1389344.9691   5402173.2812
125840  135.0000  45.0000    1000.0000   3579036.8615   1389344.9691   5402173.2812
130340  135.0000  45.0000    1000.0000   3579036.8615   1389344.9691   5402173.2812
130840  135.0000  45.0000    1000.0000   3579036.8615   1389344.9691   5402173.2812
131340  135.0000  45.0000    1000.0000   3579036.8615   1389344.9691   5402173.2812
131840  135.0000  45.0000    1000.0000   3579036.8615   1389344.9691   5402173.2812
132340  135.0000  45.0000    1000.0000   3579036.8615   1389344.9691   5402173.2812
132840  135.0000  45.0000    1000.0000   3579036.8615   1389344.9691   5402173.2812
133340  135.0000  45.0000    1000.0000   3579036.8615   1389344.9691   5402173.2812
133840  135.0000  45.0000    1000.0000   3579036.8615   1389344.9691   5402173.2812
134340  135.0000  45.0000    1000.0000   3579036.8615   1389344.9691   5402173.2812
134840  135.0000  45.0000    1000.0000   3579036.8615   1389344.9691   5402173.2812
135340  135.0000  45.0000    1000.0000   3579036.8615   1389344.9691   5402173.2812
135840  135.0000  45.0000    1000.0000   3579036.8615   1389344.9691   5402173.2812
140340  135.0000  45.0000    1000.0000   3579036.8615   1389344.9691   5402173.2812
140840  135.0000  45.0000    1000.0000   3579036.8615   1389344.9691   5402173.2812
141340  135.0000  45.0000    1000.0000   3579036.8615   1389344.9691   5402173.2812
141840  135.0000  45.0000    1000.0000   3579036.8615   1389344.9691   5402173.2812
142340  135.0000  45.0000    1000.0000   3579036.8615   1389344.9691   5402173.2812
142840  135.0000  45.0000    1000.0000   3579036.8615   1389344.9691   5402173.2812
143340  135.0000  45.0000    1000.0000   3579036.8615   1389344.9691   5402173.2812
143840  135.0000  45.0000    1000.0000   3579036.8615   1389344.9691   5402173.2812
144340  135.0000  45.0000    1000.0000   3579036.8615   1389344.9691   5402173.2812
144840  135.0000  45.0000    1000.0000   3579036.8615   1389344.9691   5402173.2812
145340  135.0000  45.0000    1000.0000   3579036.8615   1389344.9691   5402173.2812
145840  135.0000  45.0000    1000.0000   3579036.8615   1389344.9691   5402173.2812
150340  135.0000  45.0000    1000.0000   3579036.8615   1389344.9691   5402173.2812
150840  135.0000  45.0000    1000.0000   3579036.8615   1389344.9691   5402173.2812
151340  135.0000  45.0000    1000.0000   3579036.8615   1389344.9691   5402173.2812
151840  135.0000  45.0000    1000.0000   3579036.8615   1389344.9691   5402173.2812
152340  135.0000  45.0000    1000.0000   3579036.8615   1389344.9691   5402173.2812
152840  135.0000  45.0000    1000.0000   3579036.8615   1389344.9691   5402173.2812
153340  135.0000  45.0000    1000.0000   3579036.8615   1389344.9691   5402173.2812
153840  135.0000  45.0000    1000.0000   3579036.8615   1389344.9691   5402173.2812
154340  135.0000  45.0000    1000.0000   3579036.8615   1389344.9691   5402173.2812
154840  135.0000  45.0000    1000.0000   3579036.8615   1389344.9691   5402173.2812
155340  135.0000  45.0000    1000.0000   3579036.8615   1389344.9691   5402173.2812
155840  135.0000  45.0000    1000.0000   3579036.8615   1389344.9691   5402173.2812
160340  135.0000  45.0000    1000.0000   3579036.8615   1389344.9691   5402173.2812
160840  135.0000  45.0000    1000.0000   3579036.8615   1389344.9691   5402173.2812
161340  135.0000  45.0000    1000.0000   3579036.8615   1389344.9691   5402173.2812
161840  135.0000  45.0000    1000.0000   3579036.8615   1389344.9691   5402173.2812
162340  135.0000  45.0000    1000.0000   3579036.8615   1389344.9691   5402173.2812
162840  135.0000  45.0000    1000.0000   3579036.8615   1389344.9691   5402173.2812
163340  135.0000  45.0000    1000.0000   3579036.8615   1389344.9691   5402173.2812
163840  135.0000  45.0000    1000.0000   3579036.8615   1389344.9691   5402173.2812
164340  135.0000  45.0000    1000.0000   3579036.8615   1389344.9691   5402173.2812
164840  135.0000  45.0000    1000.0000   3579036.8615   1389344.9691   5402173.2812
165340  135.0000  45.0000    1000.0000   3579036.8615   1389344.9691   5402173.2812
165840  135.0000  45.0000    1000.0000   3579036.8615   1389344.9691   5402173.2812
170340  135.0000  45.0000    1000.0000   3579036.8615   1389344.9691   5402173.2812
170840  135.0000  45.0000    1000.0000   3579036.8615   1389344.9691   5402173.2812
