X3112708 R_PNT     RP_TEST 1808 0000000  135 60.0 2025 127 085341 300 100   0   0 1     -1
085341  135.0000  60.0000    1000.0000   3759281.5012   1572274.4218   5449045.7956
085841  135.0000  60.0000    1000.0000   3759281.5012   1572274.4218   5449045.7956
090341  135.0000  60.0000    1000.0000   3759281.5012   1572274.4218   5449045.7956
090841  135.0000  60.0000    1000.0000   3759281.5012   1572274.4218   5449045.7956
091341  135.0000  60.0000    1000.0000   3759281.5012   1572274.4218   5449045.7956
091841  135.0000  60.0000    1000.0000   3759281.5012   1572274.4218   5449045.7956
092341  135.0000  60.0000    1000.0000   3759281.5012   1572274.4218   5449045.7956
092841  135.0000  60.0000    1000.0000   3759281.5012   1572274.4218   5449045.7956
093341  135.0000  60.0000    1000.0000   3759281.5012   1572274.4218   5449045.7956
093841  135.0000  60.0000    1000.0000   3759281.5012   1572274.4218   5449045.7956
094341  135.0000  60.0000    1000.0000   3759281.5012   1572274.4218   5449045.7956
094841  135.0000  60.0000    1000.0000   3759281.5012   1572274.4218   5449045.7956
095341  135.0000  60.0000    1000.0000   3759281.5012   1572274.4218   5449045.7956
095841  135.0000  60.0000    1000.0000   3759281.5012   1572274.4218   5449045.7956
100341  135.0000  60.0000    1000.0000   3759281.5012   1572274.4218   5449045.7956
100841  135.0000  60.0000    1000.0000   3759281.5012   1572274.4218   5449045.7956
101341  135.0000  60.0000    1000.0000   3759281.5012   1572274.4218   5449045.7956
101841  135.0000  60.0000    1000.0000   3759281.5012   1572274.4218   5449045.7956
102341  135.0000  60.0000    1000.0000   3759281.5012   1572274.4218   5449045.7956
102841  135.0000  60.0000    1000.0000   3759281.5012   1572274.4218   5449045.7956
103341  135.0000  60.0000    1000.0000   3759281.5012   1572274.4218   5449045.7956
103841  135.0000  60.0000    1000.0000   3759281.5012   1572274.4218   5449045.7956
104341  135.0000  60.0000    1000.0000   3759281.5012   1572274.4218   5449045.7956
104841  135.0000  60.0000    1000.0000   3759281.5012   1572274.4218   5449045.7956
105341  135.0000  60.0000    1000.0000   3759281.5012   1572274.4218   5449045.7956
105841  135.0000  60.0000    1000.0000   3759281.5012   1572274.4218   5449045.7956
110341  135.0000  60.0000    1000.0000   3759281.5012   1572274.4218   5449045.7956
110841  135.0000  60.0000    1000.0000   3759281.5012   1572274.4218   5449045.7956
111341  135.0000  60.0000    1000.0000   3759281.5012   1572274.4218   5449045.7956
111841  135.0000  60.0000    1000.0000   3759281.5012   1572274.4218   5449045.7956
112341  135.0000  60.0000    1000.0000   3759281.5012   1572274.4218   5449045.7956
112841  135.0000  60.0000    1000.0000   3759281.5012   1572274.4218   5449045.7956
113341  135.0000  60.0000    1000.0000   3759281.5012   1572274.4218   5449045.7956
113841  135.0000  60.0000    1000.0000   3759281.5012   1572274.4218   5449045.7956
114341  135.0000  60.0000    1000.0000   3759281.5012   1572274.4218   5449045.7956
114841  135.0000  60.0000    1000.0000   3759281.5012   1572274.4218   5449045.7956
115341  135.0000  60.0000    1000.0000   3759281.5012   1572274.4218   5449045.7956
115841  135.0000  60.0000    1000.0000   3759281.5012   1572274.4218   5449045.7956
120341  135.0000  60.0000    1000.0000   3759281.5012   1572274.4218   5449045.7956
120841  135.0000  60.0000    1000.0000   3759281.5012   1572274.4218   5449045.7956
121341  135.0000  60.0000    1000.0000   3759281.5012   1572274.4218   5449045.7956
121841  135.0000  60.0000    1000.0000   3759281.5012   1572274.4218   5449045.7956
122341  135.0000  60.0000    1000.0000   3759281.5012   1572274.4218   5449045.7956
122841  135.0000  60.0000    1000.0000   3759281.5012   1572274.4218   5449045.7956
123341  135.0000  60.0000    1000.0000   3759281.5012   1572274.4218   5449045.7956
123841  135.0000  60.0000    1000.0000   3759281.5012   1572274.4218   5449045.7956
124341  135.0000  60.0000    1000.0000   3759281.5012   1572274.4218   5449045.7956
124841  135.0000  60.0000    1000.0000   3759281.5012   1572274.4218   5449045.7956
125341  135.0000  60.0000    1000.0000   3759281.5012   1572274.4218   5449045.7956
125841  135.0000  60.0000    1000.0000   3759281.5012   1572274.4218   5449045.7956
130341  135.0000  60.0000    1000.0000   3759281.5012   1572274.4218   5449045.7956
130841  135.0000  60.0000    1000.0000   3759281.5012   1572274.4218   5449045.7956
131341  135.0000  60.0000    1000.0000   3759281.5012   1572274.4218   5449045.7956
131841  135.0000  60.0000    1000.0000   3759281.5012   1572274.4218   5449045.7956
132341  135.0000  60.0000    1000.0000   3759281.5012   1572274.4218   5449045.7956
132841  135.0000  60.0000    1000.0000   3759281.5012   1572274.4218   5449045.7956
133341  135.0000  60.0000    1000.0000   3759281.5012   1572274.4218   5449045.7956
133841  135.0000  60.0000    1000.0000   3759281.5012   1572274.4218   5449045.7956
134341  135.0000  60.0000    1000.0000   3759281.5012   1572274.4218   5449045.7956
134841  135.0000  60.0000    1000.0000   3759281.5012   1572274.4218   5449045.7956
135341  135.0000  60.0000    1000.0000   3759281.5012   1572274.4218   5449045.7956
135841  135.0000  60.0000    1000.0000   3759281.5012   1572274.4218   5449045.7956
140341  135.0000  60.0000    1000.0000   3759281.5012   1572274.4218   5449045.7956
140841  135.0000  60.0000    1000.0000   3759281.5012   1572274.4218   5449045.7956
141341  135.0000  60.0000    1000.0000   3759281.5012   1572274.4218   5449045.7956
141841  135.0000  60.0000    1000.0000   3759281.5012   1572274.4218   5449045.7956
142341  135.0000  60.0000    1000.0000   3759281.5012   1572274.4218   5449045.7956
142841  135.0000  60.0000    1000.0000   3759281.5012   1572274.4218   5449045.7956
143341  135.0000  60.0000    1000.0000   3759281.5012   1572274.4218   5449045.7956
143841  135.0000  60.0000    1000.0000   3759281.5012   1572274.4218   5449045.7956
144341  135.0000  60.0000    1000.0000   3759281.5012   1572274.4218   5449045.7956
144841  135.0000  60.0000    1000.0000   3759281.5012   1572274.4218   5449045.7956
145341  135.0000  60.0000    1000.0000   3759281.5012   1572274.4218   5449045.7956
145841  135.0000  60.0000    1000.0000   3759281.5012   1572274.4218   5449045.7956
150341  135.0000  60.0000    1000.0000   3759281.5012   1572274.4218   5449045.7956
150841  135.0000  60.0000    1000.0000   3759281.5012   1572274.4218   5449045.7956
151341  135.0000  60.0000    1000.0000   3759281.5012   1572274.4218   5449045.7956
151841  135.0000  60.0000    1000.0000   3759281.5012   1572274.4218   5449045.7956
152341  135.0000  60.0000    1000.0000   3759281.5012   1572274.4218   5449045.7956
152841  135.0000  60.0000    1000.0000   3759281.5012   1572274.4218   5449045.7956
153341  135.0000  60.0000    1000.0000   3759281.5012   1572274.4218   5449045.7956
153841  135.0000  60.0000    1000.0000   3759281.5012   1572274.4218   5449045.7956
154341  135.0000  60.0000    1000.0000   3759281.5012   1572274.4218   5449045.7956
154841  135.0000  60.0000    1000.0000   3759281.5012   1572274.4218   5449045.7956
155341  135.0000  60.0000    1000.0000   3759281.5012   1572274.4218   5449045.7956
155841  135.0000  60.0000    1000.0000   3759281.5012   1572274.4218   5449045.7956
160341  135.0000  60.0000    1000.0000   3759281.5012   1572274.4218   5449045.7956
160841  135.0000  60.0000    1000.0000   3759281.5012   1572274.4218   5449045.7956
161341  135.0000  60.0000    1000.0000   3759281.5012   1572274.4218   5449045.7956
161841  135.0000  60.0000    1000.0000   3759281.5012   1572274.4218   5449045.7956
162341  135.0000  60.0000    1000.0000   3759281.5012   1572274.4218   5449045.7956
162841  135.0000  60.0000    1000.0000   3759281.5012   1572274.4218   5449045.7956
163341  135.0000  60.0000    1000.0000   3759281.5012   1572274.4218   5449045.7956
163841  135.0000  60.0000    1000.0000   3759281.5012   1572274.4218   5449045.7956
164341  135.0000  60.0000    1000.0000   3759281.5012   1572274.4218   5449045.7956
164841  135.0000  60.0000    1000.0000   3759281.5012   1572274.4218   5449045.7956
165341  135.0000  60.0000    1000.0000   3759281.5012   1572274.4218   5449045.7956
165841  135.0000  60.0000    1000.0000   3759281.5012   1572274.4218   5449045.7956
170341  135.0000  60.0000    1000.0000   3759281.5012   1572274.4218   5449045.7956
170841  135.0000  60.0000    1000.0000   3759281.5012   1572274.4218   5449045.7956
