X3116110 R_PNT     RP_TEST 1808 0000000  135 60.0 2025 161 102527 300 100   0   0 1     -1
102527  135.0000  60.0000    1000.0000   4917881.6514   1730120.7617   5040489.1952
102707  135.0000  60.0000    1000.0000   4917881.6514   1730120.7617   5040489.1952
102847  135.0000  60.0000    1000.0000   4917881.6514   1730120.7617   5040489.1952
103027  135.0000  60.0000    1000.0000   4917881.6514   1730120.7617   5040489.1952
103207  135.0000  60.0000    1000.0000   4917881.6514   1730120.7617   5040489.1952
103347  135.0000  60.0000    1000.0000   4917881.6514   1730120.7617   5040489.1952
103527  135.0000  60.0000    1000.0000   4917881.6514   1730120.7617   5040489.1952
103707  135.0000  60.0000    1000.0000   4917881.6514   1730120.7617   5040489.1952
103847  135.0000  60.0000    1000.0000   4917881.6514   1730120.7617   5040489.1952
104027  135.0000  60.0000    1000.0000   4917881.6514   1730120.7617   5040489.1952
104207  135.0000  60.0000    1000.0000   4917881.6514   1730120.7617   5040489.1952
104347  135.0000  60.0000    1000.0000   4917881.6514   1730120.7617   5040489.1952
104527  135.0000  60.0000    1000.0000   4917881.6514   1730120.7617   5040489.1952
104707  135.0000  60.0000    1000.0000   4917881.6514   1730120.7617   5040489.1952
104847  135.0000  60.0000    1000.0000   4917881.6514   1730120.7617   5040489.1952
105027  135.0000  60.0000    1000.0000   4917881.6514   1730120.7617   5040489.1952
105207  135.0000  60.0000    1000.0000   4917881.6514   1730120.7617   5040489.1952
105347  135.0000  60.0000    1000.0000   4917881.6514   1730120.7617   5040489.1952
105527  135.0000  60.0000    1000.0000   4917881.6514   1730120.7617   5040489.1952
105707  135.0000  60.0000    1000.0000   4917881.6514   1730120.7617   5040489.1952
105847  135.0000  60.0000    1000.0000   4917881.6514   1730120.7617   5040489.1952
110027  135.0000  60.0000    1000.0000   4917881.6514   1730120.7617   5040489.1952
110207  135.0000  60.0000    1000.0000   4917881.6514   1730120.7617   5040489.1952
110347  135.0000  60.0000    1000.0000   4917881.6514   1730120.7617   5040489.1952
110527  135.0000  60.0000    1000.0000   4917881.6514   1730120.7617   5040489.1952
110707  135.0000  60.0000    1000.0000   4917881.6514   1730120.7617   5040489.1952
110847  135.0000  60.0000    1000.0000   4917881.6514   1730120.7617   5040489.1952
111027  135.0000  60.0000    1000.0000   4917881.6514   1730120.7617   5040489.1952
111207  135.0000  60.0000    1000.0000   4917881.6514   1730120.7617   5040489.1952
111347  135.0000  60.0000    1000.0000   4917881.6514   1730120.7617   5040489.1952
111527  135.0000  60.0000    1000.0000   4917881.6514   1730120.7617   5040489.1952
111707  135.0000  60.0000    1000.0000   4917881.6514   1730120.7617   5040489.1952
111847  135.0000  60.0000    1000.0000   4917881.6514   1730120.7617   5040489.1952
112027  135.0000  60.0000    1000.0000   4917881.6514   1730120.7617   5040489.1952
112207  135.0000  60.0000    1000.0000   4917881.6514   1730120.7617   5040489.1952
112347  135.0000  60.0000    1000.0000   4917881.6514   1730120.7617   5040489.1952
112527  135.0000  60.0000    1000.0000   4917881.6514   1730120.7617   5040489.1952
112707  135.0000  60.0000    1000.0000   4917881.6514   1730120.7617   5040489.1952
112847  135.0000  60.0000    1000.0000   4917881.6514   1730120.7617   5040489.1952
113027  135.0000  60.0000    1000.0000   4917881.6514   1730120.7617   5040489.1952
113207  135.0000  60.0000    1000.0000   4917881.6514   1730120.7617   5040489.1952
113347  135.0000  60.0000    1000.0000   4917881.6514   1730120.7617   5040489.1952
113527  135.0000  60.0000    1000.0000   4917881.6514   1730120.7617   5040489.1952
113707  135.0000  60.0000    1000.0000   4917881.6514   1730120.7617   5040489.1952
113847  135.0000  60.0000    1000.0000   4917881.6514   1730120.7617   5040489.1952
114027  135.0000  60.0000    1000.0000   4917881.6514   1730120.7617   5040489.1952
114207  135.0000  60.0000    1000.0000   4917881.6514   1730120.7617   5040489.1952
114347  135.0000  60.0000    1000.0000   4917881.6514   1730120.7617   5040489.1952
114527  135.0000  60.0000    1000.0000   4917881.6514   1730120.7617   5040489.1952
114707  135.0000  60.0000    1000.0000   4917881.6514   1730120.7617   5040489.1952
114847  135.0000  60.0000    1000.0000   4917881.6514   1730120.7617   5040489.1952
115027  135.0000  60.0000    1000.0000   4917881.6514   1730120.7617   5040489.1952
115207  135.0000  60.0000    1000.0000   4917881.6514   1730120.7617   5040489.1952
115347  135.0000  60.0000    1000.0000   4917881.6514   1730120.7617   5040489.1952
115527  135.0000  60.0000    1000.0000   4917881.6514   1730120.7617   5040489.1952
115707  135.0000  60.0000    1000.0000   4917881.6514   1730120.7617   5040489.1952
115847  135.0000  60.0000    1000.0000   4917881.6514   1730120.7617   5040489.1952
120027  135.0000  60.0000    1000.0000   4917881.6514   1730120.7617   5040489.1952
120207  135.0000  60.0000    1000.0000   4917881.6514   1730120.7617   5040489.1952
120347  135.0000  60.0000    1000.0000   4917881.6514   1730120.7617   5040489.1952
120527  135.0000  60.0000    1000.0000   4917881.6514   1730120.7617   5040489.1952
120707  135.0000  60.0000    1000.0000   4917881.6514   1730120.7617   5040489.1952
120847  135.0000  60.0000    1000.0000   4917881.6514   1730120.7617   5040489.1952
121027  135.0000  60.0000    1000.0000   4917881.6514   1730120.7617   5040489.1952
121207  135.0000  60.0000    1000.0000   4917881.6514   1730120.7617   5040489.1952
121347  135.0000  60.0000    1000.0000   4917881.6514   1730120.7617   5040489.1952
121527  135.0000  60.0000    1000.0000   4917881.6514   1730120.7617   5040489.1952
121707  135.0000  60.0000    1000.0000   4917881.6514   1730120.7617   5040489.1952
121847  135.0000  60.0000    1000.0000   4917881.6514   1730120.7617   5040489.1952
122027  135.0000  60.0000    1000.0000   4917881.6514   1730120.7617   5040489.1952
122207  135.0000  60.0000    1000.0000   4917881.6514   1730120.7617   5040489.1952
122347  135.0000  60.0000    1000.0000   4917881.6514   1730120.7617   5040489.1952
122527  135.0000  60.0000    1000.0000   4917881.6514   1730120.7617   5040489.1952
122707  135.0000  60.0000    1000.0000   4917881.6514   1730120.7617   5040489.1952
122847  135.0000  60.0000    1000.0000   4917881.6514   1730120.7617   5040489.1952
123027  135.0000  60.0000    1000.0000   4917881.6514   1730120.7617   5040489.1952
123207  135.0000  60.0000    1000.0000   4917881.6514   1730120.7617   5040489.1952
123347  135.0000  60.0000    1000.0000   4917881.6514   1730120.7617   5040489.1952
123527  135.0000  60.0000    1000.0000   4917881.6514   1730120.7617   5040489.1952
123707  135.0000  60.0000    1000.0000   4917881.6514   1730120.7617   5040489.1952
123847  135.0000  60.0000    1000.0000   4917881.6514   1730120.7617   5040489.1952
124027  135.0000  60.0000    1000.0000   4917881.6514   1730120.7617   5040489.1952
124207  135.0000  60.0000    1000.0000   4917881.6514   1730120.7617   5040489.1952
124347  135.0000  60.0000    1000.0000   4917881.6514   1730120.7617   5040489.1952
124527  135.0000  60.0000    1000.0000   4917881.6514   1730120.7617   5040489.1952
124707  135.0000  60.0000    1000.0000   4917881.6514   1730120.7617   5040489.1952
124847  135.0000  60.0000    1000.0000   4917881.6514   1730120.7617   5040489.1952
125027  135.0000  60.0000    1000.0000   4917881.6514   1730120.7617   5040489.1952
125207  135.0000  60.0000    1000.0000   4917881.6514   1730120.7617   5040489.1952
125347  135.0000  60.0000    1000.0000   4917881.6514   1730120.7617   5040489.1952
125527  135.0000  60.0000    1000.0000   4917881.6514   1730120.7617   5040489.1952
125707  135.0000  60.0000    1000.0000   4917881.6514   1730120.7617   5040489.1952
125847  135.0000  60.0000    1000.0000   4917881.6514   1730120.7617   5040489.1952
130027  135.0000  60.0000    1000.0000   4917881.6514   1730120.7617   5040489.1952
130207  135.0000  60.0000    1000.0000   4917881.6514   1730120.7617   5040489.1952
130347  135.0000  60.0000    1000.0000   4917881.6514   1730120.7617   5040489.1952
130527  135.0000  60.0000    1000.0000   4917881.6514   1730120.7617   5040489.1952
130707  135.0000  60.0000    1000.0000   4917881.6514   1730120.7617   5040489.1952
130847  135.0000  60.0000    1000.0000   4917881.6514   1730120.7617   5040489.1952
131027  135.0000  60.0000    1000.0000   4917881.6514   1730120.7617   5040489.1952
