X3112711 R_PNT     RP_TEST 1808 0000000  135 60.0 2025 127 115550 300 100   0   0 1     -1
115550  135.0000  60.0000    1000.0000   4917881.6514   1730120.7617   5040489.1952
120050  135.0000  60.0000    1000.0000   4917881.6514   1730120.7617   5040489.1952
120550  135.0000  60.0000    1000.0000   4917881.6514   1730120.7617   5040489.1952
121050  135.0000  60.0000    1000.0000   4917881.6514   1730120.7617   5040489.1952
121550  135.0000  60.0000    1000.0000   4917881.6514   1730120.7617   5040489.1952
122050  135.0000  60.0000    1000.0000   4917881.6514   1730120.7617   5040489.1952
122550  135.0000  60.0000    1000.0000   4917881.6514   1730120.7617   5040489.1952
123050  135.0000  60.0000    1000.0000   4917881.6514   1730120.7617   5040489.1952
123550  135.0000  60.0000    1000.0000   4917881.6514   1730120.7617   5040489.1952
124050  135.0000  60.0000    1000.0000   4917881.6514   1730120.7617   5040489.1952
124550  135.0000  60.0000    1000.0000   4917881.6514   1730120.7617   5040489.1952
125050  135.0000  60.0000    1000.0000   4917881.6514   1730120.7617   5040489.1952
125550  135.0000  60.0000    1000.0000   4917881.6514   1730120.7617   5040489.1952
130050  135.0000  60.0000    1000.0000   4917881.6514   1730120.7617   5040489.1952
130550  135.0000  60.0000    1000.0000   4917881.6514   1730120.7617   5040489.1952
131050  135.0000  60.0000    1000.0000   4917881.6514   1730120.7617   5040489.1952
131550  135.0000  60.0000    1000.0000   4917881.6514   1730120.7617   5040489.1952
132050  135.0000  60.0000    1000.0000   4917881.6514   1730120.7617   5040489.1952
132550  135.0000  60.0000    1000.0000   4917881.6514   1730120.7617   5040489.1952
133050  135.0000  60.0000    1000.0000   4917881.6514   1730120.7617   5040489.1952
133550  135.0000  60.0000    1000.0000   4917881.6514   1730120.7617   5040489.1952
134050  135.0000  60.0000    1000.0000   4917881.6514   1730120.7617   5040489.1952
134550  135.0000  60.0000    1000.0000   4917881.6514   1730120.7617   5040489.1952
135050  135.0000  60.0000    1000.0000   4917881.6514   1730120.7617   5040489.1952
135550  135.0000  60.0000    1000.0000   4917881.6514   1730120.7617   5040489.1952
140050  135.0000  60.0000    1000.0000   4917881.6514   1730120.7617   5040489.1952
140550  135.0000  60.0000    1000.0000   4917881.6514   1730120.7617   5040489.1952
141050  135.0000  60.0000    1000.0000   4917881.6514   1730120.7617   5040489.1952
141550  135.0000  60.0000    1000.0000   4917881.6514   1730120.7617   5040489.1952
142050  135.0000  60.0000    1000.0000   4917881.6514   1730120.7617   5040489.1952
142550  135.0000  60.0000    1000.0000   4917881.6514   1730120.7617   5040489.1952
143050  135.0000  60.0000    1000.0000   4917881.6514   1730120.7617   5040489.1952
143550  135.0000  60.0000    1000.0000   4917881.6514   1730120.7617   5040489.1952
144050  135.0000  60.0000    1000.0000   4917881.6514   1730120.7617   5040489.1952
144550  135.0000  60.0000    1000.0000   4917881.6514   1730120.7617   5040489.1952
145050  135.0000  60.0000    1000.0000   4917881.6514   1730120.7617   5040489.1952
145550  135.0000  60.0000    1000.0000   4917881.6514   1730120.7617   5040489.1952
150050  135.0000  60.0000    1000.0000   4917881.6514   1730120.7617   5040489.1952
150550  135.0000  60.0000    1000.0000   4917881.6514   1730120.7617   5040489.1952
151050  135.0000  60.0000    1000.0000   4917881.6514   1730120.7617   5040489.1952
151550  135.0000  60.0000    1000.0000   4917881.6514   1730120.7617   5040489.1952
152050  135.0000  60.0000    1000.0000   4917881.6514   1730120.7617   5040489.1952
152550  135.0000  60.0000    1000.0000   4917881.6514   1730120.7617   5040489.1952
153050  135.0000  60.0000    1000.0000   4917881.6514   1730120.7617   5040489.1952
153550  135.0000  60.0000    1000.0000   4917881.6514   1730120.7617   5040489.1952
154050  135.0000  60.0000    1000.0000   4917881.6514   1730120.7617   5040489.1952
154550  135.0000  60.0000    1000.0000   4917881.6514   1730120.7617   5040489.1952
155050  135.0000  60.0000    1000.0000   4917881.6514   1730120.7617   5040489.1952
155550  135.0000  60.0000    1000.0000   4917881.6514   1730120.7617   5040489.1952
160050  135.0000  60.0000    1000.0000   4917881.6514   1730120.7617   5040489.1952
160550  135.0000  60.0000    1000.0000   4917881.6514   1730120.7617   5040489.1952
161050  135.0000  60.0000    1000.0000   4917881.6514   1730120.7617   5040489.1952
161550  135.0000  60.0000    1000.0000   4917881.6514   1730120.7617   5040489.1952
162050  135.0000  60.0000    1000.0000   4917881.6514   1730120.7617   5040489.1952
162550  135.0000  60.0000    1000.0000   4917881.6514   1730120.7617   5040489.1952
163050  135.0000  60.0000    1000.0000   4917881.6514   1730120.7617   5040489.1952
163550  135.0000  60.0000    1000.0000   4917881.6514   1730120.7617   5040489.1952
164050  135.0000  60.0000    1000.0000   4917881.6514   1730120.7617   5040489.1952
164550  135.0000  60.0000    1000.0000   4917881.6514   1730120.7617   5040489.1952
165050  135.0000  60.0000    1000.0000   4917881.6514   1730120.7617   5040489.1952
165550  135.0000  60.0000    1000.0000   4917881.6514   1730120.7617   5040489.1952
170050  135.0000  60.0000    1000.0000   4917881.6514   1730120.7617   5040489.1952
170550  135.0000  60.0000    1000.0000   4917881.6514   1730120.7617   5040489.1952
171050  135.0000  60.0000    1000.0000   4917881.6514   1730120.7617   5040489.1952
171550  135.0000  60.0000    1000.0000   4917881.6514   1730120.7617   5040489.1952
172050  135.0000  60.0000    1000.0000   4917881.6514   1730120.7617   5040489.1952
172550  135.0000  60.0000    1000.0000   4917881.6514   1730120.7617   5040489.1952
173050  135.0000  60.0000    1000.0000   4917881.6514   1730120.7617   5040489.1952
173550  135.0000  60.0000    1000.0000   4917881.6514   1730120.7617   5040489.1952
174050  135.0000  60.0000    1000.0000   4917881.6514   1730120.7617   5040489.1952
174550  135.0000  60.0000    1000.0000   4917881.6514   1730120.7617   5040489.1952
175050  135.0000  60.0000    1000.0000   4917881.6514   1730120.7617   5040489.1952
175550  135.0000  60.0000    1000.0000   4917881.6514   1730120.7617   5040489.1952
180050  135.0000  60.0000    1000.0000   4917881.6514   1730120.7617   5040489.1952
180550  135.0000  60.0000    1000.0000   4917881.6514   1730120.7617   5040489.1952
181050  135.0000  60.0000    1000.0000   4917881.6514   1730120.7617   5040489.1952
181550  135.0000  60.0000    1000.0000   4917881.6514   1730120.7617   5040489.1952
182050  135.0000  60.0000    1000.0000   4917881.6514   1730120.7617   5040489.1952
182550  135.0000  60.0000    1000.0000   4917881.6514   1730120.7617   5040489.1952
183050  135.0000  60.0000    1000.0000   4917881.6514   1730120.7617   5040489.1952
183550  135.0000  60.0000    1000.0000   4917881.6514   1730120.7617   5040489.1952
184050  135.0000  60.0000    1000.0000   4917881.6514   1730120.7617   5040489.1952
184550  135.0000  60.0000    1000.0000   4917881.6514   1730120.7617   5040489.1952
185050  135.0000  60.0000    1000.0000   4917881.6514   1730120.7617   5040489.1952
185550  135.0000  60.0000    1000.0000   4917881.6514   1730120.7617   5040489.1952
190050  135.0000  60.0000    1000.0000   4917881.6514   1730120.7617   5040489.1952
190550  135.0000  60.0000    1000.0000   4917881.6514   1730120.7617   5040489.1952
191050  135.0000  60.0000    1000.0000   4917881.6514   1730120.7617   5040489.1952
191550  135.0000  60.0000    1000.0000   4917881.6514   1730120.7617   5040489.1952
192050  135.0000  60.0000    1000.0000   4917881.6514   1730120.7617   5040489.1952
192550  135.0000  60.0000    1000.0000   4917881.6514   1730120.7617   5040489.1952
193050  135.0000  60.0000    1000.0000   4917881.6514   1730120.7617   5040489.1952
193550  135.0000  60.0000    1000.0000   4917881.6514   1730120.7617   5040489.1952
194050  135.0000  60.0000    1000.0000   4917881.6514   1730120.7617   5040489.1952
194550  135.0000  60.0000    1000.0000   4917881.6514   1730120.7617   5040489.1952
195050  135.0000  60.0000    1000.0000   4917881.6514   1730120.7617   5040489.1952
195550  135.0000  60.0000    1000.0000   4917881.6514   1730120.7617   5040489.1952
200050  135.0000  60.0000    1000.0000   4917881.6514   1730120.7617   5040489.1952
200550  135.0000  60.0000    1000.0000   4917881.6514   1730120.7617   5040489.1952
201050  135.0000  60.0000    1000.0000   4917881.6514   1730120.7617   5040489.1952
