X3212711 R_PNT     RP_TEST 1808 0000000  135 75.0 2025 127 115550 300 100   0   0 1     -1
115550  135.0000  75.0000    1000.0000   4908686.6488   1550600.3856   5229793.8014
120050  135.0000  75.0000    1000.0000   4908686.6488   1550600.3856   5229793.8014
120550  135.0000  75.0000    1000.0000   4908686.6488   1550600.3856   5229793.8014
121050  135.0000  75.0000    1000.0000   4908686.6488   1550600.3856   5229793.8014
121550  135.0000  75.0000    1000.0000   4908686.6488   1550600.3856   5229793.8014
122050  135.0000  75.0000    1000.0000   4908686.6488   1550600.3856   5229793.8014
122550  135.0000  75.0000    1000.0000   4908686.6488   1550600.3856   5229793.8014
123050  135.0000  75.0000    1000.0000   4908686.6488   1550600.3856   5229793.8014
123550  135.0000  75.0000    1000.0000   4908686.6488   1550600.3856   5229793.8014
124050  135.0000  75.0000    1000.0000   4908686.6488   1550600.3856   5229793.8014
124550  135.0000  75.0000    1000.0000   4908686.6488   1550600.3856   5229793.8014
125050  135.0000  75.0000    1000.0000   4908686.6488   1550600.3856   5229793.8014
125550  135.0000  75.0000    1000.0000   4908686.6488   1550600.3856   5229793.8014
130050  135.0000  75.0000    1000.0000   4908686.6488   1550600.3856   5229793.8014
130550  135.0000  75.0000    1000.0000   4908686.6488   1550600.3856   5229793.8014
131050  135.0000  75.0000    1000.0000   4908686.6488   1550600.3856   5229793.8014
131550  135.0000  75.0000    1000.0000   4908686.6488   1550600.3856   5229793.8014
132050  135.0000  75.0000    1000.0000   4908686.6488   1550600.3856   5229793.8014
132550  135.0000  75.0000    1000.0000   4908686.6488   1550600.3856   5229793.8014
133050  135.0000  75.0000    1000.0000   4908686.6488   1550600.3856   5229793.8014
133550  135.0000  75.0000    1000.0000   4908686.6488   1550600.3856   5229793.8014
134050  135.0000  75.0000    1000.0000   4908686.6488   1550600.3856   5229793.8014
134550  135.0000  75.0000    1000.0000   4908686.6488   1550600.3856   5229793.8014
135050  135.0000  75.0000    1000.0000   4908686.6488   1550600.3856   5229793.8014
135550  135.0000  75.0000    1000.0000   4908686.6488   1550600.3856   5229793.8014
140050  135.0000  75.0000    1000.0000   4908686.6488   1550600.3856   5229793.8014
140550  135.0000  75.0000    1000.0000   4908686.6488   1550600.3856   5229793.8014
141050  135.0000  75.0000    1000.0000   4908686.6488   1550600.3856   5229793.8014
141550  135.0000  75.0000    1000.0000   4908686.6488   1550600.3856   5229793.8014
142050  135.0000  75.0000    1000.0000   4908686.6488   1550600.3856   5229793.8014
142550  135.0000  75.0000    1000.0000   4908686.6488   1550600.3856   5229793.8014
143050  135.0000  75.0000    1000.0000   4908686.6488   1550600.3856   5229793.8014
143550  135.0000  75.0000    1000.0000   4908686.6488   1550600.3856   5229793.8014
144050  135.0000  75.0000    1000.0000   4908686.6488   1550600.3856   5229793.8014
144550  135.0000  75.0000    1000.0000   4908686.6488   1550600.3856   5229793.8014
145050  135.0000  75.0000    1000.0000   4908686.6488   1550600.3856   5229793.8014
145550  135.0000  75.0000    1000.0000   4908686.6488   1550600.3856   5229793.8014
150050  135.0000  75.0000    1000.0000   4908686.6488   1550600.3856   5229793.8014
150550  135.0000  75.0000    1000.0000   4908686.6488   1550600.3856   5229793.8014
151050  135.0000  75.0000    1000.0000   4908686.6488   1550600.3856   5229793.8014
151550  135.0000  75.0000    1000.0000   4908686.6488   1550600.3856   5229793.8014
152050  135.0000  75.0000    1000.0000   4908686.6488   1550600.3856   5229793.8014
152550  135.0000  75.0000    1000.0000   4908686.6488   1550600.3856   5229793.8014
153050  135.0000  75.0000    1000.0000   4908686.6488   1550600.3856   5229793.8014
153550  135.0000  75.0000    1000.0000   4908686.6488   1550600.3856   5229793.8014
154050  135.0000  75.0000    1000.0000   4908686.6488   1550600.3856   5229793.8014
154550  135.0000  75.0000    1000.0000   4908686.6488   1550600.3856   5229793.8014
155050  135.0000  75.0000    1000.0000   4908686.6488   1550600.3856   5229793.8014
155550  135.0000  75.0000    1000.0000   4908686.6488   1550600.3856   5229793.8014
160050  135.0000  75.0000    1000.0000   4908686.6488   1550600.3856   5229793.8014
160550  135.0000  75.0000    1000.0000   4908686.6488   1550600.3856   5229793.8014
161050  135.0000  75.0000    1000.0000   4908686.6488   1550600.3856   5229793.8014
161550  135.0000  75.0000    1000.0000   4908686.6488   1550600.3856   5229793.8014
162050  135.0000  75.0000    1000.0000   4908686.6488   1550600.3856   5229793.8014
162550  135.0000  75.0000    1000.0000   4908686.6488   1550600.3856   5229793.8014
163050  135.0000  75.0000    1000.0000   4908686.6488   1550600.3856   5229793.8014
163550  135.0000  75.0000    1000.0000   4908686.6488   1550600.3856   5229793.8014
164050  135.0000  75.0000    1000.0000   4908686.6488   1550600.3856   5229793.8014
164550  135.0000  75.0000    1000.0000   4908686.6488   1550600.3856   5229793.8014
165050  135.0000  75.0000    1000.0000   4908686.6488   1550600.3856   5229793.8014
165550  135.0000  75.0000    1000.0000   4908686.6488   1550600.3856   5229793.8014
170050  135.0000  75.0000    1000.0000   4908686.6488   1550600.3856   5229793.8014
170550  135.0000  75.0000    1000.0000   4908686.6488   1550600.3856   5229793.8014
171050  135.0000  75.0000    1000.0000   4908686.6488   1550600.3856   5229793.8014
171550  135.0000  75.0000    1000.0000   4908686.6488   1550600.3856   5229793.8014
172050  135.0000  75.0000    1000.0000   4908686.6488   1550600.3856   5229793.8014
172550  135.0000  75.0000    1000.0000   4908686.6488   1550600.3856   5229793.8014
173050  135.0000  75.0000    1000.0000   4908686.6488   1550600.3856   5229793.8014
173550  135.0000  75.0000    1000.0000   4908686.6488   1550600.3856   5229793.8014
174050  135.0000  75.0000    1000.0000   4908686.6488   1550600.3856   5229793.8014
174550  135.0000  75.0000    1000.0000   4908686.6488   1550600.3856   5229793.8014
175050  135.0000  75.0000    1000.0000   4908686.6488   1550600.3856   5229793.8014
175550  135.0000  75.0000    1000.0000   4908686.6488   1550600.3856   5229793.8014
180050  135.0000  75.0000    1000.0000   4908686.6488   1550600.3856   5229793.8014
180550  135.0000  75.0000    1000.0000   4908686.6488   1550600.3856   5229793.8014
181050  135.0000  75.0000    1000.0000   4908686.6488   1550600.3856   5229793.8014
181550  135.0000  75.0000    1000.0000   4908686.6488   1550600.3856   5229793.8014
182050  135.0000  75.0000    1000.0000   4908686.6488   1550600.3856   5229793.8014
182550  135.0000  75.0000    1000.0000   4908686.6488   1550600.3856   5229793.8014
183050  135.0000  75.0000    1000.0000   4908686.6488   1550600.3856   5229793.8014
183550  135.0000  75.0000    1000.0000   4908686.6488   1550600.3856   5229793.8014
184050  135.0000  75.0000    1000.0000   4908686.6488   1550600.3856   5229793.8014
184550  135.0000  75.0000    1000.0000   4908686.6488   1550600.3856   5229793.8014
185050  135.0000  75.0000    1000.0000   4908686.6488   1550600.3856   5229793.8014
185550  135.0000  75.0000    1000.0000   4908686.6488   1550600.3856   5229793.8014
190050  135.0000  75.0000    1000.0000   4908686.6488   1550600.3856   5229793.8014
190550  135.0000  75.0000    1000.0000   4908686.6488   1550600.3856   5229793.8014
191050  135.0000  75.0000    1000.0000   4908686.6488   1550600.3856   5229793.8014
191550  135.0000  75.0000    1000.0000   4908686.6488   1550600.3856   5229793.8014
192050  135.0000  75.0000    1000.0000   4908686.6488   1550600.3856   5229793.8014
192550  135.0000  75.0000    1000.0000   4908686.6488   1550600.3856   5229793.8014
193050  135.0000  75.0000    1000.0000   4908686.6488   1550600.3856   5229793.8014
193550  135.0000  75.0000    1000.0000   4908686.6488   1550600.3856   5229793.8014
194050  135.0000  75.0000    1000.0000   4908686.6488   1550600.3856   5229793.8014
194550  135.0000  75.0000    1000.0000   4908686.6488   1550600.3856   5229793.8014
195050  135.0000  75.0000    1000.0000   4908686.6488   1550600.3856   5229793.8014
195550  135.0000  75.0000    1000.0000   4908686.6488   1550600.3856   5229793.8014
200050  135.0000  75.0000    1000.0000   4908686.6488   1550600.3856   5229793.8014
200550  135.0000  75.0000    1000.0000   4908686.6488   1550600.3856   5229793.8014
201050  135.0000  75.0000    1000.0000   4908686.6488   1550600.3856   5229793.8014
