X3212708 R_PNT     RP_TEST 1808 0000000  135 75.0 2025 127 085341 300 100   0   0 1     -1
085341  135.0000  75.0000    1000.0000   3969180.8298   1727291.3970   5441276.8396
085841  135.0000  75.0000    1000.0000   3969180.8298   1727291.3970   5441276.8396
090341  135.0000  75.0000    1000.0000   3969180.8298   1727291.3970   5441276.8396
090841  135.0000  75.0000    1000.0000   3969180.8298   1727291.3970   5441276.8396
091341  135.0000  75.0000    1000.0000   3969180.8298   1727291.3970   5441276.8396
091841  135.0000  75.0000    1000.0000   3969180.8298   1727291.3970   5441276.8396
092341  135.0000  75.0000    1000.0000   3969180.8298   1727291.3970   5441276.8396
092841  135.0000  75.0000    1000.0000   3969180.8298   1727291.3970   5441276.8396
093341  135.0000  75.0000    1000.0000   3969180.8298   1727291.3970   5441276.8396
093841  135.0000  75.0000    1000.0000   3969180.8298   1727291.3970   5441276.8396
094341  135.0000  75.0000    1000.0000   3969180.8298   1727291.3970   5441276.8396
094841  135.0000  75.0000    1000.0000   3969180.8298   1727291.3970   5441276.8396
095341  135.0000  75.0000    1000.0000   3969180.8298   1727291.3970   5441276.8396
095841  135.0000  75.0000    1000.0000   3969180.8298   1727291.3970   5441276.8396
100341  135.0000  75.0000    1000.0000   3969180.8298   1727291.3970   5441276.8396
100841  135.0000  75.0000    1000.0000   3969180.8298   1727291.3970   5441276.8396
101341  135.0000  75.0000    1000.0000   3969180.8298   1727291.3970   5441276.8396
101841  135.0000  75.0000    1000.0000   3969180.8298   1727291.3970   5441276.8396
102341  135.0000  75.0000    1000.0000   3969180.8298   1727291.3970   5441276.8396
102841  135.0000  75.0000    1000.0000   3969180.8298   1727291.3970   5441276.8396
103341  135.0000  75.0000    1000.0000   3969180.8298   1727291.3970   5441276.8396
103841  135.0000  75.0000    1000.0000   3969180.8298   1727291.3970   5441276.8396
104341  135.0000  75.0000    1000.0000   3969180.8298   1727291.3970   5441276.8396
104841  135.0000  75.0000    1000.0000   3969180.8298   1727291.3970   5441276.8396
105341  135.0000  75.0000    1000.0000   3969180.8298   1727291.3970   5441276.8396
105841  135.0000  75.0000    1000.0000   3969180.8298   1727291.3970   5441276.8396
110341  135.0000  75.0000    1000.0000   3969180.8298   1727291.3970   5441276.8396
110841  135.0000  75.0000    1000.0000   3969180.8298   1727291.3970   5441276.8396
111341  135.0000  75.0000    1000.0000   3969180.8298   1727291.3970   5441276.8396
111841  135.0000  75.0000    1000.0000   3969180.8298   1727291.3970   5441276.8396
112341  135.0000  75.0000    1000.0000   3969180.8298   1727291.3970   5441276.8396
112841  135.0000  75.0000    1000.0000   3969180.8298   1727291.3970   5441276.8396
113341  135.0000  75.0000    1000.0000   3969180.8298   1727291.3970   5441276.8396
113841  135.0000  75.0000    1000.0000   3969180.8298   1727291.3970   5441276.8396
114341  135.0000  75.0000    1000.0000   3969180.8298   1727291.3970   5441276.8396
114841  135.0000  75.0000    1000.0000   3969180.8298   1727291.3970   5441276.8396
115341  135.0000  75.0000    1000.0000   3969180.8298   1727291.3970   5441276.8396
115841  135.0000  75.0000    1000.0000   3969180.8298   1727291.3970   5441276.8396
120341  135.0000  75.0000    1000.0000   3969180.8298   1727291.3970   5441276.8396
120841  135.0000  75.0000    1000.0000   3969180.8298   1727291.3970   5441276.8396
121341  135.0000  75.0000    1000.0000   3969180.8298   1727291.3970   5441276.8396
121841  135.0000  75.0000    1000.0000   3969180.8298   1727291.3970   5441276.8396
122341  135.0000  75.0000    1000.0000   3969180.8298   1727291.3970   5441276.8396
122841  135.0000  75.0000    1000.0000   3969180.8298   1727291.3970   5441276.8396
123341  135.0000  75.0000    1000.0000   3969180.8298   1727291.3970   5441276.8396
123841  135.0000  75.0000    1000.0000   3969180.8298   1727291.3970   5441276.8396
124341  135.0000  75.0000    1000.0000   3969180.8298   1727291.3970   5441276.8396
124841  135.0000  75.0000    1000.0000   3969180.8298   1727291.3970   5441276.8396
125341  135.0000  75.0000    1000.0000   3969180.8298   1727291.3970   5441276.8396
125841  135.0000  75.0000    1000.0000   3969180.8298   1727291.3970   5441276.8396
130341  135.0000  75.0000    1000.0000   3969180.8298   1727291.3970   5441276.8396
130841  135.0000  75.0000    1000.0000   3969180.8298   1727291.3970   5441276.8396
131341  135.0000  75.0000    1000.0000   3969180.8298   1727291.3970   5441276.8396
131841  135.0000  75.0000    1000.0000   3969180.8298   1727291.3970   5441276.8396
132341  135.0000  75.0000    1000.0000   3969180.8298   1727291.3970   5441276.8396
132841  135.0000  75.0000    1000.0000   3969180.8298   1727291.3970   5441276.8396
133341  135.0000  75.0000    1000.0000   3969180.8298   1727291.3970   5441276.8396
133841  135.0000  75.0000    1000.0000   3969180.8298   1727291.3970   5441276.8396
134341  135.0000  75.0000    1000.0000   3969180.8298   1727291.3970   5441276.8396
134841  135.0000  75.0000    1000.0000   3969180.8298   1727291.3970   5441276.8396
135341  135.0000  75.0000    1000.0000   3969180.8298   1727291.3970   5441276.8396
135841  135.0000  75.0000    1000.0000   3969180.8298   1727291.3970   5441276.8396
140341  135.0000  75.0000    1000.0000   3969180.8298   1727291.3970   5441276.8396
140841  135.0000  75.0000    1000.0000   3969180.8298   1727291.3970   5441276.8396
141341  135.0000  75.0000    1000.0000   3969180.8298   1727291.3970   5441276.8396
141841  135.0000  75.0000    1000.0000   3969180.8298   1727291.3970   5441276.8396
142341  135.0000  75.0000    1000.0000   3969180.8298   1727291.3970   5441276.8396
142841  135.0000  75.0000    1000.0000   3969180.8298   1727291.3970   5441276.8396
143341  135.0000  75.0000    1000.0000   3969180.8298   1727291.3970   5441276.8396
143841  135.0000  75.0000    1000.0000   3969180.8298   1727291.3970   5441276.8396
144341  135.0000  75.0000    1000.0000   3969180.8298   1727291.3970   5441276.8396
144841  135.0000  75.0000    1000.0000   3969180.8298   1727291.3970   5441276.8396
145341  135.0000  75.0000    1000.0000   3969180.8298   1727291.3970   5441276.8396
145841  135.0000  75.0000    1000.0000   3969180.8298   1727291.3970   5441276.8396
150341  135.0000  75.0000    1000.0000   3969180.8298   1727291.3970   5441276.8396
150841  135.0000  75.0000    1000.0000   3969180.8298   1727291.3970   5441276.8396
151341  135.0000  75.0000    1000.0000   3969180.8298   1727291.3970   5441276.8396
151841  135.0000  75.0000    1000.0000   3969180.8298   1727291.3970   5441276.8396
152341  135.0000  75.0000    1000.0000   3969180.8298   1727291.3970   5441276.8396
152841  135.0000  75.0000    1000.0000   3969180.8298   1727291.3970   5441276.8396
153341  135.0000  75.0000    1000.0000   3969180.8298   1727291.3970   5441276.8396
153841  135.0000  75.0000    1000.0000   3969180.8298   1727291.3970   5441276.8396
154341  135.0000  75.0000    1000.0000   3969180.8298   1727291.3970   5441276.8396
154841  135.0000  75.0000    1000.0000   3969180.8298   1727291.3970   5441276.8396
155341  135.0000  75.0000    1000.0000   3969180.8298   1727291.3970   5441276.8396
155841  135.0000  75.0000    1000.0000   3969180.8298   1727291.3970   5441276.8396
160341  135.0000  75.0000    1000.0000   3969180.8298   1727291.3970   5441276.8396
160841  135.0000  75.0000    1000.0000   3969180.8298   1727291.3970   5441276.8396
161341  135.0000  75.0000    1000.0000   3969180.8298   1727291.3970   5441276.8396
161841  135.0000  75.0000    1000.0000   3969180.8298   1727291.3970   5441276.8396
162341  135.0000  75.0000    1000.0000   3969180.8298   1727291.3970   5441276.8396
162841  135.0000  75.0000    1000.0000   3969180.8298   1727291.3970   5441276.8396
163341  135.0000  75.0000    1000.0000   3969180.8298   1727291.3970   5441276.8396
163841  135.0000  75.0000    1000.0000   3969180.8298   1727291.3970   5441276.8396
164341  135.0000  75.0000    1000.0000   3969180.8298   1727291.3970   5441276.8396
164841  135.0000  75.0000    1000.0000   3969180.8298   1727291.3970   5441276.8396
165341  135.0000  75.0000    1000.0000   3969180.8298   1727291.3970   5441276.8396
165841  135.0000  75.0000    1000.0000   3969180.8298   1727291.3970   5441276.8396
170341  135.0000  75.0000    1000.0000   3969180.8298   1727291.3970   5441276.8396
170841  135.0000  75.0000    1000.0000   3969180.8298   1727291.3970   5441276.8396
