X3216110 R_PNT     RP_TEST 1808 0000000  135 75.0 2025 161 102527 300 100   0   0 1     -1
102527  135.0000  75.0000    1000.0000   4908686.6488   1550600.3856   5229793.8014
102707  135.0000  75.0000    1000.0000   4908686.6488   1550600.3856   5229793.8014
102847  135.0000  75.0000    1000.0000   4908686.6488   1550600.3856   5229793.8014
103027  135.0000  75.0000    1000.0000   4908686.6488   1550600.3856   5229793.8014
103207  135.0000  75.0000    1000.0000   4908686.6488   1550600.3856   5229793.8014
103347  135.0000  75.0000    1000.0000   4908686.6488   1550600.3856   5229793.8014
103527  135.0000  75.0000    1000.0000   4908686.6488   1550600.3856   5229793.8014
103707  135.0000  75.0000    1000.0000   4908686.6488   1550600.3856   5229793.8014
103847  135.0000  75.0000    1000.0000   4908686.6488   1550600.3856   5229793.8014
104027  135.0000  75.0000    1000.0000   4908686.6488   1550600.3856   5229793.8014
104207  135.0000  75.0000    1000.0000   4908686.6488   1550600.3856   5229793.8014
104347  135.0000  75.0000    1000.0000   4908686.6488   1550600.3856   5229793.8014
104527  135.0000  75.0000    1000.0000   4908686.6488   1550600.3856   5229793.8014
104707  135.0000  75.0000    1000.0000   4908686.6488   1550600.3856   5229793.8014
104847  135.0000  75.0000    1000.0000   4908686.6488   1550600.3856   5229793.8014
105027  135.0000  75.0000    1000.0000   4908686.6488   1550600.3856   5229793.8014
105207  135.0000  75.0000    1000.0000   4908686.6488   1550600.3856   5229793.8014
105347  135.0000  75.0000    1000.0000   4908686.6488   1550600.3856   5229793.8014
105527  135.0000  75.0000    1000.0000   4908686.6488   1550600.3856   5229793.8014
105707  135.0000  75.0000    1000.0000   4908686.6488   1550600.3856   5229793.8014
105847  135.0000  75.0000    1000.0000   4908686.6488   1550600.3856   5229793.8014
110027  135.0000  75.0000    1000.0000   4908686.6488   1550600.3856   5229793.8014
110207  135.0000  75.0000    1000.0000   4908686.6488   1550600.3856   5229793.8014
110347  135.0000  75.0000    1000.0000   4908686.6488   1550600.3856   5229793.8014
110527  135.0000  75.0000    1000.0000   4908686.6488   1550600.3856   5229793.8014
110707  135.0000  75.0000    1000.0000   4908686.6488   1550600.3856   5229793.8014
110847  135.0000  75.0000    1000.0000   4908686.6488   1550600.3856   5229793.8014
111027  135.0000  75.0000    1000.0000   4908686.6488   1550600.3856   5229793.8014
111207  135.0000  75.0000    1000.0000   4908686.6488   1550600.3856   5229793.8014
111347  135.0000  75.0000    1000.0000   4908686.6488   1550600.3856   5229793.8014
111527  135.0000  75.0000    1000.0000   4908686.6488   1550600.3856   5229793.8014
111707  135.0000  75.0000    1000.0000   4908686.6488   1550600.3856   5229793.8014
111847  135.0000  75.0000    1000.0000   4908686.6488   1550600.3856   5229793.8014
112027  135.0000  75.0000    1000.0000   4908686.6488   1550600.3856   5229793.8014
112207  135.0000  75.0000    1000.0000   4908686.6488   1550600.3856   5229793.8014
112347  135.0000  75.0000    1000.0000   4908686.6488   1550600.3856   5229793.8014
112527  135.0000  75.0000    1000.0000   4908686.6488   1550600.3856   5229793.8014
112707  135.0000  75.0000    1000.0000   4908686.6488   1550600.3856   5229793.8014
112847  135.0000  75.0000    1000.0000   4908686.6488   1550600.3856   5229793.8014
113027  135.0000  75.0000    1000.0000   4908686.6488   1550600.3856   5229793.8014
113207  135.0000  75.0000    1000.0000   4908686.6488   1550600.3856   5229793.8014
113347  135.0000  75.0000    1000.0000   4908686.6488   1550600.3856   5229793.8014
113527  135.0000  75.0000    1000.0000   4908686.6488   1550600.3856   5229793.8014
113707  135.0000  75.0000    1000.0000   4908686.6488   1550600.3856   5229793.8014
113847  135.0000  75.0000    1000.0000   4908686.6488   1550600.3856   5229793.8014
114027  135.0000  75.0000    1000.0000   4908686.6488   1550600.3856   5229793.8014
114207  135.0000  75.0000    1000.0000   4908686.6488   1550600.3856   5229793.8014
114347  135.0000  75.0000    1000.0000   4908686.6488   1550600.3856   5229793.8014
114527  135.0000  75.0000    1000.0000   4908686.6488   1550600.3856   5229793.8014
114707  135.0000  75.0000    1000.0000   4908686.6488   1550600.3856   5229793.8014
114847  135.0000  75.0000    1000.0000   4908686.6488   1550600.3856   5229793.8014
115027  135.0000  75.0000    1000.0000   4908686.6488   1550600.3856   5229793.8014
115207  135.0000  75.0000    1000.0000   4908686.6488   1550600.3856   5229793.8014
115347  135.0000  75.0000    1000.0000   4908686.6488   1550600.3856   5229793.8014
115527  135.0000  75.0000    1000.0000   4908686.6488   1550600.3856   5229793.8014
115707  135.0000  75.0000    1000.0000   4908686.6488   1550600.3856   5229793.8014
115847  135.0000  75.0000    1000.0000   4908686.6488   1550600.3856   5229793.8014
120027  135.0000  75.0000    1000.0000   4908686.6488   1550600.3856   5229793.8014
120207  135.0000  75.0000    1000.0000   4908686.6488   1550600.3856   5229793.8014
120347  135.0000  75.0000    1000.0000   4908686.6488   1550600.3856   5229793.8014
120527  135.0000  75.0000    1000.0000   4908686.6488   1550600.3856   5229793.8014
120707  135.0000  75.0000    1000.0000   4908686.6488   1550600.3856   5229793.8014
120847  135.0000  75.0000    1000.0000   4908686.6488   1550600.3856   5229793.8014
121027  135.0000  75.0000    1000.0000   4908686.6488   1550600.3856   5229793.8014
121207  135.0000  75.0000    1000.0000   4908686.6488   1550600.3856   5229793.8014
121347  135.0000  75.0000    1000.0000   4908686.6488   1550600.3856   5229793.8014
121527  135.0000  75.0000    1000.0000   4908686.6488   1550600.3856   5229793.8014
121707  135.0000  75.0000    1000.0000   4908686.6488   1550600.3856   5229793.8014
121847  135.0000  75.0000    1000.0000   4908686.6488   1550600.3856   5229793.8014
122027  135.0000  75.0000    1000.0000   4908686.6488   1550600.3856   5229793.8014
122207  135.0000  75.0000    1000.0000   4908686.6488   1550600.3856   5229793.8014
122347  135.0000  75.0000    1000.0000   4908686.6488   1550600.3856   5229793.8014
122527  135.0000  75.0000    1000.0000   4908686.6488   1550600.3856   5229793.8014
122707  135.0000  75.0000    1000.0000   4908686.6488   1550600.3856   5229793.8014
122847  135.0000  75.0000    1000.0000   4908686.6488   1550600.3856   5229793.8014
123027  135.0000  75.0000    1000.0000   4908686.6488   1550600.3856   5229793.8014
123207  135.0000  75.0000    1000.0000   4908686.6488   1550600.3856   5229793.8014
123347  135.0000  75.0000    1000.0000   4908686.6488   1550600.3856   5229793.8014
123527  135.0000  75.0000    1000.0000   4908686.6488   1550600.3856   5229793.8014
123707  135.0000  75.0000    1000.0000   4908686.6488   1550600.3856   5229793.8014
123847  135.0000  75.0000    1000.0000   4908686.6488   1550600.3856   5229793.8014
124027  135.0000  75.0000    1000.0000   4908686.6488   1550600.3856   5229793.8014
124207  135.0000  75.0000    1000.0000   4908686.6488   1550600.3856   5229793.8014
124347  135.0000  75.0000    1000.0000   4908686.6488   1550600.3856   5229793.8014
124527  135.0000  75.0000    1000.0000   4908686.6488   1550600.3856   5229793.8014
124707  135.0000  75.0000    1000.0000   4908686.6488   1550600.3856   5229793.8014
124847  135.0000  75.0000    1000.0000   4908686.6488   1550600.3856   5229793.8014
125027  135.0000  75.0000    1000.0000   4908686.6488   1550600.3856   5229793.8014
125207  135.0000  75.0000    1000.0000   4908686.6488   1550600.3856   5229793.8014
125347  135.0000  75.0000    1000.0000   4908686.6488   1550600.3856   5229793.8014
125527  135.0000  75.0000    1000.0000   4908686.6488   1550600.3856   5229793.8014
125707  135.0000  75.0000    1000.0000   4908686.6488   1550600.3856   5229793.8014
125847  135.0000  75.0000    1000.0000   4908686.6488   1550600.3856   5229793.8014
130027  135.0000  75.0000    1000.0000   4908686.6488   1550600.3856   5229793.8014
130207  135.0000  75.0000    1000.0000   4908686.6488   1550600.3856   5229793.8014
130347  135.0000  75.0000    1000.0000   4908686.6488   1550600.3856   5229793.8014
130527  135.0000  75.0000    1000.0000   4908686.6488   1550600.3856   5229793.8014
130707  135.0000  75.0000    1000.0000   4908686.6488   1550600.3856   5229793.8014
130847  135.0000  75.0000    1000.0000   4908686.6488   1550600.3856   5229793.8014
131027  135.0000  75.0000    1000.0000   4908686.6488   1550600.3856   5229793.8014
