X3312711 R_PNT     RP_TEST 1808 0000000  135 90.0 2025 127 115550 300 100   0   0 1     -1
115550  135.0000  90.0000    1000.0000   4850815.9701   1344644.8646   5379398.7990
120050  135.0000  90.0000    1000.0000   4850815.9701   1344644.8646   5379398.7990
120550  135.0000  90.0000    1000.0000   4850815.9701   1344644.8646   5379398.7990
121050  135.0000  90.0000    1000.0000   4850815.9701   1344644.8646   5379398.7990
121550  135.0000  90.0000    1000.0000   4850815.9701   1344644.8646   5379398.7990
122050  135.0000  90.0000    1000.0000   4850815.9701   1344644.8646   5379398.7990
122550  135.0000  90.0000    1000.0000   4850815.9701   1344644.8646   5379398.7990
123050  135.0000  90.0000    1000.0000   4850815.9701   1344644.8646   5379398.7990
123550  135.0000  90.0000    1000.0000   4850815.9701   1344644.8646   5379398.7990
124050  135.0000  90.0000    1000.0000   4850815.9701   1344644.8646   5379398.7990
124550  135.0000  90.0000    1000.0000   4850815.9701   1344644.8646   5379398.7990
125050  135.0000  90.0000    1000.0000   4850815.9701   1344644.8646   5379398.7990
125550  135.0000  90.0000    1000.0000   4850815.9701   1344644.8646   5379398.7990
130050  135.0000  90.0000    1000.0000   4850815.9701   1344644.8646   5379398.7990
130550  135.0000  90.0000    1000.0000   4850815.9701   1344644.8646   5379398.7990
131050  135.0000  90.0000    1000.0000   4850815.9701   1344644.8646   5379398.7990
131550  135.0000  90.0000    1000.0000   4850815.9701   1344644.8646   5379398.7990
132050  135.0000  90.0000    1000.0000   4850815.9701   1344644.8646   5379398.7990
132550  135.0000  90.0000    1000.0000   4850815.9701   1344644.8646   5379398.7990
133050  135.0000  90.0000    1000.0000   4850815.9701   1344644.8646   5379398.7990
133550  135.0000  90.0000    1000.0000   4850815.9701   1344644.8646   5379398.7990
134050  135.0000  90.0000    1000.0000   4850815.9701   1344644.8646   5379398.7990
134550  135.0000  90.0000    1000.0000   4850815.9701   1344644.8646   5379398.7990
135050  135.0000  90.0000    1000.0000   4850815.9701   1344644.8646   5379398.7990
135550  135.0000  90.0000    1000.0000   4850815.9701   1344644.8646   5379398.7990
140050  135.0000  90.0000    1000.0000   4850815.9701   1344644.8646   5379398.7990
140550  135.0000  90.0000    1000.0000   4850815.9701   1344644.8646   5379398.7990
141050  135.0000  90.0000    1000.0000   4850815.9701   1344644.8646   5379398.7990
141550  135.0000  90.0000    1000.0000   4850815.9701   1344644.8646   5379398.7990
142050  135.0000  90.0000    1000.0000   4850815.9701   1344644.8646   5379398.7990
142550  135.0000  90.0000    1000.0000   4850815.9701   1344644.8646   5379398.7990
143050  135.0000  90.0000    1000.0000   4850815.9701   1344644.8646   5379398.7990
143550  135.0000  90.0000    1000.0000   4850815.9701   1344644.8646   5379398.7990
144050  135.0000  90.0000    1000.0000   4850815.9701   1344644.8646   5379398.7990
144550  135.0000  90.0000    1000.0000   4850815.9701   1344644.8646   5379398.7990
145050  135.0000  90.0000    1000.0000   4850815.9701   1344644.8646   5379398.7990
145550  135.0000  90.0000    1000.0000   4850815.9701   1344644.8646   5379398.7990
150050  135.0000  90.0000    1000.0000   4850815.9701   1344644.8646   5379398.7990
150550  135.0000  90.0000    1000.0000   4850815.9701   1344644.8646   5379398.7990
151050  135.0000  90.0000    1000.0000   4850815.9701   1344644.8646   5379398.7990
151550  135.0000  90.0000    1000.0000   4850815.9701   1344644.8646   5379398.7990
152050  135.0000  90.0000    1000.0000   4850815.9701   1344644.8646   5379398.7990
152550  135.0000  90.0000    1000.0000   4850815.9701   1344644.8646   5379398.7990
153050  135.0000  90.0000    1000.0000   4850815.9701   1344644.8646   5379398.7990
153550  135.0000  90.0000    1000.0000   4850815.9701   1344644.8646   5379398.7990
154050  135.0000  90.0000    1000.0000   4850815.9701   1344644.8646   5379398.7990
154550  135.0000  90.0000    1000.0000   4850815.9701   1344644.8646   5379398.7990
155050  135.0000  90.0000    1000.0000   4850815.9701   1344644.8646   5379398.7990
155550  135.0000  90.0000    1000.0000   4850815.9701   1344644.8646   5379398.7990
160050  135.0000  90.0000    1000.0000   4850815.9701   1344644.8646   5379398.7990
160550  135.0000  90.0000    1000.0000   4850815.9701   1344644.8646   5379398.7990
161050  135.0000  90.0000    1000.0000   4850815.9701   1344644.8646   5379398.7990
161550  135.0000  90.0000    1000.0000   4850815.9701   1344644.8646   5379398.7990
162050  135.0000  90.0000    1000.0000   4850815.9701   1344644.8646   5379398.7990
162550  135.0000  90.0000    1000.0000   4850815.9701   1344644.8646   5379398.7990
163050  135.0000  90.0000    1000.0000   4850815.9701   1344644.8646   5379398.7990
163550  135.0000  90.0000    1000.0000   4850815.9701   1344644.8646   5379398.7990
164050  135.0000  90.0000    1000.0000   4850815.9701   1344644.8646   5379398.7990
164550  135.0000  90.0000    1000.0000   4850815.9701   1344644.8646   5379398.7990
165050  135.0000  90.0000    1000.0000   4850815.9701   1344644.8646   5379398.7990
165550  135.0000  90.0000    1000.0000   4850815.9701   1344644.8646   5379398.7990
170050  135.0000  90.0000    1000.0000   4850815.9701   1344644.8646   5379398.7990
170550  135.0000  90.0000    1000.0000   4850815.9701   1344644.8646   5379398.7990
171050  135.0000  90.0000    1000.0000   4850815.9701   1344644.8646   5379398.7990
171550  135.0000  90.0000    1000.0000   4850815.9701   1344644.8646   5379398.7990
172050  135.0000  90.0000    1000.0000   4850815.9701   1344644.8646   5379398.7990
172550  135.0000  90.0000    1000.0000   4850815.9701   1344644.8646   5379398.7990
173050  135.0000  90.0000    1000.0000   4850815.9701   1344644.8646   5379398.7990
173550  135.0000  90.0000    1000.0000   4850815.9701   1344644.8646   5379398.7990
174050  135.0000  90.0000    1000.0000   4850815.9701   1344644.8646   5379398.7990
174550  135.0000  90.0000    1000.0000   4850815.9701   1344644.8646   5379398.7990
175050  135.0000  90.0000    1000.0000   4850815.9701   1344644.8646   5379398.7990
175550  135.0000  90.0000    1000.0000   4850815.9701   1344644.8646   5379398.7990
180050  135.0000  90.0000    1000.0000   4850815.9701   1344644.8646   5379398.7990
180550  135.0000  90.0000    1000.0000   4850815.9701   1344644.8646   5379398.7990
181050  135.0000  90.0000    1000.0000   4850815.9701   1344644.8646   5379398.7990
181550  135.0000  90.0000    1000.0000   4850815.9701   1344644.8646   5379398.7990
182050  135.0000  90.0000    1000.0000   4850815.9701   1344644.8646   5379398.7990
182550  135.0000  90.0000    1000.0000   4850815.9701   1344644.8646   5379398.7990
183050  135.0000  90.0000    1000.0000   4850815.9701   1344644.8646   5379398.7990
183550  135.0000  90.0000    1000.0000   4850815.9701   1344644.8646   5379398.7990
184050  135.0000  90.0000    1000.0000   4850815.9701   1344644.8646   5379398.7990
184550  135.0000  90.0000    1000.0000   4850815.9701   1344644.8646   5379398.7990
185050  135.0000  90.0000    1000.0000   4850815.9701   1344644.8646   5379398.7990
185550  135.0000  90.0000    1000.0000   4850815.9701   1344644.8646   5379398.7990
190050  135.0000  90.0000    1000.0000   4850815.9701   1344644.8646   5379398.7990
190550  135.0000  90.0000    1000.0000   4850815.9701   1344644.8646   5379398.7990
191050  135.0000  90.0000    1000.0000   4850815.9701   1344644.8646   5379398.7990
191550  135.0000  90.0000    1000.0000   4850815.9701   1344644.8646   5379398.7990
192050  135.0000  90.0000    1000.0000   4850815.9701   1344644.8646   5379398.7990
192550  135.0000  90.0000    1000.0000   4850815.9701   1344644.8646   5379398.7990
193050  135.0000  90.0000    1000.0000   4850815.9701   1344644.8646   5379398.7990
193550  135.0000  90.0000    1000.0000   4850815.9701   1344644.8646   5379398.7990
194050  135.0000  90.0000    1000.0000   4850815.9701   1344644.8646   5379398.7990
194550  135.0000  90.0000    1000.0000   4850815.9701   1344644.8646   5379398.7990
195050  135.0000  90.0000    1000.0000   4850815.9701   1344644.8646   5379398.7990
195550  135.0000  90.0000    1000.0000   4850815.9701   1344644.8646   5379398.7990
200050  135.0000  90.0000    1000.0000   4850815.9701   1344644.8646   5379398.7990
200550  135.0000  90.0000    1000.0000   4850815.9701   1344644.8646   5379398.7990
201050  135.0000  90.0000    1000.0000   4850815.9701   1344644.8646   5379398.7990
