X3316110 R_PNT     RP_TEST 1808 0000000  135 89.0 2025 161 102527 300 100   0   0 1     -1
102527  135.0000  89.0000    1000.0000   4856126.4279   1358922.9818   5370881.5170
102707  135.0000  89.0000    1000.0000   4856126.4279   1358922.9818   5370881.5170
102847  135.0000  89.0000    1000.0000   4856126.4279   1358922.9818   5370881.5170
103027  135.0000  89.0000    1000.0000   4856126.4279   1358922.9818   5370881.5170
103207  135.0000  89.0000    1000.0000   4856126.4279   1358922.9818   5370881.5170
103347  135.0000  89.0000    1000.0000   4856126.4279   1358922.9818   5370881.5170
103527  135.0000  89.0000    1000.0000   4856126.4279   1358922.9818   5370881.5170
103707  135.0000  89.0000    1000.0000   4856126.4279   1358922.9818   5370881.5170
103847  135.0000  89.0000    1000.0000   4856126.4279   1358922.9818   5370881.5170
104027  135.0000  89.0000    1000.0000   4856126.4279   1358922.9818   5370881.5170
104207  135.0000  89.0000    1000.0000   4856126.4279   1358922.9818   5370881.5170
104347  135.0000  89.0000    1000.0000   4856126.4279   1358922.9818   5370881.5170
104527  135.0000  89.0000    1000.0000   4856126.4279   1358922.9818   5370881.5170
104707  135.0000  89.0000    1000.0000   4856126.4279   1358922.9818   5370881.5170
104847  135.0000  89.0000    1000.0000   4856126.4279   1358922.9818   5370881.5170
105027  135.0000  89.0000    1000.0000   4856126.4279   1358922.9818   5370881.5170
105207  135.0000  89.0000    1000.0000   4856126.4279   1358922.9818   5370881.5170
105347  135.0000  89.0000    1000.0000   4856126.4279   1358922.9818   5370881.5170
105527  135.0000  89.0000    1000.0000   4856126.4279   1358922.9818   5370881.5170
105707  135.0000  89.0000    1000.0000   4856126.4279   1358922.9818   5370881.5170
105847  135.0000  89.0000    1000.0000   4856126.4279   1358922.9818   5370881.5170
110027  135.0000  89.0000    1000.0000   4856126.4279   1358922.9818   5370881.5170
110207  135.0000  89.0000    1000.0000   4856126.4279   1358922.9818   5370881.5170
110347  135.0000  89.0000    1000.0000   4856126.4279   1358922.9818   5370881.5170
110527  135.0000  89.0000    1000.0000   4856126.4279   1358922.9818   5370881.5170
110707  135.0000  89.0000    1000.0000   4856126.4279   1358922.9818   5370881.5170
110847  135.0000  89.0000    1000.0000   4856126.4279   1358922.9818   5370881.5170
111027  135.0000  89.0000    1000.0000   4856126.4279   1358922.9818   5370881.5170
111207  135.0000  89.0000    1000.0000   4856126.4279   1358922.9818   5370881.5170
111347  135.0000  89.0000    1000.0000   4856126.4279   1358922.9818   5370881.5170
111527  135.0000  89.0000    1000.0000   4856126.4279   1358922.9818   5370881.5170
111707  135.0000  89.0000    1000.0000   4856126.4279   1358922.9818   5370881.5170
111847  135.0000  89.0000    1000.0000   4856126.4279   1358922.9818   5370881.5170
112027  135.0000  89.0000    1000.0000   4856126.4279   1358922.9818   5370881.5170
112207  135.0000  89.0000    1000.0000   4856126.4279   1358922.9818   5370881.5170
112347  135.0000  89.0000    1000.0000   4856126.4279   1358922.9818   5370881.5170
112527  135.0000  89.0000    1000.0000   4856126.4279   1358922.9818   5370881.5170
112707  135.0000  89.0000    1000.0000   4856126.4279   1358922.9818   5370881.5170
112847  135.0000  89.0000    1000.0000   4856126.4279   1358922.9818   5370881.5170
113027  135.0000  89.0000    1000.0000   4856126.4279   1358922.9818   5370881.5170
113207  135.0000  89.0000    1000.0000   4856126.4279   1358922.9818   5370881.5170
113347  135.0000  89.0000    1000.0000   4856126.4279   1358922.9818   5370881.5170
113527  135.0000  89.0000    1000.0000   4856126.4279   1358922.9818   5370881.5170
113707  135.0000  89.0000    1000.0000   4856126.4279   1358922.9818   5370881.5170
113847  135.0000  89.0000    1000.0000   4856126.4279   1358922.9818   5370881.5170
114027  135.0000  89.0000    1000.0000   4856126.4279   1358922.9818   5370881.5170
114207  135.0000  89.0000    1000.0000   4856126.4279   1358922.9818   5370881.5170
114347  135.0000  89.0000    1000.0000   4856126.4279   1358922.9818   5370881.5170
114527  135.0000  89.0000    1000.0000   4856126.4279   1358922.9818   5370881.5170
114707  135.0000  89.0000    1000.0000   4856126.4279   1358922.9818   5370881.5170
114847  135.0000  89.0000    1000.0000   4856126.4279   1358922.9818   5370881.5170
115027  135.0000  89.0000    1000.0000   4856126.4279   1358922.9818   5370881.5170
115207  135.0000  89.0000    1000.0000   4856126.4279   1358922.9818   5370881.5170
115347  135.0000  89.0000    1000.0000   4856126.4279   1358922.9818   5370881.5170
115527  135.0000  89.0000    1000.0000   4856126.4279   1358922.9818   5370881.5170
115707  135.0000  89.0000    1000.0000   4856126.4279   1358922.9818   5370881.5170
115847  135.0000  89.0000    1000.0000   4856126.4279   1358922.9818   5370881.5170
120027  135.0000  89.0000    1000.0000   4856126.4279   1358922.9818   5370881.5170
120207  135.0000  89.0000    1000.0000   4856126.4279   1358922.9818   5370881.5170
120347  135.0000  89.0000    1000.0000   4856126.4279   1358922.9818   5370881.5170
120527  135.0000  89.0000    1000.0000   4856126.4279   1358922.9818   5370881.5170
120707  135.0000  89.0000    1000.0000   4856126.4279   1358922.9818   5370881.5170
120847  135.0000  89.0000    1000.0000   4856126.4279   1358922.9818   5370881.5170
121027  135.0000  89.0000    1000.0000   4856126.4279   1358922.9818   5370881.5170
121207  135.0000  89.0000    1000.0000   4856126.4279   1358922.9818   5370881.5170
121347  135.0000  89.0000    1000.0000   4856126.4279   1358922.9818   5370881.5170
121527  135.0000  89.0000    1000.0000   4856126.4279   1358922.9818   5370881.5170
121707  135.0000  89.0000    1000.0000   4856126.4279   1358922.9818   5370881.5170
121847  135.0000  89.0000    1000.0000   4856126.4279   1358922.9818   5370881.5170
122027  135.0000  89.0000    1000.0000   4856126.4279   1358922.9818   5370881.5170
122207  135.0000  89.0000    1000.0000   4856126.4279   1358922.9818   5370881.5170
122347  135.0000  89.0000    1000.0000   4856126.4279   1358922.9818   5370881.5170
122527  135.0000  89.0000    1000.0000   4856126.4279   1358922.9818   5370881.5170
122707  135.0000  89.0000    1000.0000   4856126.4279   1358922.9818   5370881.5170
122847  135.0000  89.0000    1000.0000   4856126.4279   1358922.9818   5370881.5170
123027  135.0000  89.0000    1000.0000   4856126.4279   1358922.9818   5370881.5170
123207  135.0000  89.0000    1000.0000   4856126.4279   1358922.9818   5370881.5170
123347  135.0000  89.0000    1000.0000   4856126.4279   1358922.9818   5370881.5170
123527  135.0000  89.0000    1000.0000   4856126.4279   1358922.9818   5370881.5170
123707  135.0000  89.0000    1000.0000   4856126.4279   1358922.9818   5370881.5170
123847  135.0000  89.0000    1000.0000   4856126.4279   1358922.9818   5370881.5170
124027  135.0000  89.0000    1000.0000   4856126.4279   1358922.9818   5370881.5170
124207  135.0000  89.0000    1000.0000   4856126.4279   1358922.9818   5370881.5170
124347  135.0000  89.0000    1000.0000   4856126.4279   1358922.9818   5370881.5170
124527  135.0000  89.0000    1000.0000   4856126.4279   1358922.9818   5370881.5170
124707  135.0000  89.0000    1000.0000   4856126.4279   1358922.9818   5370881.5170
124847  135.0000  89.0000    1000.0000   4856126.4279   1358922.9818   5370881.5170
125027  135.0000  89.0000    1000.0000   4856126.4279   1358922.9818   5370881.5170
125207  135.0000  89.0000    1000.0000   4856126.4279   1358922.9818   5370881.5170
125347  135.0000  89.0000    1000.0000   4856126.4279   1358922.9818   5370881.5170
125527  135.0000  89.0000    1000.0000   4856126.4279   1358922.9818   5370881.5170
125707  135.0000  89.0000    1000.0000   4856126.4279   1358922.9818   5370881.5170
125847  135.0000  89.0000    1000.0000   4856126.4279   1358922.9818   5370881.5170
130027  135.0000  89.0000    1000.0000   4856126.4279   1358922.9818   5370881.5170
130207  135.0000  89.0000    1000.0000   4856126.4279   1358922.9818   5370881.5170
130347  135.0000  89.0000    1000.0000   4856126.4279   1358922.9818   5370881.5170
130527  135.0000  89.0000    1000.0000   4856126.4279   1358922.9818   5370881.5170
130707  135.0000  89.0000    1000.0000   4856126.4279   1358922.9818   5370881.5170
130847  135.0000  89.0000    1000.0000   4856126.4279   1358922.9818   5370881.5170
131027  135.0000  89.0000    1000.0000   4856126.4279   1358922.9818   5370881.5170
