X3312708 R_PNT     RP_TEST 1808 0000000  135 90.0 2025 127 085341 300 100   0   0 1     -1
085341  135.0000  90.0000    1000.0000   4194430.5549   1843831.7440   5379395.8549
085841  135.0000  90.0000    1000.0000   4194430.5549   1843831.7440   5379395.8549
090341  135.0000  90.0000    1000.0000   4194430.5549   1843831.7440   5379395.8549
090841  135.0000  90.0000    1000.0000   4194430.5549   1843831.7440   5379395.8549
091341  135.0000  90.0000    1000.0000   4194430.5549   1843831.7440   5379395.8549
091841  135.0000  90.0000    1000.0000   4194430.5549   1843831.7440   5379395.8549
092341  135.0000  90.0000    1000.0000   4194430.5549   1843831.7440   5379395.8549
092841  135.0000  90.0000    1000.0000   4194430.5549   1843831.7440   5379395.8549
093341  135.0000  90.0000    1000.0000   4194430.5549   1843831.7440   5379395.8549
093841  135.0000  90.0000    1000.0000   4194430.5549   1843831.7440   5379395.8549
094341  135.0000  90.0000    1000.0000   4194430.5549   1843831.7440   5379395.8549
094841  135.0000  90.0000    1000.0000   4194430.5549   1843831.7440   5379395.8549
095341  135.0000  90.0000    1000.0000   4194430.5549   1843831.7440   5379395.8549
095841  135.0000  90.0000    1000.0000   4194430.5549   1843831.7440   5379395.8549
100341  135.0000  90.0000    1000.0000   4194430.5549   1843831.7440   5379395.8549
100841  135.0000  90.0000    1000.0000   4194430.5549   1843831.7440   5379395.8549
101341  135.0000  90.0000    1000.0000   4194430.5549   1843831.7440   5379395.8549
101841  135.0000  90.0000    1000.0000   4194430.5549   1843831.7440   5379395.8549
102341  135.0000  90.0000    1000.0000   4194430.5549   1843831.7440   5379395.8549
102841  135.0000  90.0000    1000.0000   4194430.5549   1843831.7440   5379395.8549
103341  135.0000  90.0000    1000.0000   4194430.5549   1843831.7440   5379395.8549
103841  135.0000  90.0000    1000.0000   4194430.5549   1843831.7440   5379395.8549
104341  135.0000  90.0000    1000.0000   4194430.5549   1843831.7440   5379395.8549
104841  135.0000  90.0000    1000.0000   4194430.5549   1843831.7440   5379395.8549
105341  135.0000  90.0000    1000.0000   4194430.5549   1843831.7440   5379395.8549
105841  135.0000  90.0000    1000.0000   4194430.5549   1843831.7440   5379395.8549
110341  135.0000  90.0000    1000.0000   4194430.5549   1843831.7440   5379395.8549
110841  135.0000  90.0000    1000.0000   4194430.5549   1843831.7440   5379395.8549
111341  135.0000  90.0000    1000.0000   4194430.5549   1843831.7440   5379395.8549
111841  135.0000  90.0000    1000.0000   4194430.5549   1843831.7440   5379395.8549
112341  135.0000  90.0000    1000.0000   4194430.5549   1843831.7440   5379395.8549
112841  135.0000  90.0000    1000.0000   4194430.5549   1843831.7440   5379395.8549
113341  135.0000  90.0000    1000.0000   4194430.5549   1843831.7440   5379395.8549
113841  135.0000  90.0000    1000.0000   4194430.5549   1843831.7440   5379395.8549
114341  135.0000  90.0000    1000.0000   4194430.5549   1843831.7440   5379395.8549
114841  135.0000  90.0000    1000.0000   4194430.5549   1843831.7440   5379395.8549
115341  135.0000  90.0000    1000.0000   4194430.5549   1843831.7440   5379395.8549
115841  135.0000  90.0000    1000.0000   4194430.5549   1843831.7440   5379395.8549
120341  135.0000  90.0000    1000.0000   4194430.5549   1843831.7440   5379395.8549
120841  135.0000  90.0000    1000.0000   4194430.5549   1843831.7440   5379395.8549
121341  135.0000  90.0000    1000.0000   4194430.5549   1843831.7440   5379395.8549
121841  135.0000  90.0000    1000.0000   4194430.5549   1843831.7440   5379395.8549
122341  135.0000  90.0000    1000.0000   4194430.5549   1843831.7440   5379395.8549
122841  135.0000  90.0000    1000.0000   4194430.5549   1843831.7440   5379395.8549
123341  135.0000  90.0000    1000.0000   4194430.5549   1843831.7440   5379395.8549
123841  135.0000  90.0000    1000.0000   4194430.5549   1843831.7440   5379395.8549
124341  135.0000  90.0000    1000.0000   4194430.5549   1843831.7440   5379395.8549
124841  135.0000  90.0000    1000.0000   4194430.5549   1843831.7440   5379395.8549
125341  135.0000  90.0000    1000.0000   4194430.5549   1843831.7440   5379395.8549
125841  135.0000  90.0000    1000.0000   4194430.5549   1843831.7440   5379395.8549
130341  135.0000  90.0000    1000.0000   4194430.5549   1843831.7440   5379395.8549
130841  135.0000  90.0000    1000.0000   4194430.5549   1843831.7440   5379395.8549
131341  135.0000  90.0000    1000.0000   4194430.5549   1843831.7440   5379395.8549
131841  135.0000  90.0000    1000.0000   4194430.5549   1843831.7440   5379395.8549
132341  135.0000  90.0000    1000.0000   4194430.5549   1843831.7440   5379395.8549
132841  135.0000  90.0000    1000.0000   4194430.5549   1843831.7440   5379395.8549
133341  135.0000  90.0000    1000.0000   4194430.5549   1843831.7440   5379395.8549
133841  135.0000  90.0000    1000.0000   4194430.5549   1843831.7440   5379395.8549
134341  135.0000  90.0000    1000.0000   4194430.5549   1843831.7440   5379395.8549
134841  135.0000  90.0000    1000.0000   4194430.5549   1843831.7440   5379395.8549
135341  135.0000  90.0000    1000.0000   4194430.5549   1843831.7440   5379395.8549
135841  135.0000  90.0000    1000.0000   4194430.5549   1843831.7440   5379395.8549
140341  135.0000  90.0000    1000.0000   4194430.5549   1843831.7440   5379395.8549
140841  135.0000  90.0000    1000.0000   4194430.5549   1843831.7440   5379395.8549
141341  135.0000  90.0000    1000.0000   4194430.5549   1843831.7440   5379395.8549
141841  135.0000  90.0000    1000.0000   4194430.5549   1843831.7440   5379395.8549
142341  135.0000  90.0000    1000.0000   4194430.5549   1843831.7440   5379395.8549
142841  135.0000  90.0000    1000.0000   4194430.5549   1843831.7440   5379395.8549
143341  135.0000  90.0000    1000.0000   4194430.5549   1843831.7440   5379395.8549
143841  135.0000  90.0000    1000.0000   4194430.5549   1843831.7440   5379395.8549
144341  135.0000  90.0000    1000.0000   4194430.5549   1843831.7440   5379395.8549
144841  135.0000  90.0000    1000.0000   4194430.5549   1843831.7440   5379395.8549
145341  135.0000  90.0000    1000.0000   4194430.5549   1843831.7440   5379395.8549
145841  135.0000  90.0000    1000.0000   4194430.5549   1843831.7440   5379395.8549
150341  135.0000  90.0000    1000.0000   4194430.5549   1843831.7440   5379395.8549
150841  135.0000  90.0000    1000.0000   4194430.5549   1843831.7440   5379395.8549
151341  135.0000  90.0000    1000.0000   4194430.5549   1843831.7440   5379395.8549
151841  135.0000  90.0000    1000.0000   4194430.5549   1843831.7440   5379395.8549
152341  135.0000  90.0000    1000.0000   4194430.5549   1843831.7440   5379395.8549
152841  135.0000  90.0000    1000.0000   4194430.5549   1843831.7440   5379395.8549
153341  135.0000  90.0000    1000.0000   4194430.5549   1843831.7440   5379395.8549
153841  135.0000  90.0000    1000.0000   4194430.5549   1843831.7440   5379395.8549
154341  135.0000  90.0000    1000.0000   4194430.5549   1843831.7440   5379395.8549
154841  135.0000  90.0000    1000.0000   4194430.5549   1843831.7440   5379395.8549
155341  135.0000  90.0000    1000.0000   4194430.5549   1843831.7440   5379395.8549
155841  135.0000  90.0000    1000.0000   4194430.5549   1843831.7440   5379395.8549
160341  135.0000  90.0000    1000.0000   4194430.5549   1843831.7440   5379395.8549
160841  135.0000  90.0000    1000.0000   4194430.5549   1843831.7440   5379395.8549
161341  135.0000  90.0000    1000.0000   4194430.5549   1843831.7440   5379395.8549
161841  135.0000  90.0000    1000.0000   4194430.5549   1843831.7440   5379395.8549
162341  135.0000  90.0000    1000.0000   4194430.5549   1843831.7440   5379395.8549
162841  135.0000  90.0000    1000.0000   4194430.5549   1843831.7440   5379395.8549
163341  135.0000  90.0000    1000.0000   4194430.5549   1843831.7440   5379395.8549
163841  135.0000  90.0000    1000.0000   4194430.5549   1843831.7440   5379395.8549
164341  135.0000  90.0000    1000.0000   4194430.5549   1843831.7440   5379395.8549
164841  135.0000  90.0000    1000.0000   4194430.5549   1843831.7440   5379395.8549
165341  135.0000  90.0000    1000.0000   4194430.5549   1843831.7440   5379395.8549
165841  135.0000  90.0000    1000.0000   4194430.5549   1843831.7440   5379395.8549
170341  135.0000  90.0000    1000.0000   4194430.5549   1843831.7440   5379395.8549
170841  135.0000  90.0000    1000.0000   4194430.5549   1843831.7440   5379395.8549
