X3412708 R_PNT     RP_TEST 1808 0000000  180 15.0 2025 127 085341 300 100   0   0 1     -1
085341  180.0000  15.0000    1000.0000   3263604.8343   1527895.1871   4660988.2549
085841  180.0000  15.0000    1000.0000   3263604.8343   1527895.1871   4660988.2549
090341  180.0000  15.0000    1000.0000   3263604.8343   1527895.1871   4660988.2549
090841  180.0000  15.0000    1000.0000   3263604.8343   1527895.1871   4660988.2549
091341  180.0000  15.0000    1000.0000   3263604.8343   1527895.1871   4660988.2549
091841  180.0000  15.0000    1000.0000   3263604.8343   1527895.1871   4660988.2549
092341  180.0000  15.0000    1000.0000   3263604.8343   1527895.1871   4660988.2549
092841  180.0000  15.0000    1000.0000   3263604.8343   1527895.1871   4660988.2549
093341  180.0000  15.0000    1000.0000   3263604.8343   1527895.1871   4660988.2549
093841  180.0000  15.0000    1000.0000   3263604.8343   1527895.1871   4660988.2549
094341  180.0000  15.0000    1000.0000   3263604.8343   1527895.1871   4660988.2549
094841  180.0000  15.0000    1000.0000   3263604.8343   1527895.1871   4660988.2549
095341  180.0000  15.0000    1000.0000   3263604.8343   1527895.1871   4660988.2549
095841  180.0000  15.0000    1000.0000   3263604.8343   1527895.1871   4660988.2549
100341  180.0000  15.0000    1000.0000   3263604.8343   1527895.1871   4660988.2549
100841  180.0000  15.0000    1000.0000   3263604.8343   1527895.1871   4660988.2549
101341  180.0000  15.0000    1000.0000   3263604.8343   1527895.1871   4660988.2549
101841  180.0000  15.0000    1000.0000   3263604.8343   1527895.1871   4660988.2549
102341  180.0000  15.0000    1000.0000   3263604.8343   1527895.1871   4660988.2549
102841  180.0000  15.0000    1000.0000   3263604.8343   1527895.1871   4660988.2549
103341  180.0000  15.0000    1000.0000   3263604.8343   1527895.1871   4660988.2549
103841  180.0000  15.0000    1000.0000   3263604.8343   1527895.1871   4660988.2549
104341  180.0000  15.0000    1000.0000   3263604.8343   1527895.1871   4660988.2549
104841  180.0000  15.0000    1000.0000   3263604.8343   1527895.1871   4660988.2549
105341  180.0000  15.0000    1000.0000   3263604.8343   1527895.1871   4660988.2549
105841  180.0000  15.0000    1000.0000   3263604.8343   1527895.1871   4660988.2549
110341  180.0000  15.0000    1000.0000   3263604.8343   1527895.1871   4660988.2549
110841  180.0000  15.0000    1000.0000   3263604.8343   1527895.1871   4660988.2549
111341  180.0000  15.0000    1000.0000   3263604.8343   1527895.1871   4660988.2549
111841  180.0000  15.0000    1000.0000   3263604.8343   1527895.1871   4660988.2549
112341  180.0000  15.0000    1000.0000   3263604.8343   1527895.1871   4660988.2549
112841  180.0000  15.0000    1000.0000   3263604.8343   1527895.1871   4660988.2549
113341  180.0000  15.0000    1000.0000   3263604.8343   1527895.1871   4660988.2549
113841  180.0000  15.0000    1000.0000   3263604.8343   1527895.1871   4660988.2549
114341  180.0000  15.0000    1000.0000   3263604.8343   1527895.1871   4660988.2549
114841  180.0000  15.0000    1000.0000   3263604.8343   1527895.1871   4660988.2549
115341  180.0000  15.0000    1000.0000   3263604.8343   1527895.1871   4660988.2549
115841  180.0000  15.0000    1000.0000   3263604.8343   1527895.1871   4660988.2549
120341  180.0000  15.0000    1000.0000   3263604.8343   1527895.1871   4660988.2549
120841  180.0000  15.0000    1000.0000   3263604.8343   1527895.1871   4660988.2549
121341  180.0000  15.0000    1000.0000   3263604.8343   1527895.1871   4660988.2549
121841  180.0000  15.0000    1000.0000   3263604.8343   1527895.1871   4660988.2549
122341  180.0000  15.0000    1000.0000   3263604.8343   1527895.1871   4660988.2549
122841  180.0000  15.0000    1000.0000   3263604.8343   1527895.1871   4660988.2549
123341  180.0000  15.0000    1000.0000   3263604.8343   1527895.1871   4660988.2549
123841  180.0000  15.0000    1000.0000   3263604.8343   1527895.1871   4660988.2549
124341  180.0000  15.0000    1000.0000   3263604.8343   1527895.1871   4660988.2549
124841  180.0000  15.0000    1000.0000   3263604.8343   1527895.1871   4660988.2549
125341  180.0000  15.0000    1000.0000   3263604.8343   1527895.1871   4660988.2549
125841  180.0000  15.0000    1000.0000   3263604.8343   1527895.1871   4660988.2549
130341  180.0000  15.0000    1000.0000   3263604.8343   1527895.1871   4660988.2549
130841  180.0000  15.0000    1000.0000   3263604.8343   1527895.1871   4660988.2549
131341  180.0000  15.0000    1000.0000   3263604.8343   1527895.1871   4660988.2549
131841  180.0000  15.0000    1000.0000   3263604.8343   1527895.1871   4660988.2549
132341  180.0000  15.0000    1000.0000   3263604.8343   1527895.1871   4660988.2549
132841  180.0000  15.0000    1000.0000   3263604.8343   1527895.1871   4660988.2549
133341  180.0000  15.0000    1000.0000   3263604.8343   1527895.1871   4660988.2549
133841  180.0000  15.0000    1000.0000   3263604.8343   1527895.1871   4660988.2549
134341  180.0000  15.0000    1000.0000   3263604.8343   1527895.1871   4660988.2549
134841  180.0000  15.0000    1000.0000   3263604.8343   1527895.1871   4660988.2549
135341  180.0000  15.0000    1000.0000   3263604.8343   1527895.1871   4660988.2549
135841  180.0000  15.0000    1000.0000   3263604.8343   1527895.1871   4660988.2549
140341  180.0000  15.0000    1000.0000   3263604.8343   1527895.1871   4660988.2549
140841  180.0000  15.0000    1000.0000   3263604.8343   1527895.1871   4660988.2549
141341  180.0000  15.0000    1000.0000   3263604.8343   1527895.1871   4660988.2549
141841  180.0000  15.0000    1000.0000   3263604.8343   1527895.1871   4660988.2549
142341  180.0000  15.0000    1000.0000   3263604.8343   1527895.1871   4660988.2549
142841  180.0000  15.0000    1000.0000   3263604.8343   1527895.1871   4660988.2549
143341  180.0000  15.0000    1000.0000   3263604.8343   1527895.1871   4660988.2549
143841  180.0000  15.0000    1000.0000   3263604.8343   1527895.1871   4660988.2549
144341  180.0000  15.0000    1000.0000   3263604.8343   1527895.1871   4660988.2549
144841  180.0000  15.0000    1000.0000   3263604.8343   1527895.1871   4660988.2549
145341  180.0000  15.0000    1000.0000   3263604.8343   1527895.1871   4660988.2549
145841  180.0000  15.0000    1000.0000   3263604.8343   1527895.1871   4660988.2549
150341  180.0000  15.0000    1000.0000   3263604.8343   1527895.1871   4660988.2549
150841  180.0000  15.0000    1000.0000   3263604.8343   1527895.1871   4660988.2549
151341  180.0000  15.0000    1000.0000   3263604.8343   1527895.1871   4660988.2549
151841  180.0000  15.0000    1000.0000   3263604.8343   1527895.1871   4660988.2549
152341  180.0000  15.0000    1000.0000   3263604.8343   1527895.1871   4660988.2549
152841  180.0000  15.0000    1000.0000   3263604.8343   1527895.1871   4660988.2549
153341  180.0000  15.0000    1000.0000   3263604.8343   1527895.1871   4660988.2549
153841  180.0000  15.0000    1000.0000   3263604.8343   1527895.1871   4660988.2549
154341  180.0000  15.0000    1000.0000   3263604.8343   1527895.1871   4660988.2549
154841  180.0000  15.0000    1000.0000   3263604.8343   1527895.1871   4660988.2549
155341  180.0000  15.0000    1000.0000   3263604.8343   1527895.1871   4660988.2549
155841  180.0000  15.0000    1000.0000   3263604.8343   1527895.1871   4660988.2549
160341  180.0000  15.0000    1000.0000   3263604.8343   1527895.1871   4660988.2549
160841  180.0000  15.0000    1000.0000   3263604.8343   1527895.1871   4660988.2549
161341  180.0000  15.0000    1000.0000   3263604.8343   1527895.1871   4660988.2549
161841  180.0000  15.0000    1000.0000   3263604.8343   1527895.1871   4660988.2549
162341  180.0000  15.0000    1000.0000   3263604.8343   1527895.1871   4660988.2549
162841  180.0000  15.0000    1000.0000   3263604.8343   1527895.1871   4660988.2549
163341  180.0000  15.0000    1000.0000   3263604.8343   1527895.1871   4660988.2549
163841  180.0000  15.0000    1000.0000   3263604.8343   1527895.1871   4660988.2549
164341  180.0000  15.0000    1000.0000   3263604.8343   1527895.1871   4660988.2549
164841  180.0000  15.0000    1000.0000   3263604.8343   1527895.1871   4660988.2549
165341  180.0000  15.0000    1000.0000   3263604.8343   1527895.1871   4660988.2549
165841  180.0000  15.0000    1000.0000   3263604.8343   1527895.1871   4660988.2549
170341  180.0000  15.0000    1000.0000   3263604.8343   1527895.1871   4660988.2549
170841  180.0000  15.0000    1000.0000   3263604.8343   1527895.1871   4660988.2549
