X3416110 R_PNT     RP_TEST 1808 0000000  180 15.0 2025 161 102527 300 100   0   0 1     -1
102527  180.0000  15.0000    1000.0000   5045818.1184   1398699.1905   4178809.6929
102707  180.0000  15.0000    1000.0000   5045818.1184   1398699.1905   4178809.6929
102847  180.0000  15.0000    1000.0000   5045818.1184   1398699.1905   4178809.6929
103027  180.0000  15.0000    1000.0000   5045818.1184   1398699.1905   4178809.6929
103207  180.0000  15.0000    1000.0000   5045818.1184   1398699.1905   4178809.6929
103347  180.0000  15.0000    1000.0000   5045818.1184   1398699.1905   4178809.6929
103527  180.0000  15.0000    1000.0000   5045818.1184   1398699.1905   4178809.6929
103707  180.0000  15.0000    1000.0000   5045818.1184   1398699.1905   4178809.6929
103847  180.0000  15.0000    1000.0000   5045818.1184   1398699.1905   4178809.6929
104027  180.0000  15.0000    1000.0000   5045818.1184   1398699.1905   4178809.6929
104207  180.0000  15.0000    1000.0000   5045818.1184   1398699.1905   4178809.6929
104347  180.0000  15.0000    1000.0000   5045818.1184   1398699.1905   4178809.6929
104527  180.0000  15.0000    1000.0000   5045818.1184   1398699.1905   4178809.6929
104707  180.0000  15.0000    1000.0000   5045818.1184   1398699.1905   4178809.6929
104847  180.0000  15.0000    1000.0000   5045818.1184   1398699.1905   4178809.6929
105027  180.0000  15.0000    1000.0000   5045818.1184   1398699.1905   4178809.6929
105207  180.0000  15.0000    1000.0000   5045818.1184   1398699.1905   4178809.6929
105347  180.0000  15.0000    1000.0000   5045818.1184   1398699.1905   4178809.6929
105527  180.0000  15.0000    1000.0000   5045818.1184   1398699.1905   4178809.6929
105707  180.0000  15.0000    1000.0000   5045818.1184   1398699.1905   4178809.6929
105847  180.0000  15.0000    1000.0000   5045818.1184   1398699.1905   4178809.6929
110027  180.0000  15.0000    1000.0000   5045818.1184   1398699.1905   4178809.6929
110207  180.0000  15.0000    1000.0000   5045818.1184   1398699.1905   4178809.6929
110347  180.0000  15.0000    1000.0000   5045818.1184   1398699.1905   4178809.6929
110527  180.0000  15.0000    1000.0000   5045818.1184   1398699.1905   4178809.6929
110707  180.0000  15.0000    1000.0000   5045818.1184   1398699.1905   4178809.6929
110847  180.0000  15.0000    1000.0000   5045818.1184   1398699.1905   4178809.6929
111027  180.0000  15.0000    1000.0000   5045818.1184   1398699.1905   4178809.6929
111207  180.0000  15.0000    1000.0000   5045818.1184   1398699.1905   4178809.6929
111347  180.0000  15.0000    1000.0000   5045818.1184   1398699.1905   4178809.6929
111527  180.0000  15.0000    1000.0000   5045818.1184   1398699.1905   4178809.6929
111707  180.0000  15.0000    1000.0000   5045818.1184   1398699.1905   4178809.6929
111847  180.0000  15.0000    1000.0000   5045818.1184   1398699.1905   4178809.6929
112027  180.0000  15.0000    1000.0000   5045818.1184   1398699.1905   4178809.6929
112207  180.0000  15.0000    1000.0000   5045818.1184   1398699.1905   4178809.6929
112347  180.0000  15.0000    1000.0000   5045818.1184   1398699.1905   4178809.6929
112527  180.0000  15.0000    1000.0000   5045818.1184   1398699.1905   4178809.6929
112707  180.0000  15.0000    1000.0000   5045818.1184   1398699.1905   4178809.6929
112847  180.0000  15.0000    1000.0000   5045818.1184   1398699.1905   4178809.6929
113027  180.0000  15.0000    1000.0000   5045818.1184   1398699.1905   4178809.6929
113207  180.0000  15.0000    1000.0000   5045818.1184   1398699.1905   4178809.6929
113347  180.0000  15.0000    1000.0000   5045818.1184   1398699.1905   4178809.6929
113527  180.0000  15.0000    1000.0000   5045818.1184   1398699.1905   4178809.6929
113707  180.0000  15.0000    1000.0000   5045818.1184   1398699.1905   4178809.6929
113847  180.0000  15.0000    1000.0000   5045818.1184   1398699.1905   4178809.6929
114027  180.0000  15.0000    1000.0000   5045818.1184   1398699.1905   4178809.6929
114207  180.0000  15.0000    1000.0000   5045818.1184   1398699.1905   4178809.6929
114347  180.0000  15.0000    1000.0000   5045818.1184   1398699.1905   4178809.6929
114527  180.0000  15.0000    1000.0000   5045818.1184   1398699.1905   4178809.6929
114707  180.0000  15.0000    1000.0000   5045818.1184   1398699.1905   4178809.6929
114847  180.0000  15.0000    1000.0000   5045818.1184   1398699.1905   4178809.6929
115027  180.0000  15.0000    1000.0000   5045818.1184   1398699.1905   4178809.6929
115207  180.0000  15.0000    1000.0000   5045818.1184   1398699.1905   4178809.6929
115347  180.0000  15.0000    1000.0000   5045818.1184   1398699.1905   4178809.6929
115527  180.0000  15.0000    1000.0000   5045818.1184   1398699.1905   4178809.6929
115707  180.0000  15.0000    1000.0000   5045818.1184   1398699.1905   4178809.6929
115847  180.0000  15.0000    1000.0000   5045818.1184   1398699.1905   4178809.6929
120027  180.0000  15.0000    1000.0000   5045818.1184   1398699.1905   4178809.6929
120207  180.0000  15.0000    1000.0000   5045818.1184   1398699.1905   4178809.6929
120347  180.0000  15.0000    1000.0000   5045818.1184   1398699.1905   4178809.6929
120527  180.0000  15.0000    1000.0000   5045818.1184   1398699.1905   4178809.6929
120707  180.0000  15.0000    1000.0000   5045818.1184   1398699.1905   4178809.6929
120847  180.0000  15.0000    1000.0000   5045818.1184   1398699.1905   4178809.6929
121027  180.0000  15.0000    1000.0000   5045818.1184   1398699.1905   4178809.6929
121207  180.0000  15.0000    1000.0000   5045818.1184   1398699.1905   4178809.6929
121347  180.0000  15.0000    1000.0000   5045818.1184   1398699.1905   4178809.6929
121527  180.0000  15.0000    1000.0000   5045818.1184   1398699.1905   4178809.6929
121707  180.0000  15.0000    1000.0000   5045818.1184   1398699.1905   4178809.6929
121847  180.0000  15.0000    1000.0000   5045818.1184   1398699.1905   4178809.6929
122027  180.0000  15.0000    1000.0000   5045818.1184   1398699.1905   4178809.6929
122207  180.0000  15.0000    1000.0000   5045818.1184   1398699.1905   4178809.6929
122347  180.0000  15.0000    1000.0000   5045818.1184   1398699.1905   4178809.6929
122527  180.0000  15.0000    1000.0000   5045818.1184   1398699.1905   4178809.6929
122707  180.0000  15.0000    1000.0000   5045818.1184   1398699.1905   4178809.6929
122847  180.0000  15.0000    1000.0000   5045818.1184   1398699.1905   4178809.6929
123027  180.0000  15.0000    1000.0000   5045818.1184   1398699.1905   4178809.6929
123207  180.0000  15.0000    1000.0000   5045818.1184   1398699.1905   4178809.6929
123347  180.0000  15.0000    1000.0000   5045818.1184   1398699.1905   4178809.6929
123527  180.0000  15.0000    1000.0000   5045818.1184   1398699.1905   4178809.6929
123707  180.0000  15.0000    1000.0000   5045818.1184   1398699.1905   4178809.6929
123847  180.0000  15.0000    1000.0000   5045818.1184   1398699.1905   4178809.6929
124027  180.0000  15.0000    1000.0000   5045818.1184   1398699.1905   4178809.6929
124207  180.0000  15.0000    1000.0000   5045818.1184   1398699.1905   4178809.6929
124347  180.0000  15.0000    1000.0000   5045818.1184   1398699.1905   4178809.6929
124527  180.0000  15.0000    1000.0000   5045818.1184   1398699.1905   4178809.6929
124707  180.0000  15.0000    1000.0000   5045818.1184   1398699.1905   4178809.6929
124847  180.0000  15.0000    1000.0000   5045818.1184   1398699.1905   4178809.6929
125027  180.0000  15.0000    1000.0000   5045818.1184   1398699.1905   4178809.6929
125207  180.0000  15.0000    1000.0000   5045818.1184   1398699.1905   4178809.6929
125347  180.0000  15.0000    1000.0000   5045818.1184   1398699.1905   4178809.6929
125527  180.0000  15.0000    1000.0000   5045818.1184   1398699.1905   4178809.6929
125707  180.0000  15.0000    1000.0000   5045818.1184   1398699.1905   4178809.6929
125847  180.0000  15.0000    1000.0000   5045818.1184   1398699.1905   4178809.6929
130027  180.0000  15.0000    1000.0000   5045818.1184   1398699.1905   4178809.6929
130207  180.0000  15.0000    1000.0000   5045818.1184   1398699.1905   4178809.6929
130347  180.0000  15.0000    1000.0000   5045818.1184   1398699.1905   4178809.6929
130527  180.0000  15.0000    1000.0000   5045818.1184   1398699.1905   4178809.6929
130707  180.0000  15.0000    1000.0000   5045818.1184   1398699.1905   4178809.6929
130847  180.0000  15.0000    1000.0000   5045818.1184   1398699.1905   4178809.6929
131027  180.0000  15.0000    1000.0000   5045818.1184   1398699.1905   4178809.6929
