X3412711 R_PNT     RP_TEST 1808 0000000  180 15.0 2025 127 115550 300 100   0   0 1     -1
115550  180.0000  15.0000    1000.0000   5045818.1184   1398699.1905   4178809.6929
120050  180.0000  15.0000    1000.0000   5045818.1184   1398699.1905   4178809.6929
120550  180.0000  15.0000    1000.0000   5045818.1184   1398699.1905   4178809.6929
121050  180.0000  15.0000    1000.0000   5045818.1184   1398699.1905   4178809.6929
121550  180.0000  15.0000    1000.0000   5045818.1184   1398699.1905   4178809.6929
122050  180.0000  15.0000    1000.0000   5045818.1184   1398699.1905   4178809.6929
122550  180.0000  15.0000    1000.0000   5045818.1184   1398699.1905   4178809.6929
123050  180.0000  15.0000    1000.0000   5045818.1184   1398699.1905   4178809.6929
123550  180.0000  15.0000    1000.0000   5045818.1184   1398699.1905   4178809.6929
124050  180.0000  15.0000    1000.0000   5045818.1184   1398699.1905   4178809.6929
124550  180.0000  15.0000    1000.0000   5045818.1184   1398699.1905   4178809.6929
125050  180.0000  15.0000    1000.0000   5045818.1184   1398699.1905   4178809.6929
125550  180.0000  15.0000    1000.0000   5045818.1184   1398699.1905   4178809.6929
130050  180.0000  15.0000    1000.0000   5045818.1184   1398699.1905   4178809.6929
130550  180.0000  15.0000    1000.0000   5045818.1184   1398699.1905   4178809.6929
131050  180.0000  15.0000    1000.0000   5045818.1184   1398699.1905   4178809.6929
131550  180.0000  15.0000    1000.0000   5045818.1184   1398699.1905   4178809.6929
132050  180.0000  15.0000    1000.0000   5045818.1184   1398699.1905   4178809.6929
132550  180.0000  15.0000    1000.0000   5045818.1184   1398699.1905   4178809.6929
133050  180.0000  15.0000    1000.0000   5045818.1184   1398699.1905   4178809.6929
133550  180.0000  15.0000    1000.0000   5045818.1184   1398699.1905   4178809.6929
134050  180.0000  15.0000    1000.0000   5045818.1184   1398699.1905   4178809.6929
134550  180.0000  15.0000    1000.0000   5045818.1184   1398699.1905   4178809.6929
135050  180.0000  15.0000    1000.0000   5045818.1184   1398699.1905   4178809.6929
135550  180.0000  15.0000    1000.0000   5045818.1184   1398699.1905   4178809.6929
140050  180.0000  15.0000    1000.0000   5045818.1184   1398699.1905   4178809.6929
140550  180.0000  15.0000    1000.0000   5045818.1184   1398699.1905   4178809.6929
141050  180.0000  15.0000    1000.0000   5045818.1184   1398699.1905   4178809.6929
141550  180.0000  15.0000    1000.0000   5045818.1184   1398699.1905   4178809.6929
142050  180.0000  15.0000    1000.0000   5045818.1184   1398699.1905   4178809.6929
142550  180.0000  15.0000    1000.0000   5045818.1184   1398699.1905   4178809.6929
143050  180.0000  15.0000    1000.0000   5045818.1184   1398699.1905   4178809.6929
143550  180.0000  15.0000    1000.0000   5045818.1184   1398699.1905   4178809.6929
144050  180.0000  15.0000    1000.0000   5045818.1184   1398699.1905   4178809.6929
144550  180.0000  15.0000    1000.0000   5045818.1184   1398699.1905   4178809.6929
145050  180.0000  15.0000    1000.0000   5045818.1184   1398699.1905   4178809.6929
145550  180.0000  15.0000    1000.0000   5045818.1184   1398699.1905   4178809.6929
150050  180.0000  15.0000    1000.0000   5045818.1184   1398699.1905   4178809.6929
150550  180.0000  15.0000    1000.0000   5045818.1184   1398699.1905   4178809.6929
151050  180.0000  15.0000    1000.0000   5045818.1184   1398699.1905   4178809.6929
151550  180.0000  15.0000    1000.0000   5045818.1184   1398699.1905   4178809.6929
152050  180.0000  15.0000    1000.0000   5045818.1184   1398699.1905   4178809.6929
152550  180.0000  15.0000    1000.0000   5045818.1184   1398699.1905   4178809.6929
153050  180.0000  15.0000    1000.0000   5045818.1184   1398699.1905   4178809.6929
153550  180.0000  15.0000    1000.0000   5045818.1184   1398699.1905   4178809.6929
154050  180.0000  15.0000    1000.0000   5045818.1184   1398699.1905   4178809.6929
154550  180.0000  15.0000    1000.0000   5045818.1184   1398699.1905   4178809.6929
155050  180.0000  15.0000    1000.0000   5045818.1184   1398699.1905   4178809.6929
155550  180.0000  15.0000    1000.0000   5045818.1184   1398699.1905   4178809.6929
160050  180.0000  15.0000    1000.0000   5045818.1184   1398699.1905   4178809.6929
160550  180.0000  15.0000    1000.0000   5045818.1184   1398699.1905   4178809.6929
161050  180.0000  15.0000    1000.0000   5045818.1184   1398699.1905   4178809.6929
161550  180.0000  15.0000    1000.0000   5045818.1184   1398699.1905   4178809.6929
162050  180.0000  15.0000    1000.0000   5045818.1184   1398699.1905   4178809.6929
162550  180.0000  15.0000    1000.0000   5045818.1184   1398699.1905   4178809.6929
163050  180.0000  15.0000    1000.0000   5045818.1184   1398699.1905   4178809.6929
163550  180.0000  15.0000    1000.0000   5045818.1184   1398699.1905   4178809.6929
164050  180.0000  15.0000    1000.0000   5045818.1184   1398699.1905   4178809.6929
164550  180.0000  15.0000    1000.0000   5045818.1184   1398699.1905   4178809.6929
165050  180.0000  15.0000    1000.0000   5045818.1184   1398699.1905   4178809.6929
165550  180.0000  15.0000    1000.0000   5045818.1184   1398699.1905   4178809.6929
170050  180.0000  15.0000    1000.0000   5045818.1184   1398699.1905   4178809.6929
170550  180.0000  15.0000    1000.0000   5045818.1184   1398699.1905   4178809.6929
171050  180.0000  15.0000    1000.0000   5045818.1184   1398699.1905   4178809.6929
171550  180.0000  15.0000    1000.0000   5045818.1184   1398699.1905   4178809.6929
172050  180.0000  15.0000    1000.0000   5045818.1184   1398699.1905   4178809.6929
172550  180.0000  15.0000    1000.0000   5045818.1184   1398699.1905   4178809.6929
173050  180.0000  15.0000    1000.0000   5045818.1184   1398699.1905   4178809.6929
173550  180.0000  15.0000    1000.0000   5045818.1184   1398699.1905   4178809.6929
174050  180.0000  15.0000    1000.0000   5045818.1184   1398699.1905   4178809.6929
174550  180.0000  15.0000    1000.0000   5045818.1184   1398699.1905   4178809.6929
175050  180.0000  15.0000    1000.0000   5045818.1184   1398699.1905   4178809.6929
175550  180.0000  15.0000    1000.0000   5045818.1184   1398699.1905   4178809.6929
180050  180.0000  15.0000    1000.0000   5045818.1184   1398699.1905   4178809.6929
180550  180.0000  15.0000    1000.0000   5045818.1184   1398699.1905   4178809.6929
181050  180.0000  15.0000    1000.0000   5045818.1184   1398699.1905   4178809.6929
181550  180.0000  15.0000    1000.0000   5045818.1184   1398699.1905   4178809.6929
182050  180.0000  15.0000    1000.0000   5045818.1184   1398699.1905   4178809.6929
182550  180.0000  15.0000    1000.0000   5045818.1184   1398699.1905   4178809.6929
183050  180.0000  15.0000    1000.0000   5045818.1184   1398699.1905   4178809.6929
183550  180.0000  15.0000    1000.0000   5045818.1184   1398699.1905   4178809.6929
184050  180.0000  15.0000    1000.0000   5045818.1184   1398699.1905   4178809.6929
184550  180.0000  15.0000    1000.0000   5045818.1184   1398699.1905   4178809.6929
185050  180.0000  15.0000    1000.0000   5045818.1184   1398699.1905   4178809.6929
185550  180.0000  15.0000    1000.0000   5045818.1184   1398699.1905   4178809.6929
190050  180.0000  15.0000    1000.0000   5045818.1184   1398699.1905   4178809.6929
190550  180.0000  15.0000    1000.0000   5045818.1184   1398699.1905   4178809.6929
191050  180.0000  15.0000    1000.0000   5045818.1184   1398699.1905   4178809.6929
191550  180.0000  15.0000    1000.0000   5045818.1184   1398699.1905   4178809.6929
192050  180.0000  15.0000    1000.0000   5045818.1184   1398699.1905   4178809.6929
192550  180.0000  15.0000    1000.0000   5045818.1184   1398699.1905   4178809.6929
193050  180.0000  15.0000    1000.0000   5045818.1184   1398699.1905   4178809.6929
193550  180.0000  15.0000    1000.0000   5045818.1184   1398699.1905   4178809.6929
194050  180.0000  15.0000    1000.0000   5045818.1184   1398699.1905   4178809.6929
194550  180.0000  15.0000    1000.0000   5045818.1184   1398699.1905   4178809.6929
195050  180.0000  15.0000    1000.0000   5045818.1184   1398699.1905   4178809.6929
195550  180.0000  15.0000    1000.0000   5045818.1184   1398699.1905   4178809.6929
200050  180.0000  15.0000    1000.0000   5045818.1184   1398699.1905   4178809.6929
200550  180.0000  15.0000    1000.0000   5045818.1184   1398699.1905   4178809.6929
201050  180.0000  15.0000    1000.0000   5045818.1184   1398699.1905   4178809.6929
