X3512711 R_PNT     RP_TEST 1808 0000000  180 30.0 2025 127 115550 300 100   0   0 1     -1
115550  180.0000  30.0000    1000.0000   5133642.4365   1423043.9701   4423437.1000
120050  180.0000  30.0000    1000.0000   5133642.4365   1423043.9701   4423437.1000
120550  180.0000  30.0000    1000.0000   5133642.4365   1423043.9701   4423437.1000
121050  180.0000  30.0000    1000.0000   5133642.4365   1423043.9701   4423437.1000
121550  180.0000  30.0000    1000.0000   5133642.4365   1423043.9701   4423437.1000
122050  180.0000  30.0000    1000.0000   5133642.4365   1423043.9701   4423437.1000
122550  180.0000  30.0000    1000.0000   5133642.4365   1423043.9701   4423437.1000
123050  180.0000  30.0000    1000.0000   5133642.4365   1423043.9701   4423437.1000
123550  180.0000  30.0000    1000.0000   5133642.4365   1423043.9701   4423437.1000
124050  180.0000  30.0000    1000.0000   5133642.4365   1423043.9701   4423437.1000
124550  180.0000  30.0000    1000.0000   5133642.4365   1423043.9701   4423437.1000
125050  180.0000  30.0000    1000.0000   5133642.4365   1423043.9701   4423437.1000
125550  180.0000  30.0000    1000.0000   5133642.4365   1423043.9701   4423437.1000
130050  180.0000  30.0000    1000.0000   5133642.4365   1423043.9701   4423437.1000
130550  180.0000  30.0000    1000.0000   5133642.4365   1423043.9701   4423437.1000
131050  180.0000  30.0000    1000.0000   5133642.4365   1423043.9701   4423437.1000
131550  180.0000  30.0000    1000.0000   5133642.4365   1423043.9701   4423437.1000
132050  180.0000  30.0000    1000.0000   5133642.4365   1423043.9701   4423437.1000
132550  180.0000  30.0000    1000.0000   5133642.4365   1423043.9701   4423437.1000
133050  180.0000  30.0000    1000.0000   5133642.4365   1423043.9701   4423437.1000
133550  180.0000  30.0000    1000.0000   5133642.4365   1423043.9701   4423437.1000
134050  180.0000  30.0000    1000.0000   5133642.4365   1423043.9701   4423437.1000
134550  180.0000  30.0000    1000.0000   5133642.4365   1423043.9701   4423437.1000
135050  180.0000  30.0000    1000.0000   5133642.4365   1423043.9701   4423437.1000
135550  180.0000  30.0000    1000.0000   5133642.4365   1423043.9701   4423437.1000
140050  180.0000  30.0000    1000.0000   5133642.4365   1423043.9701   4423437.1000
140550  180.0000  30.0000    1000.0000   5133642.4365   1423043.9701   4423437.1000
141050  180.0000  30.0000    1000.0000   5133642.4365   1423043.9701   4423437.1000
141550  180.0000  30.0000    1000.0000   5133642.4365   1423043.9701   4423437.1000
142050  180.0000  30.0000    1000.0000   5133642.4365   1423043.9701   4423437.1000
142550  180.0000  30.0000    1000.0000   5133642.4365   1423043.9701   4423437.1000
143050  180.0000  30.0000    1000.0000   5133642.4365   1423043.9701   4423437.1000
143550  180.0000  30.0000    1000.0000   5133642.4365   1423043.9701   4423437.1000
144050  180.0000  30.0000    1000.0000   5133642.4365   1423043.9701   4423437.1000
144550  180.0000  30.0000    1000.0000   5133642.4365   1423043.9701   4423437.1000
145050  180.0000  30.0000    1000.0000   5133642.4365   1423043.9701   4423437.1000
145550  180.0000  30.0000    1000.0000   5133642.4365   1423043.9701   4423437.1000
150050  180.0000  30.0000    1000.0000   5133642.4365   1423043.9701   4423437.1000
150550  180.0000  30.0000    1000.0000   5133642.4365   1423043.9701   4423437.1000
151050  180.0000  30.0000    1000.0000   5133642.4365   1423043.9701   4423437.1000
151550  180.0000  30.0000    1000.0000   5133642.4365   1423043.9701   4423437.1000
152050  180.0000  30.0000    1000.0000   5133642.4365   1423043.9701   4423437.1000
152550  180.0000  30.0000    1000.0000   5133642.4365   1423043.9701   4423437.1000
153050  180.0000  30.0000    1000.0000   5133642.4365   1423043.9701   4423437.1000
153550  180.0000  30.0000    1000.0000   5133642.4365   1423043.9701   4423437.1000
154050  180.0000  30.0000    1000.0000   5133642.4365   1423043.9701   4423437.1000
154550  180.0000  30.0000    1000.0000   5133642.4365   1423043.9701   4423437.1000
155050  180.0000  30.0000    1000.0000   5133642.4365   1423043.9701   4423437.1000
155550  180.0000  30.0000    1000.0000   5133642.4365   1423043.9701   4423437.1000
160050  180.0000  30.0000    1000.0000   5133642.4365   1423043.9701   4423437.1000
160550  180.0000  30.0000    1000.0000   5133642.4365   1423043.9701   4423437.1000
161050  180.0000  30.0000    1000.0000   5133642.4365   1423043.9701   4423437.1000
161550  180.0000  30.0000    1000.0000   5133642.4365   1423043.9701   4423437.1000
162050  180.0000  30.0000    1000.0000   5133642.4365   1423043.9701   4423437.1000
162550  180.0000  30.0000    1000.0000   5133642.4365   1423043.9701   4423437.1000
163050  180.0000  30.0000    1000.0000   5133642.4365   1423043.9701   4423437.1000
163550  180.0000  30.0000    1000.0000   5133642.4365   1423043.9701   4423437.1000
164050  180.0000  30.0000    1000.0000   5133642.4365   1423043.9701   4423437.1000
164550  180.0000  30.0000    1000.0000   5133642.4365   1423043.9701   4423437.1000
165050  180.0000  30.0000    1000.0000   5133642.4365   1423043.9701   4423437.1000
165550  180.0000  30.0000    1000.0000   5133642.4365   1423043.9701   4423437.1000
170050  180.0000  30.0000    1000.0000   5133642.4365   1423043.9701   4423437.1000
170550  180.0000  30.0000    1000.0000   5133642.4365   1423043.9701   4423437.1000
171050  180.0000  30.0000    1000.0000   5133642.4365   1423043.9701   4423437.1000
171550  180.0000  30.0000    1000.0000   5133642.4365   1423043.9701   4423437.1000
172050  180.0000  30.0000    1000.0000   5133642.4365   1423043.9701   4423437.1000
172550  180.0000  30.0000    1000.0000   5133642.4365   1423043.9701   4423437.1000
173050  180.0000  30.0000    1000.0000   5133642.4365   1423043.9701   4423437.1000
173550  180.0000  30.0000    1000.0000   5133642.4365   1423043.9701   4423437.1000
174050  180.0000  30.0000    1000.0000   5133642.4365   1423043.9701   4423437.1000
174550  180.0000  30.0000    1000.0000   5133642.4365   1423043.9701   4423437.1000
175050  180.0000  30.0000    1000.0000   5133642.4365   1423043.9701   4423437.1000
175550  180.0000  30.0000    1000.0000   5133642.4365   1423043.9701   4423437.1000
180050  180.0000  30.0000    1000.0000   5133642.4365   1423043.9701   4423437.1000
180550  180.0000  30.0000    1000.0000   5133642.4365   1423043.9701   4423437.1000
181050  180.0000  30.0000    1000.0000   5133642.4365   1423043.9701   4423437.1000
181550  180.0000  30.0000    1000.0000   5133642.4365   1423043.9701   4423437.1000
182050  180.0000  30.0000    1000.0000   5133642.4365   1423043.9701   4423437.1000
182550  180.0000  30.0000    1000.0000   5133642.4365   1423043.9701   4423437.1000
183050  180.0000  30.0000    1000.0000   5133642.4365   1423043.9701   4423437.1000
183550  180.0000  30.0000    1000.0000   5133642.4365   1423043.9701   4423437.1000
184050  180.0000  30.0000    1000.0000   5133642.4365   1423043.9701   4423437.1000
184550  180.0000  30.0000    1000.0000   5133642.4365   1423043.9701   4423437.1000
185050  180.0000  30.0000    1000.0000   5133642.4365   1423043.9701   4423437.1000
185550  180.0000  30.0000    1000.0000   5133642.4365   1423043.9701   4423437.1000
190050  180.0000  30.0000    1000.0000   5133642.4365   1423043.9701   4423437.1000
190550  180.0000  30.0000    1000.0000   5133642.4365   1423043.9701   4423437.1000
191050  180.0000  30.0000    1000.0000   5133642.4365   1423043.9701   4423437.1000
191550  180.0000  30.0000    1000.0000   5133642.4365   1423043.9701   4423437.1000
192050  180.0000  30.0000    1000.0000   5133642.4365   1423043.9701   4423437.1000
192550  180.0000  30.0000    1000.0000   5133642.4365   1423043.9701   4423437.1000
193050  180.0000  30.0000    1000.0000   5133642.4365   1423043.9701   4423437.1000
193550  180.0000  30.0000    1000.0000   5133642.4365   1423043.9701   4423437.1000
194050  180.0000  30.0000    1000.0000   5133642.4365   1423043.9701   4423437.1000
194550  180.0000  30.0000    1000.0000   5133642.4365   1423043.9701   4423437.1000
195050  180.0000  30.0000    1000.0000   5133642.4365   1423043.9701   4423437.1000
195550  180.0000  30.0000    1000.0000   5133642.4365   1423043.9701   4423437.1000
200050  180.0000  30.0000    1000.0000   5133642.4365   1423043.9701   4423437.1000
200550  180.0000  30.0000    1000.0000   5133642.4365   1423043.9701   4423437.1000
201050  180.0000  30.0000    1000.0000   5133642.4365   1423043.9701   4423437.1000
