X3512708 R_PNT     RP_TEST 1808 0000000  180 30.0 2025 127 085341 300 100   0   0 1     -1
085341  180.0000  30.0000    1000.0000   3359875.0449   1672635.3355   4855746.2674
085841  180.0000  30.0000    1000.0000   3359875.0449   1672635.3355   4855746.2674
090341  180.0000  30.0000    1000.0000   3359875.0449   1672635.3355   4855746.2674
090841  180.0000  30.0000    1000.0000   3359875.0449   1672635.3355   4855746.2674
091341  180.0000  30.0000    1000.0000   3359875.0449   1672635.3355   4855746.2674
091841  180.0000  30.0000    1000.0000   3359875.0449   1672635.3355   4855746.2674
092341  180.0000  30.0000    1000.0000   3359875.0449   1672635.3355   4855746.2674
092841  180.0000  30.0000    1000.0000   3359875.0449   1672635.3355   4855746.2674
093341  180.0000  30.0000    1000.0000   3359875.0449   1672635.3355   4855746.2674
093841  180.0000  30.0000    1000.0000   3359875.0449   1672635.3355   4855746.2674
094341  180.0000  30.0000    1000.0000   3359875.0449   1672635.3355   4855746.2674
094841  180.0000  30.0000    1000.0000   3359875.0449   1672635.3355   4855746.2674
095341  180.0000  30.0000    1000.0000   3359875.0449   1672635.3355   4855746.2674
095841  180.0000  30.0000    1000.0000   3359875.0449   1672635.3355   4855746.2674
100341  180.0000  30.0000    1000.0000   3359875.0449   1672635.3355   4855746.2674
100841  180.0000  30.0000    1000.0000   3359875.0449   1672635.3355   4855746.2674
101341  180.0000  30.0000    1000.0000   3359875.0449   1672635.3355   4855746.2674
101841  180.0000  30.0000    1000.0000   3359875.0449   1672635.3355   4855746.2674
102341  180.0000  30.0000    1000.0000   3359875.0449   1672635.3355   4855746.2674
102841  180.0000  30.0000    1000.0000   3359875.0449   1672635.3355   4855746.2674
103341  180.0000  30.0000    1000.0000   3359875.0449   1672635.3355   4855746.2674
103841  180.0000  30.0000    1000.0000   3359875.0449   1672635.3355   4855746.2674
104341  180.0000  30.0000    1000.0000   3359875.0449   1672635.3355   4855746.2674
104841  180.0000  30.0000    1000.0000   3359875.0449   1672635.3355   4855746.2674
105341  180.0000  30.0000    1000.0000   3359875.0449   1672635.3355   4855746.2674
105841  180.0000  30.0000    1000.0000   3359875.0449   1672635.3355   4855746.2674
110341  180.0000  30.0000    1000.0000   3359875.0449   1672635.3355   4855746.2674
110841  180.0000  30.0000    1000.0000   3359875.0449   1672635.3355   4855746.2674
111341  180.0000  30.0000    1000.0000   3359875.0449   1672635.3355   4855746.2674
111841  180.0000  30.0000    1000.0000   3359875.0449   1672635.3355   4855746.2674
112341  180.0000  30.0000    1000.0000   3359875.0449   1672635.3355   4855746.2674
112841  180.0000  30.0000    1000.0000   3359875.0449   1672635.3355   4855746.2674
113341  180.0000  30.0000    1000.0000   3359875.0449   1672635.3355   4855746.2674
113841  180.0000  30.0000    1000.0000   3359875.0449   1672635.3355   4855746.2674
114341  180.0000  30.0000    1000.0000   3359875.0449   1672635.3355   4855746.2674
114841  180.0000  30.0000    1000.0000   3359875.0449   1672635.3355   4855746.2674
115341  180.0000  30.0000    1000.0000   3359875.0449   1672635.3355   4855746.2674
115841  180.0000  30.0000    1000.0000   3359875.0449   1672635.3355   4855746.2674
120341  180.0000  30.0000    1000.0000   3359875.0449   1672635.3355   4855746.2674
120841  180.0000  30.0000    1000.0000   3359875.0449   1672635.3355   4855746.2674
121341  180.0000  30.0000    1000.0000   3359875.0449   1672635.3355   4855746.2674
121841  180.0000  30.0000    1000.0000   3359875.0449   1672635.3355   4855746.2674
122341  180.0000  30.0000    1000.0000   3359875.0449   1672635.3355   4855746.2674
122841  180.0000  30.0000    1000.0000   3359875.0449   1672635.3355   4855746.2674
123341  180.0000  30.0000    1000.0000   3359875.0449   1672635.3355   4855746.2674
123841  180.0000  30.0000    1000.0000   3359875.0449   1672635.3355   4855746.2674
124341  180.0000  30.0000    1000.0000   3359875.0449   1672635.3355   4855746.2674
124841  180.0000  30.0000    1000.0000   3359875.0449   1672635.3355   4855746.2674
125341  180.0000  30.0000    1000.0000   3359875.0449   1672635.3355   4855746.2674
125841  180.0000  30.0000    1000.0000   3359875.0449   1672635.3355   4855746.2674
130341  180.0000  30.0000    1000.0000   3359875.0449   1672635.3355   4855746.2674
130841  180.0000  30.0000    1000.0000   3359875.0449   1672635.3355   4855746.2674
131341  180.0000  30.0000    1000.0000   3359875.0449   1672635.3355   4855746.2674
131841  180.0000  30.0000    1000.0000   3359875.0449   1672635.3355   4855746.2674
132341  180.0000  30.0000    1000.0000   3359875.0449   1672635.3355   4855746.2674
132841  180.0000  30.0000    1000.0000   3359875.0449   1672635.3355   4855746.2674
133341  180.0000  30.0000    1000.0000   3359875.0449   1672635.3355   4855746.2674
133841  180.0000  30.0000    1000.0000   3359875.0449   1672635.3355   4855746.2674
134341  180.0000  30.0000    1000.0000   3359875.0449   1672635.3355   4855746.2674
134841  180.0000  30.0000    1000.0000   3359875.0449   1672635.3355   4855746.2674
135341  180.0000  30.0000    1000.0000   3359875.0449   1672635.3355   4855746.2674
135841  180.0000  30.0000    1000.0000   3359875.0449   1672635.3355   4855746.2674
140341  180.0000  30.0000    1000.0000   3359875.0449   1672635.3355   4855746.2674
140841  180.0000  30.0000    1000.0000   3359875.0449   1672635.3355   4855746.2674
141341  180.0000  30.0000    1000.0000   3359875.0449   1672635.3355   4855746.2674
141841  180.0000  30.0000    1000.0000   3359875.0449   1672635.3355   4855746.2674
142341  180.0000  30.0000    1000.0000   3359875.0449   1672635.3355   4855746.2674
142841  180.0000  30.0000    1000.0000   3359875.0449   1672635.3355   4855746.2674
143341  180.0000  30.0000    1000.0000   3359875.0449   1672635.3355   4855746.2674
143841  180.0000  30.0000    1000.0000   3359875.0449   1672635.3355   4855746.2674
144341  180.0000  30.0000    1000.0000   3359875.0449   1672635.3355   4855746.2674
144841  180.0000  30.0000    1000.0000   3359875.0449   1672635.3355   4855746.2674
145341  180.0000  30.0000    1000.0000   3359875.0449   1672635.3355   4855746.2674
145841  180.0000  30.0000    1000.0000   3359875.0449   1672635.3355   4855746.2674
150341  180.0000  30.0000    1000.0000   3359875.0449   1672635.3355   4855746.2674
150841  180.0000  30.0000    1000.0000   3359875.0449   1672635.3355   4855746.2674
151341  180.0000  30.0000    1000.0000   3359875.0449   1672635.3355   4855746.2674
151841  180.0000  30.0000    1000.0000   3359875.0449   1672635.3355   4855746.2674
152341  180.0000  30.0000    1000.0000   3359875.0449   1672635.3355   4855746.2674
152841  180.0000  30.0000    1000.0000   3359875.0449   1672635.3355   4855746.2674
153341  180.0000  30.0000    1000.0000   3359875.0449   1672635.3355   4855746.2674
153841  180.0000  30.0000    1000.0000   3359875.0449   1672635.3355   4855746.2674
154341  180.0000  30.0000    1000.0000   3359875.0449   1672635.3355   4855746.2674
154841  180.0000  30.0000    1000.0000   3359875.0449   1672635.3355   4855746.2674
155341  180.0000  30.0000    1000.0000   3359875.0449   1672635.3355   4855746.2674
155841  180.0000  30.0000    1000.0000   3359875.0449   1672635.3355   4855746.2674
160341  180.0000  30.0000    1000.0000   3359875.0449   1672635.3355   4855746.2674
160841  180.0000  30.0000    1000.0000   3359875.0449   1672635.3355   4855746.2674
161341  180.0000  30.0000    1000.0000   3359875.0449   1672635.3355   4855746.2674
161841  180.0000  30.0000    1000.0000   3359875.0449   1672635.3355   4855746.2674
162341  180.0000  30.0000    1000.0000   3359875.0449   1672635.3355   4855746.2674
162841  180.0000  30.0000    1000.0000   3359875.0449   1672635.3355   4855746.2674
163341  180.0000  30.0000    1000.0000   3359875.0449   1672635.3355   4855746.2674
163841  180.0000  30.0000    1000.0000   3359875.0449   1672635.3355   4855746.2674
164341  180.0000  30.0000    1000.0000   3359875.0449   1672635.3355   4855746.2674
164841  180.0000  30.0000    1000.0000   3359875.0449   1672635.3355   4855746.2674
165341  180.0000  30.0000    1000.0000   3359875.0449   1672635.3355   4855746.2674
165841  180.0000  30.0000    1000.0000   3359875.0449   1672635.3355   4855746.2674
170341  180.0000  30.0000    1000.0000   3359875.0449   1672635.3355   4855746.2674
170841  180.0000  30.0000    1000.0000   3359875.0449   1672635.3355   4855746.2674
