X3516110 R_PNT     RP_TEST 1808 0000000  180 30.0 2025 161 102527 300 100   0   0 1     -1
102527  180.0000  30.0000    1000.0000   5133642.4365   1423043.9701   4423437.1000
102707  180.0000  30.0000    1000.0000   5133642.4365   1423043.9701   4423437.1000
102847  180.0000  30.0000    1000.0000   5133642.4365   1423043.9701   4423437.1000
103027  180.0000  30.0000    1000.0000   5133642.4365   1423043.9701   4423437.1000
103207  180.0000  30.0000    1000.0000   5133642.4365   1423043.9701   4423437.1000
103347  180.0000  30.0000    1000.0000   5133642.4365   1423043.9701   4423437.1000
103527  180.0000  30.0000    1000.0000   5133642.4365   1423043.9701   4423437.1000
103707  180.0000  30.0000    1000.0000   5133642.4365   1423043.9701   4423437.1000
103847  180.0000  30.0000    1000.0000   5133642.4365   1423043.9701   4423437.1000
104027  180.0000  30.0000    1000.0000   5133642.4365   1423043.9701   4423437.1000
104207  180.0000  30.0000    1000.0000   5133642.4365   1423043.9701   4423437.1000
104347  180.0000  30.0000    1000.0000   5133642.4365   1423043.9701   4423437.1000
104527  180.0000  30.0000    1000.0000   5133642.4365   1423043.9701   4423437.1000
104707  180.0000  30.0000    1000.0000   5133642.4365   1423043.9701   4423437.1000
104847  180.0000  30.0000    1000.0000   5133642.4365   1423043.9701   4423437.1000
105027  180.0000  30.0000    1000.0000   5133642.4365   1423043.9701   4423437.1000
105207  180.0000  30.0000    1000.0000   5133642.4365   1423043.9701   4423437.1000
105347  180.0000  30.0000    1000.0000   5133642.4365   1423043.9701   4423437.1000
105527  180.0000  30.0000    1000.0000   5133642.4365   1423043.9701   4423437.1000
105707  180.0000  30.0000    1000.0000   5133642.4365   1423043.9701   4423437.1000
105847  180.0000  30.0000    1000.0000   5133642.4365   1423043.9701   4423437.1000
110027  180.0000  30.0000    1000.0000   5133642.4365   1423043.9701   4423437.1000
110207  180.0000  30.0000    1000.0000   5133642.4365   1423043.9701   4423437.1000
110347  180.0000  30.0000    1000.0000   5133642.4365   1423043.9701   4423437.1000
110527  180.0000  30.0000    1000.0000   5133642.4365   1423043.9701   4423437.1000
110707  180.0000  30.0000    1000.0000   5133642.4365   1423043.9701   4423437.1000
110847  180.0000  30.0000    1000.0000   5133642.4365   1423043.9701   4423437.1000
111027  180.0000  30.0000    1000.0000   5133642.4365   1423043.9701   4423437.1000
111207  180.0000  30.0000    1000.0000   5133642.4365   1423043.9701   4423437.1000
111347  180.0000  30.0000    1000.0000   5133642.4365   1423043.9701   4423437.1000
111527  180.0000  30.0000    1000.0000   5133642.4365   1423043.9701   4423437.1000
111707  180.0000  30.0000    1000.0000   5133642.4365   1423043.9701   4423437.1000
111847  180.0000  30.0000    1000.0000   5133642.4365   1423043.9701   4423437.1000
112027  180.0000  30.0000    1000.0000   5133642.4365   1423043.9701   4423437.1000
112207  180.0000  30.0000    1000.0000   5133642.4365   1423043.9701   4423437.1000
112347  180.0000  30.0000    1000.0000   5133642.4365   1423043.9701   4423437.1000
112527  180.0000  30.0000    1000.0000   5133642.4365   1423043.9701   4423437.1000
112707  180.0000  30.0000    1000.0000   5133642.4365   1423043.9701   4423437.1000
112847  180.0000  30.0000    1000.0000   5133642.4365   1423043.9701   4423437.1000
113027  180.0000  30.0000    1000.0000   5133642.4365   1423043.9701   4423437.1000
113207  180.0000  30.0000    1000.0000   5133642.4365   1423043.9701   4423437.1000
113347  180.0000  30.0000    1000.0000   5133642.4365   1423043.9701   4423437.1000
113527  180.0000  30.0000    1000.0000   5133642.4365   1423043.9701   4423437.1000
113707  180.0000  30.0000    1000.0000   5133642.4365   1423043.9701   4423437.1000
113847  180.0000  30.0000    1000.0000   5133642.4365   1423043.9701   4423437.1000
114027  180.0000  30.0000    1000.0000   5133642.4365   1423043.9701   4423437.1000
114207  180.0000  30.0000    1000.0000   5133642.4365   1423043.9701   4423437.1000
114347  180.0000  30.0000    1000.0000   5133642.4365   1423043.9701   4423437.1000
114527  180.0000  30.0000    1000.0000   5133642.4365   1423043.9701   4423437.1000
114707  180.0000  30.0000    1000.0000   5133642.4365   1423043.9701   4423437.1000
114847  180.0000  30.0000    1000.0000   5133642.4365   1423043.9701   4423437.1000
115027  180.0000  30.0000    1000.0000   5133642.4365   1423043.9701   4423437.1000
115207  180.0000  30.0000    1000.0000   5133642.4365   1423043.9701   4423437.1000
115347  180.0000  30.0000    1000.0000   5133642.4365   1423043.9701   4423437.1000
115527  180.0000  30.0000    1000.0000   5133642.4365   1423043.9701   4423437.1000
115707  180.0000  30.0000    1000.0000   5133642.4365   1423043.9701   4423437.1000
115847  180.0000  30.0000    1000.0000   5133642.4365   1423043.9701   4423437.1000
120027  180.0000  30.0000    1000.0000   5133642.4365   1423043.9701   4423437.1000
120207  180.0000  30.0000    1000.0000   5133642.4365   1423043.9701   4423437.1000
120347  180.0000  30.0000    1000.0000   5133642.4365   1423043.9701   4423437.1000
120527  180.0000  30.0000    1000.0000   5133642.4365   1423043.9701   4423437.1000
120707  180.0000  30.0000    1000.0000   5133642.4365   1423043.9701   4423437.1000
120847  180.0000  30.0000    1000.0000   5133642.4365   1423043.9701   4423437.1000
121027  180.0000  30.0000    1000.0000   5133642.4365   1423043.9701   4423437.1000
121207  180.0000  30.0000    1000.0000   5133642.4365   1423043.9701   4423437.1000
121347  180.0000  30.0000    1000.0000   5133642.4365   1423043.9701   4423437.1000
121527  180.0000  30.0000    1000.0000   5133642.4365   1423043.9701   4423437.1000
121707  180.0000  30.0000    1000.0000   5133642.4365   1423043.9701   4423437.1000
121847  180.0000  30.0000    1000.0000   5133642.4365   1423043.9701   4423437.1000
122027  180.0000  30.0000    1000.0000   5133642.4365   1423043.9701   4423437.1000
122207  180.0000  30.0000    1000.0000   5133642.4365   1423043.9701   4423437.1000
122347  180.0000  30.0000    1000.0000   5133642.4365   1423043.9701   4423437.1000
122527  180.0000  30.0000    1000.0000   5133642.4365   1423043.9701   4423437.1000
122707  180.0000  30.0000    1000.0000   5133642.4365   1423043.9701   4423437.1000
122847  180.0000  30.0000    1000.0000   5133642.4365   1423043.9701   4423437.1000
123027  180.0000  30.0000    1000.0000   5133642.4365   1423043.9701   4423437.1000
123207  180.0000  30.0000    1000.0000   5133642.4365   1423043.9701   4423437.1000
123347  180.0000  30.0000    1000.0000   5133642.4365   1423043.9701   4423437.1000
123527  180.0000  30.0000    1000.0000   5133642.4365   1423043.9701   4423437.1000
123707  180.0000  30.0000    1000.0000   5133642.4365   1423043.9701   4423437.1000
123847  180.0000  30.0000    1000.0000   5133642.4365   1423043.9701   4423437.1000
124027  180.0000  30.0000    1000.0000   5133642.4365   1423043.9701   4423437.1000
124207  180.0000  30.0000    1000.0000   5133642.4365   1423043.9701   4423437.1000
124347  180.0000  30.0000    1000.0000   5133642.4365   1423043.9701   4423437.1000
124527  180.0000  30.0000    1000.0000   5133642.4365   1423043.9701   4423437.1000
124707  180.0000  30.0000    1000.0000   5133642.4365   1423043.9701   4423437.1000
124847  180.0000  30.0000    1000.0000   5133642.4365   1423043.9701   4423437.1000
125027  180.0000  30.0000    1000.0000   5133642.4365   1423043.9701   4423437.1000
125207  180.0000  30.0000    1000.0000   5133642.4365   1423043.9701   4423437.1000
125347  180.0000  30.0000    1000.0000   5133642.4365   1423043.9701   4423437.1000
125527  180.0000  30.0000    1000.0000   5133642.4365   1423043.9701   4423437.1000
125707  180.0000  30.0000    1000.0000   5133642.4365   1423043.9701   4423437.1000
125847  180.0000  30.0000    1000.0000   5133642.4365   1423043.9701   4423437.1000
130027  180.0000  30.0000    1000.0000   5133642.4365   1423043.9701   4423437.1000
130207  180.0000  30.0000    1000.0000   5133642.4365   1423043.9701   4423437.1000
130347  180.0000  30.0000    1000.0000   5133642.4365   1423043.9701   4423437.1000
130527  180.0000  30.0000    1000.0000   5133642.4365   1423043.9701   4423437.1000
130707  180.0000  30.0000    1000.0000   5133642.4365   1423043.9701   4423437.1000
130847  180.0000  30.0000    1000.0000   5133642.4365   1423043.9701   4423437.1000
131027  180.0000  30.0000    1000.0000   5133642.4365   1423043.9701   4423437.1000
