X3612708 R_PNT     RP_TEST 1808 0000000  180 45.0 2025 127 085341 300 100   0   0 1     -1
085341  180.0000  45.0000    1000.0000   3513018.8344   1782623.5759   5036295.1918
085841  180.0000  45.0000    1000.0000   3513018.8344   1782623.5759   5036295.1918
090341  180.0000  45.0000    1000.0000   3513018.8344   1782623.5759   5036295.1918
090841  180.0000  45.0000    1000.0000   3513018.8344   1782623.5759   5036295.1918
091341  180.0000  45.0000    1000.0000   3513018.8344   1782623.5759   5036295.1918
091841  180.0000  45.0000    1000.0000   3513018.8344   1782623.5759   5036295.1918
092341  180.0000  45.0000    1000.0000   3513018.8344   1782623.5759   5036295.1918
092841  180.0000  45.0000    1000.0000   3513018.8344   1782623.5759   5036295.1918
093341  180.0000  45.0000    1000.0000   3513018.8344   1782623.5759   5036295.1918
093841  180.0000  45.0000    1000.0000   3513018.8344   1782623.5759   5036295.1918
094341  180.0000  45.0000    1000.0000   3513018.8344   1782623.5759   5036295.1918
094841  180.0000  45.0000    1000.0000   3513018.8344   1782623.5759   5036295.1918
095341  180.0000  45.0000    1000.0000   3513018.8344   1782623.5759   5036295.1918
095841  180.0000  45.0000    1000.0000   3513018.8344   1782623.5759   5036295.1918
100341  180.0000  45.0000    1000.0000   3513018.8344   1782623.5759   5036295.1918
100841  180.0000  45.0000    1000.0000   3513018.8344   1782623.5759   5036295.1918
101341  180.0000  45.0000    1000.0000   3513018.8344   1782623.5759   5036295.1918
101841  180.0000  45.0000    1000.0000   3513018.8344   1782623.5759   5036295.1918
102341  180.0000  45.0000    1000.0000   3513018.8344   1782623.5759   5036295.1918
102841  180.0000  45.0000    1000.0000   3513018.8344   1782623.5759   5036295.1918
103341  180.0000  45.0000    1000.0000   3513018.8344   1782623.5759   5036295.1918
103841  180.0000  45.0000    1000.0000   3513018.8344   1782623.5759   5036295.1918
104341  180.0000  45.0000    1000.0000   3513018.8344   1782623.5759   5036295.1918
104841  180.0000  45.0000    1000.0000   3513018.8344   1782623.5759   5036295.1918
105341  180.0000  45.0000    1000.0000   3513018.8344   1782623.5759   5036295.1918
105841  180.0000  45.0000    1000.0000   3513018.8344   1782623.5759   5036295.1918
110341  180.0000  45.0000    1000.0000   3513018.8344   1782623.5759   5036295.1918
110841  180.0000  45.0000    1000.0000   3513018.8344   1782623.5759   5036295.1918
111341  180.0000  45.0000    1000.0000   3513018.8344   1782623.5759   5036295.1918
111841  180.0000  45.0000    1000.0000   3513018.8344   1782623.5759   5036295.1918
112341  180.0000  45.0000    1000.0000   3513018.8344   1782623.5759   5036295.1918
112841  180.0000  45.0000    1000.0000   3513018.8344   1782623.5759   5036295.1918
113341  180.0000  45.0000    1000.0000   3513018.8344   1782623.5759   5036295.1918
113841  180.0000  45.0000    1000.0000   3513018.8344   1782623.5759   5036295.1918
114341  180.0000  45.0000    1000.0000   3513018.8344   1782623.5759   5036295.1918
114841  180.0000  45.0000    1000.0000   3513018.8344   1782623.5759   5036295.1918
115341  180.0000  45.0000    1000.0000   3513018.8344   1782623.5759   5036295.1918
115841  180.0000  45.0000    1000.0000   3513018.8344   1782623.5759   5036295.1918
120341  180.0000  45.0000    1000.0000   3513018.8344   1782623.5759   5036295.1918
120841  180.0000  45.0000    1000.0000   3513018.8344   1782623.5759   5036295.1918
121341  180.0000  45.0000    1000.0000   3513018.8344   1782623.5759   5036295.1918
121841  180.0000  45.0000    1000.0000   3513018.8344   1782623.5759   5036295.1918
122341  180.0000  45.0000    1000.0000   3513018.8344   1782623.5759   5036295.1918
122841  180.0000  45.0000    1000.0000   3513018.8344   1782623.5759   5036295.1918
123341  180.0000  45.0000    1000.0000   3513018.8344   1782623.5759   5036295.1918
123841  180.0000  45.0000    1000.0000   3513018.8344   1782623.5759   5036295.1918
124341  180.0000  45.0000    1000.0000   3513018.8344   1782623.5759   5036295.1918
124841  180.0000  45.0000    1000.0000   3513018.8344   1782623.5759   5036295.1918
125341  180.0000  45.0000    1000.0000   3513018.8344   1782623.5759   5036295.1918
125841  180.0000  45.0000    1000.0000   3513018.8344   1782623.5759   5036295.1918
130341  180.0000  45.0000    1000.0000   3513018.8344   1782623.5759   5036295.1918
130841  180.0000  45.0000    1000.0000   3513018.8344   1782623.5759   5036295.1918
131341  180.0000  45.0000    1000.0000   3513018.8344   1782623.5759   5036295.1918
131841  180.0000  45.0000    1000.0000   3513018.8344   1782623.5759   5036295.1918
132341  180.0000  45.0000    1000.0000   3513018.8344   1782623.5759   5036295.1918
132841  180.0000  45.0000    1000.0000   3513018.8344   1782623.5759   5036295.1918
133341  180.0000  45.0000    1000.0000   3513018.8344   1782623.5759   5036295.1918
133841  180.0000  45.0000    1000.0000   3513018.8344   1782623.5759   5036295.1918
134341  180.0000  45.0000    1000.0000   3513018.8344   1782623.5759   5036295.1918
134841  180.0000  45.0000    1000.0000   3513018.8344   1782623.5759   5036295.1918
135341  180.0000  45.0000    1000.0000   3513018.8344   1782623.5759   5036295.1918
135841  180.0000  45.0000    1000.0000   3513018.8344   1782623.5759   5036295.1918
140341  180.0000  45.0000    1000.0000   3513018.8344   1782623.5759   5036295.1918
140841  180.0000  45.0000    1000.0000   3513018.8344   1782623.5759   5036295.1918
141341  180.0000  45.0000    1000.0000   3513018.8344   1782623.5759   5036295.1918
141841  180.0000  45.0000    1000.0000   3513018.8344   1782623.5759   5036295.1918
142341  180.0000  45.0000    1000.0000   3513018.8344   1782623.5759   5036295.1918
142841  180.0000  45.0000    1000.0000   3513018.8344   1782623.5759   5036295.1918
143341  180.0000  45.0000    1000.0000   3513018.8344   1782623.5759   5036295.1918
143841  180.0000  45.0000    1000.0000   3513018.8344   1782623.5759   5036295.1918
144341  180.0000  45.0000    1000.0000   3513018.8344   1782623.5759   5036295.1918
144841  180.0000  45.0000    1000.0000   3513018.8344   1782623.5759   5036295.1918
145341  180.0000  45.0000    1000.0000   3513018.8344   1782623.5759   5036295.1918
145841  180.0000  45.0000    1000.0000   3513018.8344   1782623.5759   5036295.1918
150341  180.0000  45.0000    1000.0000   3513018.8344   1782623.5759   5036295.1918
150841  180.0000  45.0000    1000.0000   3513018.8344   1782623.5759   5036295.1918
151341  180.0000  45.0000    1000.0000   3513018.8344   1782623.5759   5036295.1918
151841  180.0000  45.0000    1000.0000   3513018.8344   1782623.5759   5036295.1918
152341  180.0000  45.0000    1000.0000   3513018.8344   1782623.5759   5036295.1918
152841  180.0000  45.0000    1000.0000   3513018.8344   1782623.5759   5036295.1918
153341  180.0000  45.0000    1000.0000   3513018.8344   1782623.5759   5036295.1918
153841  180.0000  45.0000    1000.0000   3513018.8344   1782623.5759   5036295.1918
154341  180.0000  45.0000    1000.0000   3513018.8344   1782623.5759   5036295.1918
154841  180.0000  45.0000    1000.0000   3513018.8344   1782623.5759   5036295.1918
155341  180.0000  45.0000    1000.0000   3513018.8344   1782623.5759   5036295.1918
155841  180.0000  45.0000    1000.0000   3513018.8344   1782623.5759   5036295.1918
160341  180.0000  45.0000    1000.0000   3513018.8344   1782623.5759   5036295.1918
160841  180.0000  45.0000    1000.0000   3513018.8344   1782623.5759   5036295.1918
161341  180.0000  45.0000    1000.0000   3513018.8344   1782623.5759   5036295.1918
161841  180.0000  45.0000    1000.0000   3513018.8344   1782623.5759   5036295.1918
162341  180.0000  45.0000    1000.0000   3513018.8344   1782623.5759   5036295.1918
162841  180.0000  45.0000    1000.0000   3513018.8344   1782623.5759   5036295.1918
163341  180.0000  45.0000    1000.0000   3513018.8344   1782623.5759   5036295.1918
163841  180.0000  45.0000    1000.0000   3513018.8344   1782623.5759   5036295.1918
164341  180.0000  45.0000    1000.0000   3513018.8344   1782623.5759   5036295.1918
164841  180.0000  45.0000    1000.0000   3513018.8344   1782623.5759   5036295.1918
165341  180.0000  45.0000    1000.0000   3513018.8344   1782623.5759   5036295.1918
165841  180.0000  45.0000    1000.0000   3513018.8344   1782623.5759   5036295.1918
170341  180.0000  45.0000    1000.0000   3513018.8344   1782623.5759   5036295.1918
170841  180.0000  45.0000    1000.0000   3513018.8344   1782623.5759   5036295.1918
