X3616110 R_PNT     RP_TEST 1808 0000000  180 45.0 2025 161 102527 300 100   0   0 1     -1
102527  180.0000  45.0000    1000.0000   5157460.7134   1429646.3635   4683316.7750
102707  180.0000  45.0000    1000.0000   5157460.7134   1429646.3635   4683316.7750
102847  180.0000  45.0000    1000.0000   5157460.7134   1429646.3635   4683316.7750
103027  180.0000  45.0000    1000.0000   5157460.7134   1429646.3635   4683316.7750
103207  180.0000  45.0000    1000.0000   5157460.7134   1429646.3635   4683316.7750
103347  180.0000  45.0000    1000.0000   5157460.7134   1429646.3635   4683316.7750
103527  180.0000  45.0000    1000.0000   5157460.7134   1429646.3635   4683316.7750
103707  180.0000  45.0000    1000.0000   5157460.7134   1429646.3635   4683316.7750
103847  180.0000  45.0000    1000.0000   5157460.7134   1429646.3635   4683316.7750
104027  180.0000  45.0000    1000.0000   5157460.7134   1429646.3635   4683316.7750
104207  180.0000  45.0000    1000.0000   5157460.7134   1429646.3635   4683316.7750
104347  180.0000  45.0000    1000.0000   5157460.7134   1429646.3635   4683316.7750
104527  180.0000  45.0000    1000.0000   5157460.7134   1429646.3635   4683316.7750
104707  180.0000  45.0000    1000.0000   5157460.7134   1429646.3635   4683316.7750
104847  180.0000  45.0000    1000.0000   5157460.7134   1429646.3635   4683316.7750
105027  180.0000  45.0000    1000.0000   5157460.7134   1429646.3635   4683316.7750
105207  180.0000  45.0000    1000.0000   5157460.7134   1429646.3635   4683316.7750
105347  180.0000  45.0000    1000.0000   5157460.7134   1429646.3635   4683316.7750
105527  180.0000  45.0000    1000.0000   5157460.7134   1429646.3635   4683316.7750
105707  180.0000  45.0000    1000.0000   5157460.7134   1429646.3635   4683316.7750
105847  180.0000  45.0000    1000.0000   5157460.7134   1429646.3635   4683316.7750
110027  180.0000  45.0000    1000.0000   5157460.7134   1429646.3635   4683316.7750
110207  180.0000  45.0000    1000.0000   5157460.7134   1429646.3635   4683316.7750
110347  180.0000  45.0000    1000.0000   5157460.7134   1429646.3635   4683316.7750
110527  180.0000  45.0000    1000.0000   5157460.7134   1429646.3635   4683316.7750
110707  180.0000  45.0000    1000.0000   5157460.7134   1429646.3635   4683316.7750
110847  180.0000  45.0000    1000.0000   5157460.7134   1429646.3635   4683316.7750
111027  180.0000  45.0000    1000.0000   5157460.7134   1429646.3635   4683316.7750
111207  180.0000  45.0000    1000.0000   5157460.7134   1429646.3635   4683316.7750
111347  180.0000  45.0000    1000.0000   5157460.7134   1429646.3635   4683316.7750
111527  180.0000  45.0000    1000.0000   5157460.7134   1429646.3635   4683316.7750
111707  180.0000  45.0000    1000.0000   5157460.7134   1429646.3635   4683316.7750
111847  180.0000  45.0000    1000.0000   5157460.7134   1429646.3635   4683316.7750
112027  180.0000  45.0000    1000.0000   5157460.7134   1429646.3635   4683316.7750
112207  180.0000  45.0000    1000.0000   5157460.7134   1429646.3635   4683316.7750
112347  180.0000  45.0000    1000.0000   5157460.7134   1429646.3635   4683316.7750
112527  180.0000  45.0000    1000.0000   5157460.7134   1429646.3635   4683316.7750
112707  180.0000  45.0000    1000.0000   5157460.7134   1429646.3635   4683316.7750
112847  180.0000  45.0000    1000.0000   5157460.7134   1429646.3635   4683316.7750
113027  180.0000  45.0000    1000.0000   5157460.7134   1429646.3635   4683316.7750
113207  180.0000  45.0000    1000.0000   5157460.7134   1429646.3635   4683316.7750
113347  180.0000  45.0000    1000.0000   5157460.7134   1429646.3635   4683316.7750
113527  180.0000  45.0000    1000.0000   5157460.7134   1429646.3635   4683316.7750
113707  180.0000  45.0000    1000.0000   5157460.7134   1429646.3635   4683316.7750
113847  180.0000  45.0000    1000.0000   5157460.7134   1429646.3635   4683316.7750
114027  180.0000  45.0000    1000.0000   5157460.7134   1429646.3635   4683316.7750
114207  180.0000  45.0000    1000.0000   5157460.7134   1429646.3635   4683316.7750
114347  180.0000  45.0000    1000.0000   5157460.7134   1429646.3635   4683316.7750
114527  180.0000  45.0000    1000.0000   5157460.7134   1429646.3635   4683316.7750
114707  180.0000  45.0000    1000.0000   5157460.7134   1429646.3635   4683316.7750
114847  180.0000  45.0000    1000.0000   5157460.7134   1429646.3635   4683316.7750
115027  180.0000  45.0000    1000.0000   5157460.7134   1429646.3635   4683316.7750
115207  180.0000  45.0000    1000.0000   5157460.7134   1429646.3635   4683316.7750
115347  180.0000  45.0000    1000.0000   5157460.7134   1429646.3635   4683316.7750
115527  180.0000  45.0000    1000.0000   5157460.7134   1429646.3635   4683316.7750
115707  180.0000  45.0000    1000.0000   5157460.7134   1429646.3635   4683316.7750
115847  180.0000  45.0000    1000.0000   5157460.7134   1429646.3635   4683316.7750
120027  180.0000  45.0000    1000.0000   5157460.7134   1429646.3635   4683316.7750
120207  180.0000  45.0000    1000.0000   5157460.7134   1429646.3635   4683316.7750
120347  180.0000  45.0000    1000.0000   5157460.7134   1429646.3635   4683316.7750
120527  180.0000  45.0000    1000.0000   5157460.7134   1429646.3635   4683316.7750
120707  180.0000  45.0000    1000.0000   5157460.7134   1429646.3635   4683316.7750
120847  180.0000  45.0000    1000.0000   5157460.7134   1429646.3635   4683316.7750
121027  180.0000  45.0000    1000.0000   5157460.7134   1429646.3635   4683316.7750
121207  180.0000  45.0000    1000.0000   5157460.7134   1429646.3635   4683316.7750
121347  180.0000  45.0000    1000.0000   5157460.7134   1429646.3635   4683316.7750
121527  180.0000  45.0000    1000.0000   5157460.7134   1429646.3635   4683316.7750
121707  180.0000  45.0000    1000.0000   5157460.7134   1429646.3635   4683316.7750
121847  180.0000  45.0000    1000.0000   5157460.7134   1429646.3635   4683316.7750
122027  180.0000  45.0000    1000.0000   5157460.7134   1429646.3635   4683316.7750
122207  180.0000  45.0000    1000.0000   5157460.7134   1429646.3635   4683316.7750
122347  180.0000  45.0000    1000.0000   5157460.7134   1429646.3635   4683316.7750
122527  180.0000  45.0000    1000.0000   5157460.7134   1429646.3635   4683316.7750
122707  180.0000  45.0000    1000.0000   5157460.7134   1429646.3635   4683316.7750
122847  180.0000  45.0000    1000.0000   5157460.7134   1429646.3635   4683316.7750
123027  180.0000  45.0000    1000.0000   5157460.7134   1429646.3635   4683316.7750
123207  180.0000  45.0000    1000.0000   5157460.7134   1429646.3635   4683316.7750
123347  180.0000  45.0000    1000.0000   5157460.7134   1429646.3635   4683316.7750
123527  180.0000  45.0000    1000.0000   5157460.7134   1429646.3635   4683316.7750
123707  180.0000  45.0000    1000.0000   5157460.7134   1429646.3635   4683316.7750
123847  180.0000  45.0000    1000.0000   5157460.7134   1429646.3635   4683316.7750
124027  180.0000  45.0000    1000.0000   5157460.7134   1429646.3635   4683316.7750
124207  180.0000  45.0000    1000.0000   5157460.7134   1429646.3635   4683316.7750
124347  180.0000  45.0000    1000.0000   5157460.7134   1429646.3635   4683316.7750
124527  180.0000  45.0000    1000.0000   5157460.7134   1429646.3635   4683316.7750
124707  180.0000  45.0000    1000.0000   5157460.7134   1429646.3635   4683316.7750
124847  180.0000  45.0000    1000.0000   5157460.7134   1429646.3635   4683316.7750
125027  180.0000  45.0000    1000.0000   5157460.7134   1429646.3635   4683316.7750
125207  180.0000  45.0000    1000.0000   5157460.7134   1429646.3635   4683316.7750
125347  180.0000  45.0000    1000.0000   5157460.7134   1429646.3635   4683316.7750
125527  180.0000  45.0000    1000.0000   5157460.7134   1429646.3635   4683316.7750
125707  180.0000  45.0000    1000.0000   5157460.7134   1429646.3635   4683316.7750
125847  180.0000  45.0000    1000.0000   5157460.7134   1429646.3635   4683316.7750
130027  180.0000  45.0000    1000.0000   5157460.7134   1429646.3635   4683316.7750
130207  180.0000  45.0000    1000.0000   5157460.7134   1429646.3635   4683316.7750
130347  180.0000  45.0000    1000.0000   5157460.7134   1429646.3635   4683316.7750
130527  180.0000  45.0000    1000.0000   5157460.7134   1429646.3635   4683316.7750
130707  180.0000  45.0000    1000.0000   5157460.7134   1429646.3635   4683316.7750
130847  180.0000  45.0000    1000.0000   5157460.7134   1429646.3635   4683316.7750
131027  180.0000  45.0000    1000.0000   5157460.7134   1429646.3635   4683316.7750
