X3612711 R_PNT     RP_TEST 1808 0000000  180 45.0 2025 127 115550 300 100   0   0 1     -1
115550  180.0000  45.0000    1000.0000   5157460.7134   1429646.3635   4683316.7750
120050  180.0000  45.0000    1000.0000   5157460.7134   1429646.3635   4683316.7750
120550  180.0000  45.0000    1000.0000   5157460.7134   1429646.3635   4683316.7750
121050  180.0000  45.0000    1000.0000   5157460.7134   1429646.3635   4683316.7750
121550  180.0000  45.0000    1000.0000   5157460.7134   1429646.3635   4683316.7750
122050  180.0000  45.0000    1000.0000   5157460.7134   1429646.3635   4683316.7750
122550  180.0000  45.0000    1000.0000   5157460.7134   1429646.3635   4683316.7750
123050  180.0000  45.0000    1000.0000   5157460.7134   1429646.3635   4683316.7750
123550  180.0000  45.0000    1000.0000   5157460.7134   1429646.3635   4683316.7750
124050  180.0000  45.0000    1000.0000   5157460.7134   1429646.3635   4683316.7750
124550  180.0000  45.0000    1000.0000   5157460.7134   1429646.3635   4683316.7750
125050  180.0000  45.0000    1000.0000   5157460.7134   1429646.3635   4683316.7750
125550  180.0000  45.0000    1000.0000   5157460.7134   1429646.3635   4683316.7750
130050  180.0000  45.0000    1000.0000   5157460.7134   1429646.3635   4683316.7750
130550  180.0000  45.0000    1000.0000   5157460.7134   1429646.3635   4683316.7750
131050  180.0000  45.0000    1000.0000   5157460.7134   1429646.3635   4683316.7750
131550  180.0000  45.0000    1000.0000   5157460.7134   1429646.3635   4683316.7750
132050  180.0000  45.0000    1000.0000   5157460.7134   1429646.3635   4683316.7750
132550  180.0000  45.0000    1000.0000   5157460.7134   1429646.3635   4683316.7750
133050  180.0000  45.0000    1000.0000   5157460.7134   1429646.3635   4683316.7750
133550  180.0000  45.0000    1000.0000   5157460.7134   1429646.3635   4683316.7750
134050  180.0000  45.0000    1000.0000   5157460.7134   1429646.3635   4683316.7750
134550  180.0000  45.0000    1000.0000   5157460.7134   1429646.3635   4683316.7750
135050  180.0000  45.0000    1000.0000   5157460.7134   1429646.3635   4683316.7750
135550  180.0000  45.0000    1000.0000   5157460.7134   1429646.3635   4683316.7750
140050  180.0000  45.0000    1000.0000   5157460.7134   1429646.3635   4683316.7750
140550  180.0000  45.0000    1000.0000   5157460.7134   1429646.3635   4683316.7750
141050  180.0000  45.0000    1000.0000   5157460.7134   1429646.3635   4683316.7750
141550  180.0000  45.0000    1000.0000   5157460.7134   1429646.3635   4683316.7750
142050  180.0000  45.0000    1000.0000   5157460.7134   1429646.3635   4683316.7750
142550  180.0000  45.0000    1000.0000   5157460.7134   1429646.3635   4683316.7750
143050  180.0000  45.0000    1000.0000   5157460.7134   1429646.3635   4683316.7750
143550  180.0000  45.0000    1000.0000   5157460.7134   1429646.3635   4683316.7750
144050  180.0000  45.0000    1000.0000   5157460.7134   1429646.3635   4683316.7750
144550  180.0000  45.0000    1000.0000   5157460.7134   1429646.3635   4683316.7750
145050  180.0000  45.0000    1000.0000   5157460.7134   1429646.3635   4683316.7750
145550  180.0000  45.0000    1000.0000   5157460.7134   1429646.3635   4683316.7750
150050  180.0000  45.0000    1000.0000   5157460.7134   1429646.3635   4683316.7750
150550  180.0000  45.0000    1000.0000   5157460.7134   1429646.3635   4683316.7750
151050  180.0000  45.0000    1000.0000   5157460.7134   1429646.3635   4683316.7750
151550  180.0000  45.0000    1000.0000   5157460.7134   1429646.3635   4683316.7750
152050  180.0000  45.0000    1000.0000   5157460.7134   1429646.3635   4683316.7750
152550  180.0000  45.0000    1000.0000   5157460.7134   1429646.3635   4683316.7750
153050  180.0000  45.0000    1000.0000   5157460.7134   1429646.3635   4683316.7750
153550  180.0000  45.0000    1000.0000   5157460.7134   1429646.3635   4683316.7750
154050  180.0000  45.0000    1000.0000   5157460.7134   1429646.3635   4683316.7750
154550  180.0000  45.0000    1000.0000   5157460.7134   1429646.3635   4683316.7750
155050  180.0000  45.0000    1000.0000   5157460.7134   1429646.3635   4683316.7750
155550  180.0000  45.0000    1000.0000   5157460.7134   1429646.3635   4683316.7750
160050  180.0000  45.0000    1000.0000   5157460.7134   1429646.3635   4683316.7750
160550  180.0000  45.0000    1000.0000   5157460.7134   1429646.3635   4683316.7750
161050  180.0000  45.0000    1000.0000   5157460.7134   1429646.3635   4683316.7750
161550  180.0000  45.0000    1000.0000   5157460.7134   1429646.3635   4683316.7750
162050  180.0000  45.0000    1000.0000   5157460.7134   1429646.3635   4683316.7750
162550  180.0000  45.0000    1000.0000   5157460.7134   1429646.3635   4683316.7750
163050  180.0000  45.0000    1000.0000   5157460.7134   1429646.3635   4683316.7750
163550  180.0000  45.0000    1000.0000   5157460.7134   1429646.3635   4683316.7750
164050  180.0000  45.0000    1000.0000   5157460.7134   1429646.3635   4683316.7750
164550  180.0000  45.0000    1000.0000   5157460.7134   1429646.3635   4683316.7750
165050  180.0000  45.0000    1000.0000   5157460.7134   1429646.3635   4683316.7750
165550  180.0000  45.0000    1000.0000   5157460.7134   1429646.3635   4683316.7750
170050  180.0000  45.0000    1000.0000   5157460.7134   1429646.3635   4683316.7750
170550  180.0000  45.0000    1000.0000   5157460.7134   1429646.3635   4683316.7750
171050  180.0000  45.0000    1000.0000   5157460.7134   1429646.3635   4683316.7750
171550  180.0000  45.0000    1000.0000   5157460.7134   1429646.3635   4683316.7750
172050  180.0000  45.0000    1000.0000   5157460.7134   1429646.3635   4683316.7750
172550  180.0000  45.0000    1000.0000   5157460.7134   1429646.3635   4683316.7750
173050  180.0000  45.0000    1000.0000   5157460.7134   1429646.3635   4683316.7750
173550  180.0000  45.0000    1000.0000   5157460.7134   1429646.3635   4683316.7750
174050  180.0000  45.0000    1000.0000   5157460.7134   1429646.3635   4683316.7750
174550  180.0000  45.0000    1000.0000   5157460.7134   1429646.3635   4683316.7750
175050  180.0000  45.0000    1000.0000   5157460.7134   1429646.3635   4683316.7750
175550  180.0000  45.0000    1000.0000   5157460.7134   1429646.3635   4683316.7750
180050  180.0000  45.0000    1000.0000   5157460.7134   1429646.3635   4683316.7750
180550  180.0000  45.0000    1000.0000   5157460.7134   1429646.3635   4683316.7750
181050  180.0000  45.0000    1000.0000   5157460.7134   1429646.3635   4683316.7750
181550  180.0000  45.0000    1000.0000   5157460.7134   1429646.3635   4683316.7750
182050  180.0000  45.0000    1000.0000   5157460.7134   1429646.3635   4683316.7750
182550  180.0000  45.0000    1000.0000   5157460.7134   1429646.3635   4683316.7750
183050  180.0000  45.0000    1000.0000   5157460.7134   1429646.3635   4683316.7750
183550  180.0000  45.0000    1000.0000   5157460.7134   1429646.3635   4683316.7750
184050  180.0000  45.0000    1000.0000   5157460.7134   1429646.3635   4683316.7750
184550  180.0000  45.0000    1000.0000   5157460.7134   1429646.3635   4683316.7750
185050  180.0000  45.0000    1000.0000   5157460.7134   1429646.3635   4683316.7750
185550  180.0000  45.0000    1000.0000   5157460.7134   1429646.3635   4683316.7750
190050  180.0000  45.0000    1000.0000   5157460.7134   1429646.3635   4683316.7750
190550  180.0000  45.0000    1000.0000   5157460.7134   1429646.3635   4683316.7750
191050  180.0000  45.0000    1000.0000   5157460.7134   1429646.3635   4683316.7750
191550  180.0000  45.0000    1000.0000   5157460.7134   1429646.3635   4683316.7750
192050  180.0000  45.0000    1000.0000   5157460.7134   1429646.3635   4683316.7750
192550  180.0000  45.0000    1000.0000   5157460.7134   1429646.3635   4683316.7750
193050  180.0000  45.0000    1000.0000   5157460.7134   1429646.3635   4683316.7750
193550  180.0000  45.0000    1000.0000   5157460.7134   1429646.3635   4683316.7750
194050  180.0000  45.0000    1000.0000   5157460.7134   1429646.3635   4683316.7750
194550  180.0000  45.0000    1000.0000   5157460.7134   1429646.3635   4683316.7750
195050  180.0000  45.0000    1000.0000   5157460.7134   1429646.3635   4683316.7750
195550  180.0000  45.0000    1000.0000   5157460.7134   1429646.3635   4683316.7750
200050  180.0000  45.0000    1000.0000   5157460.7134   1429646.3635   4683316.7750
200550  180.0000  45.0000    1000.0000   5157460.7134   1429646.3635   4683316.7750
201050  180.0000  45.0000    1000.0000   5157460.7134   1429646.3635   4683316.7750
