X3712711 R_PNT     RP_TEST 1808 0000000  180 60.0 2025 127 115550 300 100   0   0 1     -1
115550  180.0000  60.0000    1000.0000   5115649.7729   1418056.4286   4940738.3477
120050  180.0000  60.0000    1000.0000   5115649.7729   1418056.4286   4940738.3477
120550  180.0000  60.0000    1000.0000   5115649.7729   1418056.4286   4940738.3477
121050  180.0000  60.0000    1000.0000   5115649.7729   1418056.4286   4940738.3477
121550  180.0000  60.0000    1000.0000   5115649.7729   1418056.4286   4940738.3477
122050  180.0000  60.0000    1000.0000   5115649.7729   1418056.4286   4940738.3477
122550  180.0000  60.0000    1000.0000   5115649.7729   1418056.4286   4940738.3477
123050  180.0000  60.0000    1000.0000   5115649.7729   1418056.4286   4940738.3477
123550  180.0000  60.0000    1000.0000   5115649.7729   1418056.4286   4940738.3477
124050  180.0000  60.0000    1000.0000   5115649.7729   1418056.4286   4940738.3477
124550  180.0000  60.0000    1000.0000   5115649.7729   1418056.4286   4940738.3477
125050  180.0000  60.0000    1000.0000   5115649.7729   1418056.4286   4940738.3477
125550  180.0000  60.0000    1000.0000   5115649.7729   1418056.4286   4940738.3477
130050  180.0000  60.0000    1000.0000   5115649.7729   1418056.4286   4940738.3477
130550  180.0000  60.0000    1000.0000   5115649.7729   1418056.4286   4940738.3477
131050  180.0000  60.0000    1000.0000   5115649.7729   1418056.4286   4940738.3477
131550  180.0000  60.0000    1000.0000   5115649.7729   1418056.4286   4940738.3477
132050  180.0000  60.0000    1000.0000   5115649.7729   1418056.4286   4940738.3477
132550  180.0000  60.0000    1000.0000   5115649.7729   1418056.4286   4940738.3477
133050  180.0000  60.0000    1000.0000   5115649.7729   1418056.4286   4940738.3477
133550  180.0000  60.0000    1000.0000   5115649.7729   1418056.4286   4940738.3477
134050  180.0000  60.0000    1000.0000   5115649.7729   1418056.4286   4940738.3477
134550  180.0000  60.0000    1000.0000   5115649.7729   1418056.4286   4940738.3477
135050  180.0000  60.0000    1000.0000   5115649.7729   1418056.4286   4940738.3477
135550  180.0000  60.0000    1000.0000   5115649.7729   1418056.4286   4940738.3477
140050  180.0000  60.0000    1000.0000   5115649.7729   1418056.4286   4940738.3477
140550  180.0000  60.0000    1000.0000   5115649.7729   1418056.4286   4940738.3477
141050  180.0000  60.0000    1000.0000   5115649.7729   1418056.4286   4940738.3477
141550  180.0000  60.0000    1000.0000   5115649.7729   1418056.4286   4940738.3477
142050  180.0000  60.0000    1000.0000   5115649.7729   1418056.4286   4940738.3477
142550  180.0000  60.0000    1000.0000   5115649.7729   1418056.4286   4940738.3477
143050  180.0000  60.0000    1000.0000   5115649.7729   1418056.4286   4940738.3477
143550  180.0000  60.0000    1000.0000   5115649.7729   1418056.4286   4940738.3477
144050  180.0000  60.0000    1000.0000   5115649.7729   1418056.4286   4940738.3477
144550  180.0000  60.0000    1000.0000   5115649.7729   1418056.4286   4940738.3477
145050  180.0000  60.0000    1000.0000   5115649.7729   1418056.4286   4940738.3477
145550  180.0000  60.0000    1000.0000   5115649.7729   1418056.4286   4940738.3477
150050  180.0000  60.0000    1000.0000   5115649.7729   1418056.4286   4940738.3477
150550  180.0000  60.0000    1000.0000   5115649.7729   1418056.4286   4940738.3477
151050  180.0000  60.0000    1000.0000   5115649.7729   1418056.4286   4940738.3477
151550  180.0000  60.0000    1000.0000   5115649.7729   1418056.4286   4940738.3477
152050  180.0000  60.0000    1000.0000   5115649.7729   1418056.4286   4940738.3477
152550  180.0000  60.0000    1000.0000   5115649.7729   1418056.4286   4940738.3477
153050  180.0000  60.0000    1000.0000   5115649.7729   1418056.4286   4940738.3477
153550  180.0000  60.0000    1000.0000   5115649.7729   1418056.4286   4940738.3477
154050  180.0000  60.0000    1000.0000   5115649.7729   1418056.4286   4940738.3477
154550  180.0000  60.0000    1000.0000   5115649.7729   1418056.4286   4940738.3477
155050  180.0000  60.0000    1000.0000   5115649.7729   1418056.4286   4940738.3477
155550  180.0000  60.0000    1000.0000   5115649.7729   1418056.4286   4940738.3477
160050  180.0000  60.0000    1000.0000   5115649.7729   1418056.4286   4940738.3477
160550  180.0000  60.0000    1000.0000   5115649.7729   1418056.4286   4940738.3477
161050  180.0000  60.0000    1000.0000   5115649.7729   1418056.4286   4940738.3477
161550  180.0000  60.0000    1000.0000   5115649.7729   1418056.4286   4940738.3477
162050  180.0000  60.0000    1000.0000   5115649.7729   1418056.4286   4940738.3477
162550  180.0000  60.0000    1000.0000   5115649.7729   1418056.4286   4940738.3477
163050  180.0000  60.0000    1000.0000   5115649.7729   1418056.4286   4940738.3477
163550  180.0000  60.0000    1000.0000   5115649.7729   1418056.4286   4940738.3477
164050  180.0000  60.0000    1000.0000   5115649.7729   1418056.4286   4940738.3477
164550  180.0000  60.0000    1000.0000   5115649.7729   1418056.4286   4940738.3477
165050  180.0000  60.0000    1000.0000   5115649.7729   1418056.4286   4940738.3477
165550  180.0000  60.0000    1000.0000   5115649.7729   1418056.4286   4940738.3477
170050  180.0000  60.0000    1000.0000   5115649.7729   1418056.4286   4940738.3477
170550  180.0000  60.0000    1000.0000   5115649.7729   1418056.4286   4940738.3477
171050  180.0000  60.0000    1000.0000   5115649.7729   1418056.4286   4940738.3477
171550  180.0000  60.0000    1000.0000   5115649.7729   1418056.4286   4940738.3477
172050  180.0000  60.0000    1000.0000   5115649.7729   1418056.4286   4940738.3477
172550  180.0000  60.0000    1000.0000   5115649.7729   1418056.4286   4940738.3477
173050  180.0000  60.0000    1000.0000   5115649.7729   1418056.4286   4940738.3477
173550  180.0000  60.0000    1000.0000   5115649.7729   1418056.4286   4940738.3477
174050  180.0000  60.0000    1000.0000   5115649.7729   1418056.4286   4940738.3477
174550  180.0000  60.0000    1000.0000   5115649.7729   1418056.4286   4940738.3477
175050  180.0000  60.0000    1000.0000   5115649.7729   1418056.4286   4940738.3477
175550  180.0000  60.0000    1000.0000   5115649.7729   1418056.4286   4940738.3477
180050  180.0000  60.0000    1000.0000   5115649.7729   1418056.4286   4940738.3477
180550  180.0000  60.0000    1000.0000   5115649.7729   1418056.4286   4940738.3477
181050  180.0000  60.0000    1000.0000   5115649.7729   1418056.4286   4940738.3477
181550  180.0000  60.0000    1000.0000   5115649.7729   1418056.4286   4940738.3477
182050  180.0000  60.0000    1000.0000   5115649.7729   1418056.4286   4940738.3477
182550  180.0000  60.0000    1000.0000   5115649.7729   1418056.4286   4940738.3477
183050  180.0000  60.0000    1000.0000   5115649.7729   1418056.4286   4940738.3477
183550  180.0000  60.0000    1000.0000   5115649.7729   1418056.4286   4940738.3477
184050  180.0000  60.0000    1000.0000   5115649.7729   1418056.4286   4940738.3477
184550  180.0000  60.0000    1000.0000   5115649.7729   1418056.4286   4940738.3477
185050  180.0000  60.0000    1000.0000   5115649.7729   1418056.4286   4940738.3477
185550  180.0000  60.0000    1000.0000   5115649.7729   1418056.4286   4940738.3477
190050  180.0000  60.0000    1000.0000   5115649.7729   1418056.4286   4940738.3477
190550  180.0000  60.0000    1000.0000   5115649.7729   1418056.4286   4940738.3477
191050  180.0000  60.0000    1000.0000   5115649.7729   1418056.4286   4940738.3477
191550  180.0000  60.0000    1000.0000   5115649.7729   1418056.4286   4940738.3477
192050  180.0000  60.0000    1000.0000   5115649.7729   1418056.4286   4940738.3477
192550  180.0000  60.0000    1000.0000   5115649.7729   1418056.4286   4940738.3477
193050  180.0000  60.0000    1000.0000   5115649.7729   1418056.4286   4940738.3477
193550  180.0000  60.0000    1000.0000   5115649.7729   1418056.4286   4940738.3477
194050  180.0000  60.0000    1000.0000   5115649.7729   1418056.4286   4940738.3477
194550  180.0000  60.0000    1000.0000   5115649.7729   1418056.4286   4940738.3477
195050  180.0000  60.0000    1000.0000   5115649.7729   1418056.4286   4940738.3477
195550  180.0000  60.0000    1000.0000   5115649.7729   1418056.4286   4940738.3477
200050  180.0000  60.0000    1000.0000   5115649.7729   1418056.4286   4940738.3477
200550  180.0000  60.0000    1000.0000   5115649.7729   1418056.4286   4940738.3477
201050  180.0000  60.0000    1000.0000   5115649.7729   1418056.4286   4940738.3477
