X3716110 R_PNT     RP_TEST 1808 0000000  180 60.0 2025 161 102527 300 100   0   0 1     -1
102527  180.0000  60.0000    1000.0000   5115649.7729   1418056.4286   4940738.3477
102707  180.0000  60.0000    1000.0000   5115649.7729   1418056.4286   4940738.3477
102847  180.0000  60.0000    1000.0000   5115649.7729   1418056.4286   4940738.3477
103027  180.0000  60.0000    1000.0000   5115649.7729   1418056.4286   4940738.3477
103207  180.0000  60.0000    1000.0000   5115649.7729   1418056.4286   4940738.3477
103347  180.0000  60.0000    1000.0000   5115649.7729   1418056.4286   4940738.3477
103527  180.0000  60.0000    1000.0000   5115649.7729   1418056.4286   4940738.3477
103707  180.0000  60.0000    1000.0000   5115649.7729   1418056.4286   4940738.3477
103847  180.0000  60.0000    1000.0000   5115649.7729   1418056.4286   4940738.3477
104027  180.0000  60.0000    1000.0000   5115649.7729   1418056.4286   4940738.3477
104207  180.0000  60.0000    1000.0000   5115649.7729   1418056.4286   4940738.3477
104347  180.0000  60.0000    1000.0000   5115649.7729   1418056.4286   4940738.3477
104527  180.0000  60.0000    1000.0000   5115649.7729   1418056.4286   4940738.3477
104707  180.0000  60.0000    1000.0000   5115649.7729   1418056.4286   4940738.3477
104847  180.0000  60.0000    1000.0000   5115649.7729   1418056.4286   4940738.3477
105027  180.0000  60.0000    1000.0000   5115649.7729   1418056.4286   4940738.3477
105207  180.0000  60.0000    1000.0000   5115649.7729   1418056.4286   4940738.3477
105347  180.0000  60.0000    1000.0000   5115649.7729   1418056.4286   4940738.3477
105527  180.0000  60.0000    1000.0000   5115649.7729   1418056.4286   4940738.3477
105707  180.0000  60.0000    1000.0000   5115649.7729   1418056.4286   4940738.3477
105847  180.0000  60.0000    1000.0000   5115649.7729   1418056.4286   4940738.3477
110027  180.0000  60.0000    1000.0000   5115649.7729   1418056.4286   4940738.3477
110207  180.0000  60.0000    1000.0000   5115649.7729   1418056.4286   4940738.3477
110347  180.0000  60.0000    1000.0000   5115649.7729   1418056.4286   4940738.3477
110527  180.0000  60.0000    1000.0000   5115649.7729   1418056.4286   4940738.3477
110707  180.0000  60.0000    1000.0000   5115649.7729   1418056.4286   4940738.3477
110847  180.0000  60.0000    1000.0000   5115649.7729   1418056.4286   4940738.3477
111027  180.0000  60.0000    1000.0000   5115649.7729   1418056.4286   4940738.3477
111207  180.0000  60.0000    1000.0000   5115649.7729   1418056.4286   4940738.3477
111347  180.0000  60.0000    1000.0000   5115649.7729   1418056.4286   4940738.3477
111527  180.0000  60.0000    1000.0000   5115649.7729   1418056.4286   4940738.3477
111707  180.0000  60.0000    1000.0000   5115649.7729   1418056.4286   4940738.3477
111847  180.0000  60.0000    1000.0000   5115649.7729   1418056.4286   4940738.3477
112027  180.0000  60.0000    1000.0000   5115649.7729   1418056.4286   4940738.3477
112207  180.0000  60.0000    1000.0000   5115649.7729   1418056.4286   4940738.3477
112347  180.0000  60.0000    1000.0000   5115649.7729   1418056.4286   4940738.3477
112527  180.0000  60.0000    1000.0000   5115649.7729   1418056.4286   4940738.3477
112707  180.0000  60.0000    1000.0000   5115649.7729   1418056.4286   4940738.3477
112847  180.0000  60.0000    1000.0000   5115649.7729   1418056.4286   4940738.3477
113027  180.0000  60.0000    1000.0000   5115649.7729   1418056.4286   4940738.3477
113207  180.0000  60.0000    1000.0000   5115649.7729   1418056.4286   4940738.3477
113347  180.0000  60.0000    1000.0000   5115649.7729   1418056.4286   4940738.3477
113527  180.0000  60.0000    1000.0000   5115649.7729   1418056.4286   4940738.3477
113707  180.0000  60.0000    1000.0000   5115649.7729   1418056.4286   4940738.3477
113847  180.0000  60.0000    1000.0000   5115649.7729   1418056.4286   4940738.3477
114027  180.0000  60.0000    1000.0000   5115649.7729   1418056.4286   4940738.3477
114207  180.0000  60.0000    1000.0000   5115649.7729   1418056.4286   4940738.3477
114347  180.0000  60.0000    1000.0000   5115649.7729   1418056.4286   4940738.3477
114527  180.0000  60.0000    1000.0000   5115649.7729   1418056.4286   4940738.3477
114707  180.0000  60.0000    1000.0000   5115649.7729   1418056.4286   4940738.3477
114847  180.0000  60.0000    1000.0000   5115649.7729   1418056.4286   4940738.3477
115027  180.0000  60.0000    1000.0000   5115649.7729   1418056.4286   4940738.3477
115207  180.0000  60.0000    1000.0000   5115649.7729   1418056.4286   4940738.3477
115347  180.0000  60.0000    1000.0000   5115649.7729   1418056.4286   4940738.3477
115527  180.0000  60.0000    1000.0000   5115649.7729   1418056.4286   4940738.3477
115707  180.0000  60.0000    1000.0000   5115649.7729   1418056.4286   4940738.3477
115847  180.0000  60.0000    1000.0000   5115649.7729   1418056.4286   4940738.3477
120027  180.0000  60.0000    1000.0000   5115649.7729   1418056.4286   4940738.3477
120207  180.0000  60.0000    1000.0000   5115649.7729   1418056.4286   4940738.3477
120347  180.0000  60.0000    1000.0000   5115649.7729   1418056.4286   4940738.3477
120527  180.0000  60.0000    1000.0000   5115649.7729   1418056.4286   4940738.3477
120707  180.0000  60.0000    1000.0000   5115649.7729   1418056.4286   4940738.3477
120847  180.0000  60.0000    1000.0000   5115649.7729   1418056.4286   4940738.3477
121027  180.0000  60.0000    1000.0000   5115649.7729   1418056.4286   4940738.3477
121207  180.0000  60.0000    1000.0000   5115649.7729   1418056.4286   4940738.3477
121347  180.0000  60.0000    1000.0000   5115649.7729   1418056.4286   4940738.3477
121527  180.0000  60.0000    1000.0000   5115649.7729   1418056.4286   4940738.3477
121707  180.0000  60.0000    1000.0000   5115649.7729   1418056.4286   4940738.3477
121847  180.0000  60.0000    1000.0000   5115649.7729   1418056.4286   4940738.3477
122027  180.0000  60.0000    1000.0000   5115649.7729   1418056.4286   4940738.3477
122207  180.0000  60.0000    1000.0000   5115649.7729   1418056.4286   4940738.3477
122347  180.0000  60.0000    1000.0000   5115649.7729   1418056.4286   4940738.3477
122527  180.0000  60.0000    1000.0000   5115649.7729   1418056.4286   4940738.3477
122707  180.0000  60.0000    1000.0000   5115649.7729   1418056.4286   4940738.3477
122847  180.0000  60.0000    1000.0000   5115649.7729   1418056.4286   4940738.3477
123027  180.0000  60.0000    1000.0000   5115649.7729   1418056.4286   4940738.3477
123207  180.0000  60.0000    1000.0000   5115649.7729   1418056.4286   4940738.3477
123347  180.0000  60.0000    1000.0000   5115649.7729   1418056.4286   4940738.3477
123527  180.0000  60.0000    1000.0000   5115649.7729   1418056.4286   4940738.3477
123707  180.0000  60.0000    1000.0000   5115649.7729   1418056.4286   4940738.3477
123847  180.0000  60.0000    1000.0000   5115649.7729   1418056.4286   4940738.3477
124027  180.0000  60.0000    1000.0000   5115649.7729   1418056.4286   4940738.3477
124207  180.0000  60.0000    1000.0000   5115649.7729   1418056.4286   4940738.3477
124347  180.0000  60.0000    1000.0000   5115649.7729   1418056.4286   4940738.3477
124527  180.0000  60.0000    1000.0000   5115649.7729   1418056.4286   4940738.3477
124707  180.0000  60.0000    1000.0000   5115649.7729   1418056.4286   4940738.3477
124847  180.0000  60.0000    1000.0000   5115649.7729   1418056.4286   4940738.3477
125027  180.0000  60.0000    1000.0000   5115649.7729   1418056.4286   4940738.3477
125207  180.0000  60.0000    1000.0000   5115649.7729   1418056.4286   4940738.3477
125347  180.0000  60.0000    1000.0000   5115649.7729   1418056.4286   4940738.3477
125527  180.0000  60.0000    1000.0000   5115649.7729   1418056.4286   4940738.3477
125707  180.0000  60.0000    1000.0000   5115649.7729   1418056.4286   4940738.3477
125847  180.0000  60.0000    1000.0000   5115649.7729   1418056.4286   4940738.3477
130027  180.0000  60.0000    1000.0000   5115649.7729   1418056.4286   4940738.3477
130207  180.0000  60.0000    1000.0000   5115649.7729   1418056.4286   4940738.3477
130347  180.0000  60.0000    1000.0000   5115649.7729   1418056.4286   4940738.3477
130527  180.0000  60.0000    1000.0000   5115649.7729   1418056.4286   4940738.3477
130707  180.0000  60.0000    1000.0000   5115649.7729   1418056.4286   4940738.3477
130847  180.0000  60.0000    1000.0000   5115649.7729   1418056.4286   4940738.3477
131027  180.0000  60.0000    1000.0000   5115649.7729   1418056.4286   4940738.3477
