X3712708 R_PNT     RP_TEST 1808 0000000  180 60.0 2025 127 085341 300 100   0   0 1     -1
085341  180.0000  60.0000    1000.0000   3712599.7066   1850364.3916   5190330.9175
085841  180.0000  60.0000    1000.0000   3712599.7066   1850364.3916   5190330.9175
090341  180.0000  60.0000    1000.0000   3712599.7066   1850364.3916   5190330.9175
090841  180.0000  60.0000    1000.0000   3712599.7066   1850364.3916   5190330.9175
091341  180.0000  60.0000    1000.0000   3712599.7066   1850364.3916   5190330.9175
091841  180.0000  60.0000    1000.0000   3712599.7066   1850364.3916   5190330.9175
092341  180.0000  60.0000    1000.0000   3712599.7066   1850364.3916   5190330.9175
092841  180.0000  60.0000    1000.0000   3712599.7066   1850364.3916   5190330.9175
093341  180.0000  60.0000    1000.0000   3712599.7066   1850364.3916   5190330.9175
093841  180.0000  60.0000    1000.0000   3712599.7066   1850364.3916   5190330.9175
094341  180.0000  60.0000    1000.0000   3712599.7066   1850364.3916   5190330.9175
094841  180.0000  60.0000    1000.0000   3712599.7066   1850364.3916   5190330.9175
095341  180.0000  60.0000    1000.0000   3712599.7066   1850364.3916   5190330.9175
095841  180.0000  60.0000    1000.0000   3712599.7066   1850364.3916   5190330.9175
100341  180.0000  60.0000    1000.0000   3712599.7066   1850364.3916   5190330.9175
100841  180.0000  60.0000    1000.0000   3712599.7066   1850364.3916   5190330.9175
101341  180.0000  60.0000    1000.0000   3712599.7066   1850364.3916   5190330.9175
101841  180.0000  60.0000    1000.0000   3712599.7066   1850364.3916   5190330.9175
102341  180.0000  60.0000    1000.0000   3712599.7066   1850364.3916   5190330.9175
102841  180.0000  60.0000    1000.0000   3712599.7066   1850364.3916   5190330.9175
103341  180.0000  60.0000    1000.0000   3712599.7066   1850364.3916   5190330.9175
103841  180.0000  60.0000    1000.0000   3712599.7066   1850364.3916   5190330.9175
104341  180.0000  60.0000    1000.0000   3712599.7066   1850364.3916   5190330.9175
104841  180.0000  60.0000    1000.0000   3712599.7066   1850364.3916   5190330.9175
105341  180.0000  60.0000    1000.0000   3712599.7066   1850364.3916   5190330.9175
105841  180.0000  60.0000    1000.0000   3712599.7066   1850364.3916   5190330.9175
110341  180.0000  60.0000    1000.0000   3712599.7066   1850364.3916   5190330.9175
110841  180.0000  60.0000    1000.0000   3712599.7066   1850364.3916   5190330.9175
111341  180.0000  60.0000    1000.0000   3712599.7066   1850364.3916   5190330.9175
111841  180.0000  60.0000    1000.0000   3712599.7066   1850364.3916   5190330.9175
112341  180.0000  60.0000    1000.0000   3712599.7066   1850364.3916   5190330.9175
112841  180.0000  60.0000    1000.0000   3712599.7066   1850364.3916   5190330.9175
113341  180.0000  60.0000    1000.0000   3712599.7066   1850364.3916   5190330.9175
113841  180.0000  60.0000    1000.0000   3712599.7066   1850364.3916   5190330.9175
114341  180.0000  60.0000    1000.0000   3712599.7066   1850364.3916   5190330.9175
114841  180.0000  60.0000    1000.0000   3712599.7066   1850364.3916   5190330.9175
115341  180.0000  60.0000    1000.0000   3712599.7066   1850364.3916   5190330.9175
115841  180.0000  60.0000    1000.0000   3712599.7066   1850364.3916   5190330.9175
120341  180.0000  60.0000    1000.0000   3712599.7066   1850364.3916   5190330.9175
120841  180.0000  60.0000    1000.0000   3712599.7066   1850364.3916   5190330.9175
121341  180.0000  60.0000    1000.0000   3712599.7066   1850364.3916   5190330.9175
121841  180.0000  60.0000    1000.0000   3712599.7066   1850364.3916   5190330.9175
122341  180.0000  60.0000    1000.0000   3712599.7066   1850364.3916   5190330.9175
122841  180.0000  60.0000    1000.0000   3712599.7066   1850364.3916   5190330.9175
123341  180.0000  60.0000    1000.0000   3712599.7066   1850364.3916   5190330.9175
123841  180.0000  60.0000    1000.0000   3712599.7066   1850364.3916   5190330.9175
124341  180.0000  60.0000    1000.0000   3712599.7066   1850364.3916   5190330.9175
124841  180.0000  60.0000    1000.0000   3712599.7066   1850364.3916   5190330.9175
125341  180.0000  60.0000    1000.0000   3712599.7066   1850364.3916   5190330.9175
125841  180.0000  60.0000    1000.0000   3712599.7066   1850364.3916   5190330.9175
130341  180.0000  60.0000    1000.0000   3712599.7066   1850364.3916   5190330.9175
130841  180.0000  60.0000    1000.0000   3712599.7066   1850364.3916   5190330.9175
131341  180.0000  60.0000    1000.0000   3712599.7066   1850364.3916   5190330.9175
131841  180.0000  60.0000    1000.0000   3712599.7066   1850364.3916   5190330.9175
132341  180.0000  60.0000    1000.0000   3712599.7066   1850364.3916   5190330.9175
132841  180.0000  60.0000    1000.0000   3712599.7066   1850364.3916   5190330.9175
133341  180.0000  60.0000    1000.0000   3712599.7066   1850364.3916   5190330.9175
133841  180.0000  60.0000    1000.0000   3712599.7066   1850364.3916   5190330.9175
134341  180.0000  60.0000    1000.0000   3712599.7066   1850364.3916   5190330.9175
134841  180.0000  60.0000    1000.0000   3712599.7066   1850364.3916   5190330.9175
135341  180.0000  60.0000    1000.0000   3712599.7066   1850364.3916   5190330.9175
135841  180.0000  60.0000    1000.0000   3712599.7066   1850364.3916   5190330.9175
140341  180.0000  60.0000    1000.0000   3712599.7066   1850364.3916   5190330.9175
140841  180.0000  60.0000    1000.0000   3712599.7066   1850364.3916   5190330.9175
141341  180.0000  60.0000    1000.0000   3712599.7066   1850364.3916   5190330.9175
141841  180.0000  60.0000    1000.0000   3712599.7066   1850364.3916   5190330.9175
142341  180.0000  60.0000    1000.0000   3712599.7066   1850364.3916   5190330.9175
142841  180.0000  60.0000    1000.0000   3712599.7066   1850364.3916   5190330.9175
143341  180.0000  60.0000    1000.0000   3712599.7066   1850364.3916   5190330.9175
143841  180.0000  60.0000    1000.0000   3712599.7066   1850364.3916   5190330.9175
144341  180.0000  60.0000    1000.0000   3712599.7066   1850364.3916   5190330.9175
144841  180.0000  60.0000    1000.0000   3712599.7066   1850364.3916   5190330.9175
145341  180.0000  60.0000    1000.0000   3712599.7066   1850364.3916   5190330.9175
145841  180.0000  60.0000    1000.0000   3712599.7066   1850364.3916   5190330.9175
150341  180.0000  60.0000    1000.0000   3712599.7066   1850364.3916   5190330.9175
150841  180.0000  60.0000    1000.0000   3712599.7066   1850364.3916   5190330.9175
151341  180.0000  60.0000    1000.0000   3712599.7066   1850364.3916   5190330.9175
151841  180.0000  60.0000    1000.0000   3712599.7066   1850364.3916   5190330.9175
152341  180.0000  60.0000    1000.0000   3712599.7066   1850364.3916   5190330.9175
152841  180.0000  60.0000    1000.0000   3712599.7066   1850364.3916   5190330.9175
153341  180.0000  60.0000    1000.0000   3712599.7066   1850364.3916   5190330.9175
153841  180.0000  60.0000    1000.0000   3712599.7066   1850364.3916   5190330.9175
154341  180.0000  60.0000    1000.0000   3712599.7066   1850364.3916   5190330.9175
154841  180.0000  60.0000    1000.0000   3712599.7066   1850364.3916   5190330.9175
155341  180.0000  60.0000    1000.0000   3712599.7066   1850364.3916   5190330.9175
155841  180.0000  60.0000    1000.0000   3712599.7066   1850364.3916   5190330.9175
160341  180.0000  60.0000    1000.0000   3712599.7066   1850364.3916   5190330.9175
160841  180.0000  60.0000    1000.0000   3712599.7066   1850364.3916   5190330.9175
161341  180.0000  60.0000    1000.0000   3712599.7066   1850364.3916   5190330.9175
161841  180.0000  60.0000    1000.0000   3712599.7066   1850364.3916   5190330.9175
162341  180.0000  60.0000    1000.0000   3712599.7066   1850364.3916   5190330.9175
162841  180.0000  60.0000    1000.0000   3712599.7066   1850364.3916   5190330.9175
163341  180.0000  60.0000    1000.0000   3712599.7066   1850364.3916   5190330.9175
163841  180.0000  60.0000    1000.0000   3712599.7066   1850364.3916   5190330.9175
164341  180.0000  60.0000    1000.0000   3712599.7066   1850364.3916   5190330.9175
164841  180.0000  60.0000    1000.0000   3712599.7066   1850364.3916   5190330.9175
165341  180.0000  60.0000    1000.0000   3712599.7066   1850364.3916   5190330.9175
165841  180.0000  60.0000    1000.0000   3712599.7066   1850364.3916   5190330.9175
170341  180.0000  60.0000    1000.0000   3712599.7066   1850364.3916   5190330.9175
170841  180.0000  60.0000    1000.0000   3712599.7066   1850364.3916   5190330.9175
