X3816110 R_PNT     RP_TEST 1808 0000000  180 75.0 2025 161 102527 300 100   0   0 1     -1
102527  180.0000  75.0000    1000.0000   5011058.9615   1389064.0003   5178158.9632
102707  180.0000  75.0000    1000.0000   5011058.9615   1389064.0003   5178158.9632
102847  180.0000  75.0000    1000.0000   5011058.9615   1389064.0003   5178158.9632
103027  180.0000  75.0000    1000.0000   5011058.9615   1389064.0003   5178158.9632
103207  180.0000  75.0000    1000.0000   5011058.9615   1389064.0003   5178158.9632
103347  180.0000  75.0000    1000.0000   5011058.9615   1389064.0003   5178158.9632
103527  180.0000  75.0000    1000.0000   5011058.9615   1389064.0003   5178158.9632
103707  180.0000  75.0000    1000.0000   5011058.9615   1389064.0003   5178158.9632
103847  180.0000  75.0000    1000.0000   5011058.9615   1389064.0003   5178158.9632
104027  180.0000  75.0000    1000.0000   5011058.9615   1389064.0003   5178158.9632
104207  180.0000  75.0000    1000.0000   5011058.9615   1389064.0003   5178158.9632
104347  180.0000  75.0000    1000.0000   5011058.9615   1389064.0003   5178158.9632
104527  180.0000  75.0000    1000.0000   5011058.9615   1389064.0003   5178158.9632
104707  180.0000  75.0000    1000.0000   5011058.9615   1389064.0003   5178158.9632
104847  180.0000  75.0000    1000.0000   5011058.9615   1389064.0003   5178158.9632
105027  180.0000  75.0000    1000.0000   5011058.9615   1389064.0003   5178158.9632
105207  180.0000  75.0000    1000.0000   5011058.9615   1389064.0003   5178158.9632
105347  180.0000  75.0000    1000.0000   5011058.9615   1389064.0003   5178158.9632
105527  180.0000  75.0000    1000.0000   5011058.9615   1389064.0003   5178158.9632
105707  180.0000  75.0000    1000.0000   5011058.9615   1389064.0003   5178158.9632
105847  180.0000  75.0000    1000.0000   5011058.9615   1389064.0003   5178158.9632
110027  180.0000  75.0000    1000.0000   5011058.9615   1389064.0003   5178158.9632
110207  180.0000  75.0000    1000.0000   5011058.9615   1389064.0003   5178158.9632
110347  180.0000  75.0000    1000.0000   5011058.9615   1389064.0003   5178158.9632
110527  180.0000  75.0000    1000.0000   5011058.9615   1389064.0003   5178158.9632
110707  180.0000  75.0000    1000.0000   5011058.9615   1389064.0003   5178158.9632
110847  180.0000  75.0000    1000.0000   5011058.9615   1389064.0003   5178158.9632
111027  180.0000  75.0000    1000.0000   5011058.9615   1389064.0003   5178158.9632
111207  180.0000  75.0000    1000.0000   5011058.9615   1389064.0003   5178158.9632
111347  180.0000  75.0000    1000.0000   5011058.9615   1389064.0003   5178158.9632
111527  180.0000  75.0000    1000.0000   5011058.9615   1389064.0003   5178158.9632
111707  180.0000  75.0000    1000.0000   5011058.9615   1389064.0003   5178158.9632
111847  180.0000  75.0000    1000.0000   5011058.9615   1389064.0003   5178158.9632
112027  180.0000  75.0000    1000.0000   5011058.9615   1389064.0003   5178158.9632
112207  180.0000  75.0000    1000.0000   5011058.9615   1389064.0003   5178158.9632
112347  180.0000  75.0000    1000.0000   5011058.9615   1389064.0003   5178158.9632
112527  180.0000  75.0000    1000.0000   5011058.9615   1389064.0003   5178158.9632
112707  180.0000  75.0000    1000.0000   5011058.9615   1389064.0003   5178158.9632
112847  180.0000  75.0000    1000.0000   5011058.9615   1389064.0003   5178158.9632
113027  180.0000  75.0000    1000.0000   5011058.9615   1389064.0003   5178158.9632
113207  180.0000  75.0000    1000.0000   5011058.9615   1389064.0003   5178158.9632
113347  180.0000  75.0000    1000.0000   5011058.9615   1389064.0003   5178158.9632
113527  180.0000  75.0000    1000.0000   5011058.9615   1389064.0003   5178158.9632
113707  180.0000  75.0000    1000.0000   5011058.9615   1389064.0003   5178158.9632
113847  180.0000  75.0000    1000.0000   5011058.9615   1389064.0003   5178158.9632
114027  180.0000  75.0000    1000.0000   5011058.9615   1389064.0003   5178158.9632
114207  180.0000  75.0000    1000.0000   5011058.9615   1389064.0003   5178158.9632
114347  180.0000  75.0000    1000.0000   5011058.9615   1389064.0003   5178158.9632
114527  180.0000  75.0000    1000.0000   5011058.9615   1389064.0003   5178158.9632
114707  180.0000  75.0000    1000.0000   5011058.9615   1389064.0003   5178158.9632
114847  180.0000  75.0000    1000.0000   5011058.9615   1389064.0003   5178158.9632
115027  180.0000  75.0000    1000.0000   5011058.9615   1389064.0003   5178158.9632
115207  180.0000  75.0000    1000.0000   5011058.9615   1389064.0003   5178158.9632
115347  180.0000  75.0000    1000.0000   5011058.9615   1389064.0003   5178158.9632
115527  180.0000  75.0000    1000.0000   5011058.9615   1389064.0003   5178158.9632
115707  180.0000  75.0000    1000.0000   5011058.9615   1389064.0003   5178158.9632
115847  180.0000  75.0000    1000.0000   5011058.9615   1389064.0003   5178158.9632
120027  180.0000  75.0000    1000.0000   5011058.9615   1389064.0003   5178158.9632
120207  180.0000  75.0000    1000.0000   5011058.9615   1389064.0003   5178158.9632
120347  180.0000  75.0000    1000.0000   5011058.9615   1389064.0003   5178158.9632
120527  180.0000  75.0000    1000.0000   5011058.9615   1389064.0003   5178158.9632
120707  180.0000  75.0000    1000.0000   5011058.9615   1389064.0003   5178158.9632
120847  180.0000  75.0000    1000.0000   5011058.9615   1389064.0003   5178158.9632
121027  180.0000  75.0000    1000.0000   5011058.9615   1389064.0003   5178158.9632
121207  180.0000  75.0000    1000.0000   5011058.9615   1389064.0003   5178158.9632
121347  180.0000  75.0000    1000.0000   5011058.9615   1389064.0003   5178158.9632
121527  180.0000  75.0000    1000.0000   5011058.9615   1389064.0003   5178158.9632
121707  180.0000  75.0000    1000.0000   5011058.9615   1389064.0003   5178158.9632
121847  180.0000  75.0000    1000.0000   5011058.9615   1389064.0003   5178158.9632
122027  180.0000  75.0000    1000.0000   5011058.9615   1389064.0003   5178158.9632
122207  180.0000  75.0000    1000.0000   5011058.9615   1389064.0003   5178158.9632
122347  180.0000  75.0000    1000.0000   5011058.9615   1389064.0003   5178158.9632
122527  180.0000  75.0000    1000.0000   5011058.9615   1389064.0003   5178158.9632
122707  180.0000  75.0000    1000.0000   5011058.9615   1389064.0003   5178158.9632
122847  180.0000  75.0000    1000.0000   5011058.9615   1389064.0003   5178158.9632
123027  180.0000  75.0000    1000.0000   5011058.9615   1389064.0003   5178158.9632
123207  180.0000  75.0000    1000.0000   5011058.9615   1389064.0003   5178158.9632
123347  180.0000  75.0000    1000.0000   5011058.9615   1389064.0003   5178158.9632
123527  180.0000  75.0000    1000.0000   5011058.9615   1389064.0003   5178158.9632
123707  180.0000  75.0000    1000.0000   5011058.9615   1389064.0003   5178158.9632
123847  180.0000  75.0000    1000.0000   5011058.9615   1389064.0003   5178158.9632
124027  180.0000  75.0000    1000.0000   5011058.9615   1389064.0003   5178158.9632
124207  180.0000  75.0000    1000.0000   5011058.9615   1389064.0003   5178158.9632
124347  180.0000  75.0000    1000.0000   5011058.9615   1389064.0003   5178158.9632
124527  180.0000  75.0000    1000.0000   5011058.9615   1389064.0003   5178158.9632
124707  180.0000  75.0000    1000.0000   5011058.9615   1389064.0003   5178158.9632
124847  180.0000  75.0000    1000.0000   5011058.9615   1389064.0003   5178158.9632
125027  180.0000  75.0000    1000.0000   5011058.9615   1389064.0003   5178158.9632
125207  180.0000  75.0000    1000.0000   5011058.9615   1389064.0003   5178158.9632
125347  180.0000  75.0000    1000.0000   5011058.9615   1389064.0003   5178158.9632
125527  180.0000  75.0000    1000.0000   5011058.9615   1389064.0003   5178158.9632
125707  180.0000  75.0000    1000.0000   5011058.9615   1389064.0003   5178158.9632
125847  180.0000  75.0000    1000.0000   5011058.9615   1389064.0003   5178158.9632
130027  180.0000  75.0000    1000.0000   5011058.9615   1389064.0003   5178158.9632
130207  180.0000  75.0000    1000.0000   5011058.9615   1389064.0003   5178158.9632
130347  180.0000  75.0000    1000.0000   5011058.9615   1389064.0003   5178158.9632
130527  180.0000  75.0000    1000.0000   5011058.9615   1389064.0003   5178158.9632
130707  180.0000  75.0000    1000.0000   5011058.9615   1389064.0003   5178158.9632
130847  180.0000  75.0000    1000.0000   5011058.9615   1389064.0003   5178158.9632
131027  180.0000  75.0000    1000.0000   5011058.9615   1389064.0003   5178158.9632
