X3812708 R_PNT     RP_TEST 1808 0000000  180 75.0 2025 127 085341 300 100   0   0 1     -1
085341  180.0000  75.0000    1000.0000   3945016.5548   1871241.3579   5307356.1642
085841  180.0000  75.0000    1000.0000   3945016.5548   1871241.3579   5307356.1642
090341  180.0000  75.0000    1000.0000   3945016.5548   1871241.3579   5307356.1642
090841  180.0000  75.0000    1000.0000   3945016.5548   1871241.3579   5307356.1642
091341  180.0000  75.0000    1000.0000   3945016.5548   1871241.3579   5307356.1642
091841  180.0000  75.0000    1000.0000   3945016.5548   1871241.3579   5307356.1642
092341  180.0000  75.0000    1000.0000   3945016.5548   1871241.3579   5307356.1642
092841  180.0000  75.0000    1000.0000   3945016.5548   1871241.3579   5307356.1642
093341  180.0000  75.0000    1000.0000   3945016.5548   1871241.3579   5307356.1642
093841  180.0000  75.0000    1000.0000   3945016.5548   1871241.3579   5307356.1642
094341  180.0000  75.0000    1000.0000   3945016.5548   1871241.3579   5307356.1642
094841  180.0000  75.0000    1000.0000   3945016.5548   1871241.3579   5307356.1642
095341  180.0000  75.0000    1000.0000   3945016.5548   1871241.3579   5307356.1642
095841  180.0000  75.0000    1000.0000   3945016.5548   1871241.3579   5307356.1642
100341  180.0000  75.0000    1000.0000   3945016.5548   1871241.3579   5307356.1642
100841  180.0000  75.0000    1000.0000   3945016.5548   1871241.3579   5307356.1642
101341  180.0000  75.0000    1000.0000   3945016.5548   1871241.3579   5307356.1642
101841  180.0000  75.0000    1000.0000   3945016.5548   1871241.3579   5307356.1642
102341  180.0000  75.0000    1000.0000   3945016.5548   1871241.3579   5307356.1642
102841  180.0000  75.0000    1000.0000   3945016.5548   1871241.3579   5307356.1642
103341  180.0000  75.0000    1000.0000   3945016.5548   1871241.3579   5307356.1642
103841  180.0000  75.0000    1000.0000   3945016.5548   1871241.3579   5307356.1642
104341  180.0000  75.0000    1000.0000   3945016.5548   1871241.3579   5307356.1642
104841  180.0000  75.0000    1000.0000   3945016.5548   1871241.3579   5307356.1642
105341  180.0000  75.0000    1000.0000   3945016.5548   1871241.3579   5307356.1642
105841  180.0000  75.0000    1000.0000   3945016.5548   1871241.3579   5307356.1642
110341  180.0000  75.0000    1000.0000   3945016.5548   1871241.3579   5307356.1642
110841  180.0000  75.0000    1000.0000   3945016.5548   1871241.3579   5307356.1642
111341  180.0000  75.0000    1000.0000   3945016.5548   1871241.3579   5307356.1642
111841  180.0000  75.0000    1000.0000   3945016.5548   1871241.3579   5307356.1642
112341  180.0000  75.0000    1000.0000   3945016.5548   1871241.3579   5307356.1642
112841  180.0000  75.0000    1000.0000   3945016.5548   1871241.3579   5307356.1642
113341  180.0000  75.0000    1000.0000   3945016.5548   1871241.3579   5307356.1642
113841  180.0000  75.0000    1000.0000   3945016.5548   1871241.3579   5307356.1642
114341  180.0000  75.0000    1000.0000   3945016.5548   1871241.3579   5307356.1642
114841  180.0000  75.0000    1000.0000   3945016.5548   1871241.3579   5307356.1642
115341  180.0000  75.0000    1000.0000   3945016.5548   1871241.3579   5307356.1642
115841  180.0000  75.0000    1000.0000   3945016.5548   1871241.3579   5307356.1642
120341  180.0000  75.0000    1000.0000   3945016.5548   1871241.3579   5307356.1642
120841  180.0000  75.0000    1000.0000   3945016.5548   1871241.3579   5307356.1642
121341  180.0000  75.0000    1000.0000   3945016.5548   1871241.3579   5307356.1642
121841  180.0000  75.0000    1000.0000   3945016.5548   1871241.3579   5307356.1642
122341  180.0000  75.0000    1000.0000   3945016.5548   1871241.3579   5307356.1642
122841  180.0000  75.0000    1000.0000   3945016.5548   1871241.3579   5307356.1642
123341  180.0000  75.0000    1000.0000   3945016.5548   1871241.3579   5307356.1642
123841  180.0000  75.0000    1000.0000   3945016.5548   1871241.3579   5307356.1642
124341  180.0000  75.0000    1000.0000   3945016.5548   1871241.3579   5307356.1642
124841  180.0000  75.0000    1000.0000   3945016.5548   1871241.3579   5307356.1642
125341  180.0000  75.0000    1000.0000   3945016.5548   1871241.3579   5307356.1642
125841  180.0000  75.0000    1000.0000   3945016.5548   1871241.3579   5307356.1642
130341  180.0000  75.0000    1000.0000   3945016.5548   1871241.3579   5307356.1642
130841  180.0000  75.0000    1000.0000   3945016.5548   1871241.3579   5307356.1642
131341  180.0000  75.0000    1000.0000   3945016.5548   1871241.3579   5307356.1642
131841  180.0000  75.0000    1000.0000   3945016.5548   1871241.3579   5307356.1642
132341  180.0000  75.0000    1000.0000   3945016.5548   1871241.3579   5307356.1642
132841  180.0000  75.0000    1000.0000   3945016.5548   1871241.3579   5307356.1642
133341  180.0000  75.0000    1000.0000   3945016.5548   1871241.3579   5307356.1642
133841  180.0000  75.0000    1000.0000   3945016.5548   1871241.3579   5307356.1642
134341  180.0000  75.0000    1000.0000   3945016.5548   1871241.3579   5307356.1642
134841  180.0000  75.0000    1000.0000   3945016.5548   1871241.3579   5307356.1642
135341  180.0000  75.0000    1000.0000   3945016.5548   1871241.3579   5307356.1642
135841  180.0000  75.0000    1000.0000   3945016.5548   1871241.3579   5307356.1642
140341  180.0000  75.0000    1000.0000   3945016.5548   1871241.3579   5307356.1642
140841  180.0000  75.0000    1000.0000   3945016.5548   1871241.3579   5307356.1642
141341  180.0000  75.0000    1000.0000   3945016.5548   1871241.3579   5307356.1642
141841  180.0000  75.0000    1000.0000   3945016.5548   1871241.3579   5307356.1642
142341  180.0000  75.0000    1000.0000   3945016.5548   1871241.3579   5307356.1642
142841  180.0000  75.0000    1000.0000   3945016.5548   1871241.3579   5307356.1642
143341  180.0000  75.0000    1000.0000   3945016.5548   1871241.3579   5307356.1642
143841  180.0000  75.0000    1000.0000   3945016.5548   1871241.3579   5307356.1642
144341  180.0000  75.0000    1000.0000   3945016.5548   1871241.3579   5307356.1642
144841  180.0000  75.0000    1000.0000   3945016.5548   1871241.3579   5307356.1642
145341  180.0000  75.0000    1000.0000   3945016.5548   1871241.3579   5307356.1642
145841  180.0000  75.0000    1000.0000   3945016.5548   1871241.3579   5307356.1642
150341  180.0000  75.0000    1000.0000   3945016.5548   1871241.3579   5307356.1642
150841  180.0000  75.0000    1000.0000   3945016.5548   1871241.3579   5307356.1642
151341  180.0000  75.0000    1000.0000   3945016.5548   1871241.3579   5307356.1642
151841  180.0000  75.0000    1000.0000   3945016.5548   1871241.3579   5307356.1642
152341  180.0000  75.0000    1000.0000   3945016.5548   1871241.3579   5307356.1642
152841  180.0000  75.0000    1000.0000   3945016.5548   1871241.3579   5307356.1642
153341  180.0000  75.0000    1000.0000   3945016.5548   1871241.3579   5307356.1642
153841  180.0000  75.0000    1000.0000   3945016.5548   1871241.3579   5307356.1642
154341  180.0000  75.0000    1000.0000   3945016.5548   1871241.3579   5307356.1642
154841  180.0000  75.0000    1000.0000   3945016.5548   1871241.3579   5307356.1642
155341  180.0000  75.0000    1000.0000   3945016.5548   1871241.3579   5307356.1642
155841  180.0000  75.0000    1000.0000   3945016.5548   1871241.3579   5307356.1642
160341  180.0000  75.0000    1000.0000   3945016.5548   1871241.3579   5307356.1642
160841  180.0000  75.0000    1000.0000   3945016.5548   1871241.3579   5307356.1642
161341  180.0000  75.0000    1000.0000   3945016.5548   1871241.3579   5307356.1642
161841  180.0000  75.0000    1000.0000   3945016.5548   1871241.3579   5307356.1642
162341  180.0000  75.0000    1000.0000   3945016.5548   1871241.3579   5307356.1642
162841  180.0000  75.0000    1000.0000   3945016.5548   1871241.3579   5307356.1642
163341  180.0000  75.0000    1000.0000   3945016.5548   1871241.3579   5307356.1642
163841  180.0000  75.0000    1000.0000   3945016.5548   1871241.3579   5307356.1642
164341  180.0000  75.0000    1000.0000   3945016.5548   1871241.3579   5307356.1642
164841  180.0000  75.0000    1000.0000   3945016.5548   1871241.3579   5307356.1642
165341  180.0000  75.0000    1000.0000   3945016.5548   1871241.3579   5307356.1642
165841  180.0000  75.0000    1000.0000   3945016.5548   1871241.3579   5307356.1642
170341  180.0000  75.0000    1000.0000   3945016.5548   1871241.3579   5307356.1642
170841  180.0000  75.0000    1000.0000   3945016.5548   1871241.3579   5307356.1642
