X3812711 R_PNT     RP_TEST 1808 0000000  180 75.0 2025 127 115550 300 100   0   0 1     -1
115550  180.0000  75.0000    1000.0000   5011058.9615   1389064.0003   5178158.9632
120050  180.0000  75.0000    1000.0000   5011058.9615   1389064.0003   5178158.9632
120550  180.0000  75.0000    1000.0000   5011058.9615   1389064.0003   5178158.9632
121050  180.0000  75.0000    1000.0000   5011058.9615   1389064.0003   5178158.9632
121550  180.0000  75.0000    1000.0000   5011058.9615   1389064.0003   5178158.9632
122050  180.0000  75.0000    1000.0000   5011058.9615   1389064.0003   5178158.9632
122550  180.0000  75.0000    1000.0000   5011058.9615   1389064.0003   5178158.9632
123050  180.0000  75.0000    1000.0000   5011058.9615   1389064.0003   5178158.9632
123550  180.0000  75.0000    1000.0000   5011058.9615   1389064.0003   5178158.9632
124050  180.0000  75.0000    1000.0000   5011058.9615   1389064.0003   5178158.9632
124550  180.0000  75.0000    1000.0000   5011058.9615   1389064.0003   5178158.9632
125050  180.0000  75.0000    1000.0000   5011058.9615   1389064.0003   5178158.9632
125550  180.0000  75.0000    1000.0000   5011058.9615   1389064.0003   5178158.9632
130050  180.0000  75.0000    1000.0000   5011058.9615   1389064.0003   5178158.9632
130550  180.0000  75.0000    1000.0000   5011058.9615   1389064.0003   5178158.9632
131050  180.0000  75.0000    1000.0000   5011058.9615   1389064.0003   5178158.9632
131550  180.0000  75.0000    1000.0000   5011058.9615   1389064.0003   5178158.9632
132050  180.0000  75.0000    1000.0000   5011058.9615   1389064.0003   5178158.9632
132550  180.0000  75.0000    1000.0000   5011058.9615   1389064.0003   5178158.9632
133050  180.0000  75.0000    1000.0000   5011058.9615   1389064.0003   5178158.9632
133550  180.0000  75.0000    1000.0000   5011058.9615   1389064.0003   5178158.9632
134050  180.0000  75.0000    1000.0000   5011058.9615   1389064.0003   5178158.9632
134550  180.0000  75.0000    1000.0000   5011058.9615   1389064.0003   5178158.9632
135050  180.0000  75.0000    1000.0000   5011058.9615   1389064.0003   5178158.9632
135550  180.0000  75.0000    1000.0000   5011058.9615   1389064.0003   5178158.9632
140050  180.0000  75.0000    1000.0000   5011058.9615   1389064.0003   5178158.9632
140550  180.0000  75.0000    1000.0000   5011058.9615   1389064.0003   5178158.9632
141050  180.0000  75.0000    1000.0000   5011058.9615   1389064.0003   5178158.9632
141550  180.0000  75.0000    1000.0000   5011058.9615   1389064.0003   5178158.9632
142050  180.0000  75.0000    1000.0000   5011058.9615   1389064.0003   5178158.9632
142550  180.0000  75.0000    1000.0000   5011058.9615   1389064.0003   5178158.9632
143050  180.0000  75.0000    1000.0000   5011058.9615   1389064.0003   5178158.9632
143550  180.0000  75.0000    1000.0000   5011058.9615   1389064.0003   5178158.9632
144050  180.0000  75.0000    1000.0000   5011058.9615   1389064.0003   5178158.9632
144550  180.0000  75.0000    1000.0000   5011058.9615   1389064.0003   5178158.9632
145050  180.0000  75.0000    1000.0000   5011058.9615   1389064.0003   5178158.9632
145550  180.0000  75.0000    1000.0000   5011058.9615   1389064.0003   5178158.9632
150050  180.0000  75.0000    1000.0000   5011058.9615   1389064.0003   5178158.9632
150550  180.0000  75.0000    1000.0000   5011058.9615   1389064.0003   5178158.9632
151050  180.0000  75.0000    1000.0000   5011058.9615   1389064.0003   5178158.9632
151550  180.0000  75.0000    1000.0000   5011058.9615   1389064.0003   5178158.9632
152050  180.0000  75.0000    1000.0000   5011058.9615   1389064.0003   5178158.9632
152550  180.0000  75.0000    1000.0000   5011058.9615   1389064.0003   5178158.9632
153050  180.0000  75.0000    1000.0000   5011058.9615   1389064.0003   5178158.9632
153550  180.0000  75.0000    1000.0000   5011058.9615   1389064.0003   5178158.9632
154050  180.0000  75.0000    1000.0000   5011058.9615   1389064.0003   5178158.9632
154550  180.0000  75.0000    1000.0000   5011058.9615   1389064.0003   5178158.9632
155050  180.0000  75.0000    1000.0000   5011058.9615   1389064.0003   5178158.9632
155550  180.0000  75.0000    1000.0000   5011058.9615   1389064.0003   5178158.9632
160050  180.0000  75.0000    1000.0000   5011058.9615   1389064.0003   5178158.9632
160550  180.0000  75.0000    1000.0000   5011058.9615   1389064.0003   5178158.9632
161050  180.0000  75.0000    1000.0000   5011058.9615   1389064.0003   5178158.9632
161550  180.0000  75.0000    1000.0000   5011058.9615   1389064.0003   5178158.9632
162050  180.0000  75.0000    1000.0000   5011058.9615   1389064.0003   5178158.9632
162550  180.0000  75.0000    1000.0000   5011058.9615   1389064.0003   5178158.9632
163050  180.0000  75.0000    1000.0000   5011058.9615   1389064.0003   5178158.9632
163550  180.0000  75.0000    1000.0000   5011058.9615   1389064.0003   5178158.9632
164050  180.0000  75.0000    1000.0000   5011058.9615   1389064.0003   5178158.9632
164550  180.0000  75.0000    1000.0000   5011058.9615   1389064.0003   5178158.9632
165050  180.0000  75.0000    1000.0000   5011058.9615   1389064.0003   5178158.9632
165550  180.0000  75.0000    1000.0000   5011058.9615   1389064.0003   5178158.9632
170050  180.0000  75.0000    1000.0000   5011058.9615   1389064.0003   5178158.9632
170550  180.0000  75.0000    1000.0000   5011058.9615   1389064.0003   5178158.9632
171050  180.0000  75.0000    1000.0000   5011058.9615   1389064.0003   5178158.9632
171550  180.0000  75.0000    1000.0000   5011058.9615   1389064.0003   5178158.9632
172050  180.0000  75.0000    1000.0000   5011058.9615   1389064.0003   5178158.9632
172550  180.0000  75.0000    1000.0000   5011058.9615   1389064.0003   5178158.9632
173050  180.0000  75.0000    1000.0000   5011058.9615   1389064.0003   5178158.9632
173550  180.0000  75.0000    1000.0000   5011058.9615   1389064.0003   5178158.9632
174050  180.0000  75.0000    1000.0000   5011058.9615   1389064.0003   5178158.9632
174550  180.0000  75.0000    1000.0000   5011058.9615   1389064.0003   5178158.9632
175050  180.0000  75.0000    1000.0000   5011058.9615   1389064.0003   5178158.9632
175550  180.0000  75.0000    1000.0000   5011058.9615   1389064.0003   5178158.9632
180050  180.0000  75.0000    1000.0000   5011058.9615   1389064.0003   5178158.9632
180550  180.0000  75.0000    1000.0000   5011058.9615   1389064.0003   5178158.9632
181050  180.0000  75.0000    1000.0000   5011058.9615   1389064.0003   5178158.9632
181550  180.0000  75.0000    1000.0000   5011058.9615   1389064.0003   5178158.9632
182050  180.0000  75.0000    1000.0000   5011058.9615   1389064.0003   5178158.9632
182550  180.0000  75.0000    1000.0000   5011058.9615   1389064.0003   5178158.9632
183050  180.0000  75.0000    1000.0000   5011058.9615   1389064.0003   5178158.9632
183550  180.0000  75.0000    1000.0000   5011058.9615   1389064.0003   5178158.9632
184050  180.0000  75.0000    1000.0000   5011058.9615   1389064.0003   5178158.9632
184550  180.0000  75.0000    1000.0000   5011058.9615   1389064.0003   5178158.9632
185050  180.0000  75.0000    1000.0000   5011058.9615   1389064.0003   5178158.9632
185550  180.0000  75.0000    1000.0000   5011058.9615   1389064.0003   5178158.9632
190050  180.0000  75.0000    1000.0000   5011058.9615   1389064.0003   5178158.9632
190550  180.0000  75.0000    1000.0000   5011058.9615   1389064.0003   5178158.9632
191050  180.0000  75.0000    1000.0000   5011058.9615   1389064.0003   5178158.9632
191550  180.0000  75.0000    1000.0000   5011058.9615   1389064.0003   5178158.9632
192050  180.0000  75.0000    1000.0000   5011058.9615   1389064.0003   5178158.9632
192550  180.0000  75.0000    1000.0000   5011058.9615   1389064.0003   5178158.9632
193050  180.0000  75.0000    1000.0000   5011058.9615   1389064.0003   5178158.9632
193550  180.0000  75.0000    1000.0000   5011058.9615   1389064.0003   5178158.9632
194050  180.0000  75.0000    1000.0000   5011058.9615   1389064.0003   5178158.9632
194550  180.0000  75.0000    1000.0000   5011058.9615   1389064.0003   5178158.9632
195050  180.0000  75.0000    1000.0000   5011058.9615   1389064.0003   5178158.9632
195550  180.0000  75.0000    1000.0000   5011058.9615   1389064.0003   5178158.9632
200050  180.0000  75.0000    1000.0000   5011058.9615   1389064.0003   5178158.9632
200550  180.0000  75.0000    1000.0000   5011058.9615   1389064.0003   5178158.9632
201050  180.0000  75.0000    1000.0000   5011058.9615   1389064.0003   5178158.9632
