X3912708 R_PNT     RP_TEST 1808 0000000  180 90.0 2025 127 085341 300 100   0   0 1     -1
085341  180.0000  90.0000    1000.0000   4194430.5549   1843831.7440   5379395.8549
085841  180.0000  90.0000    1000.0000   4194430.5549   1843831.7440   5379395.8549
090341  180.0000  90.0000    1000.0000   4194430.5549   1843831.7440   5379395.8549
090841  180.0000  90.0000    1000.0000   4194430.5549   1843831.7440   5379395.8549
091341  180.0000  90.0000    1000.0000   4194430.5549   1843831.7440   5379395.8549
091841  180.0000  90.0000    1000.0000   4194430.5549   1843831.7440   5379395.8549
092341  180.0000  90.0000    1000.0000   4194430.5549   1843831.7440   5379395.8549
092841  180.0000  90.0000    1000.0000   4194430.5549   1843831.7440   5379395.8549
093341  180.0000  90.0000    1000.0000   4194430.5549   1843831.7440   5379395.8549
093841  180.0000  90.0000    1000.0000   4194430.5549   1843831.7440   5379395.8549
094341  180.0000  90.0000    1000.0000   4194430.5549   1843831.7440   5379395.8549
094841  180.0000  90.0000    1000.0000   4194430.5549   1843831.7440   5379395.8549
095341  180.0000  90.0000    1000.0000   4194430.5549   1843831.7440   5379395.8549
095841  180.0000  90.0000    1000.0000   4194430.5549   1843831.7440   5379395.8549
100341  180.0000  90.0000    1000.0000   4194430.5549   1843831.7440   5379395.8549
100841  180.0000  90.0000    1000.0000   4194430.5549   1843831.7440   5379395.8549
101341  180.0000  90.0000    1000.0000   4194430.5549   1843831.7440   5379395.8549
101841  180.0000  90.0000    1000.0000   4194430.5549   1843831.7440   5379395.8549
102341  180.0000  90.0000    1000.0000   4194430.5549   1843831.7440   5379395.8549
102841  180.0000  90.0000    1000.0000   4194430.5549   1843831.7440   5379395.8549
103341  180.0000  90.0000    1000.0000   4194430.5549   1843831.7440   5379395.8549
103841  180.0000  90.0000    1000.0000   4194430.5549   1843831.7440   5379395.8549
104341  180.0000  90.0000    1000.0000   4194430.5549   1843831.7440   5379395.8549
104841  180.0000  90.0000    1000.0000   4194430.5549   1843831.7440   5379395.8549
105341  180.0000  90.0000    1000.0000   4194430.5549   1843831.7440   5379395.8549
105841  180.0000  90.0000    1000.0000   4194430.5549   1843831.7440   5379395.8549
110341  180.0000  90.0000    1000.0000   4194430.5549   1843831.7440   5379395.8549
110841  180.0000  90.0000    1000.0000   4194430.5549   1843831.7440   5379395.8549
111341  180.0000  90.0000    1000.0000   4194430.5549   1843831.7440   5379395.8549
111841  180.0000  90.0000    1000.0000   4194430.5549   1843831.7440   5379395.8549
112341  180.0000  90.0000    1000.0000   4194430.5549   1843831.7440   5379395.8549
112841  180.0000  90.0000    1000.0000   4194430.5549   1843831.7440   5379395.8549
113341  180.0000  90.0000    1000.0000   4194430.5549   1843831.7440   5379395.8549
113841  180.0000  90.0000    1000.0000   4194430.5549   1843831.7440   5379395.8549
114341  180.0000  90.0000    1000.0000   4194430.5549   1843831.7440   5379395.8549
114841  180.0000  90.0000    1000.0000   4194430.5549   1843831.7440   5379395.8549
115341  180.0000  90.0000    1000.0000   4194430.5549   1843831.7440   5379395.8549
115841  180.0000  90.0000    1000.0000   4194430.5549   1843831.7440   5379395.8549
120341  180.0000  90.0000    1000.0000   4194430.5549   1843831.7440   5379395.8549
120841  180.0000  90.0000    1000.0000   4194430.5549   1843831.7440   5379395.8549
121341  180.0000  90.0000    1000.0000   4194430.5549   1843831.7440   5379395.8549
121841  180.0000  90.0000    1000.0000   4194430.5549   1843831.7440   5379395.8549
122341  180.0000  90.0000    1000.0000   4194430.5549   1843831.7440   5379395.8549
122841  180.0000  90.0000    1000.0000   4194430.5549   1843831.7440   5379395.8549
123341  180.0000  90.0000    1000.0000   4194430.5549   1843831.7440   5379395.8549
123841  180.0000  90.0000    1000.0000   4194430.5549   1843831.7440   5379395.8549
124341  180.0000  90.0000    1000.0000   4194430.5549   1843831.7440   5379395.8549
124841  180.0000  90.0000    1000.0000   4194430.5549   1843831.7440   5379395.8549
125341  180.0000  90.0000    1000.0000   4194430.5549   1843831.7440   5379395.8549
125841  180.0000  90.0000    1000.0000   4194430.5549   1843831.7440   5379395.8549
130341  180.0000  90.0000    1000.0000   4194430.5549   1843831.7440   5379395.8549
130841  180.0000  90.0000    1000.0000   4194430.5549   1843831.7440   5379395.8549
131341  180.0000  90.0000    1000.0000   4194430.5549   1843831.7440   5379395.8549
131841  180.0000  90.0000    1000.0000   4194430.5549   1843831.7440   5379395.8549
132341  180.0000  90.0000    1000.0000   4194430.5549   1843831.7440   5379395.8549
132841  180.0000  90.0000    1000.0000   4194430.5549   1843831.7440   5379395.8549
133341  180.0000  90.0000    1000.0000   4194430.5549   1843831.7440   5379395.8549
133841  180.0000  90.0000    1000.0000   4194430.5549   1843831.7440   5379395.8549
134341  180.0000  90.0000    1000.0000   4194430.5549   1843831.7440   5379395.8549
134841  180.0000  90.0000    1000.0000   4194430.5549   1843831.7440   5379395.8549
135341  180.0000  90.0000    1000.0000   4194430.5549   1843831.7440   5379395.8549
135841  180.0000  90.0000    1000.0000   4194430.5549   1843831.7440   5379395.8549
140341  180.0000  90.0000    1000.0000   4194430.5549   1843831.7440   5379395.8549
140841  180.0000  90.0000    1000.0000   4194430.5549   1843831.7440   5379395.8549
141341  180.0000  90.0000    1000.0000   4194430.5549   1843831.7440   5379395.8549
141841  180.0000  90.0000    1000.0000   4194430.5549   1843831.7440   5379395.8549
142341  180.0000  90.0000    1000.0000   4194430.5549   1843831.7440   5379395.8549
142841  180.0000  90.0000    1000.0000   4194430.5549   1843831.7440   5379395.8549
143341  180.0000  90.0000    1000.0000   4194430.5549   1843831.7440   5379395.8549
143841  180.0000  90.0000    1000.0000   4194430.5549   1843831.7440   5379395.8549
144341  180.0000  90.0000    1000.0000   4194430.5549   1843831.7440   5379395.8549
144841  180.0000  90.0000    1000.0000   4194430.5549   1843831.7440   5379395.8549
145341  180.0000  90.0000    1000.0000   4194430.5549   1843831.7440   5379395.8549
145841  180.0000  90.0000    1000.0000   4194430.5549   1843831.7440   5379395.8549
150341  180.0000  90.0000    1000.0000   4194430.5549   1843831.7440   5379395.8549
150841  180.0000  90.0000    1000.0000   4194430.5549   1843831.7440   5379395.8549
151341  180.0000  90.0000    1000.0000   4194430.5549   1843831.7440   5379395.8549
151841  180.0000  90.0000    1000.0000   4194430.5549   1843831.7440   5379395.8549
152341  180.0000  90.0000    1000.0000   4194430.5549   1843831.7440   5379395.8549
152841  180.0000  90.0000    1000.0000   4194430.5549   1843831.7440   5379395.8549
153341  180.0000  90.0000    1000.0000   4194430.5549   1843831.7440   5379395.8549
153841  180.0000  90.0000    1000.0000   4194430.5549   1843831.7440   5379395.8549
154341  180.0000  90.0000    1000.0000   4194430.5549   1843831.7440   5379395.8549
154841  180.0000  90.0000    1000.0000   4194430.5549   1843831.7440   5379395.8549
155341  180.0000  90.0000    1000.0000   4194430.5549   1843831.7440   5379395.8549
155841  180.0000  90.0000    1000.0000   4194430.5549   1843831.7440   5379395.8549
160341  180.0000  90.0000    1000.0000   4194430.5549   1843831.7440   5379395.8549
160841  180.0000  90.0000    1000.0000   4194430.5549   1843831.7440   5379395.8549
161341  180.0000  90.0000    1000.0000   4194430.5549   1843831.7440   5379395.8549
161841  180.0000  90.0000    1000.0000   4194430.5549   1843831.7440   5379395.8549
162341  180.0000  90.0000    1000.0000   4194430.5549   1843831.7440   5379395.8549
162841  180.0000  90.0000    1000.0000   4194430.5549   1843831.7440   5379395.8549
163341  180.0000  90.0000    1000.0000   4194430.5549   1843831.7440   5379395.8549
163841  180.0000  90.0000    1000.0000   4194430.5549   1843831.7440   5379395.8549
164341  180.0000  90.0000    1000.0000   4194430.5549   1843831.7440   5379395.8549
164841  180.0000  90.0000    1000.0000   4194430.5549   1843831.7440   5379395.8549
165341  180.0000  90.0000    1000.0000   4194430.5549   1843831.7440   5379395.8549
165841  180.0000  90.0000    1000.0000   4194430.5549   1843831.7440   5379395.8549
170341  180.0000  90.0000    1000.0000   4194430.5549   1843831.7440   5379395.8549
170841  180.0000  90.0000    1000.0000   4194430.5549   1843831.7440   5379395.8549
