X3916110 R_PNT     RP_TEST 1808 0000000  180 89.0 2025 161 102527 300 100   0   0 1     -1
102527  180.0000  89.0000    1000.0000   4863029.4872   1348030.4346   5367399.7323
102707  180.0000  89.0000    1000.0000   4863029.4872   1348030.4346   5367399.7323
102847  180.0000  89.0000    1000.0000   4863029.4872   1348030.4346   5367399.7323
103027  180.0000  89.0000    1000.0000   4863029.4872   1348030.4346   5367399.7323
103207  180.0000  89.0000    1000.0000   4863029.4872   1348030.4346   5367399.7323
103347  180.0000  89.0000    1000.0000   4863029.4872   1348030.4346   5367399.7323
103527  180.0000  89.0000    1000.0000   4863029.4872   1348030.4346   5367399.7323
103707  180.0000  89.0000    1000.0000   4863029.4872   1348030.4346   5367399.7323
103847  180.0000  89.0000    1000.0000   4863029.4872   1348030.4346   5367399.7323
104027  180.0000  89.0000    1000.0000   4863029.4872   1348030.4346   5367399.7323
104207  180.0000  89.0000    1000.0000   4863029.4872   1348030.4346   5367399.7323
104347  180.0000  89.0000    1000.0000   4863029.4872   1348030.4346   5367399.7323
104527  180.0000  89.0000    1000.0000   4863029.4872   1348030.4346   5367399.7323
104707  180.0000  89.0000    1000.0000   4863029.4872   1348030.4346   5367399.7323
104847  180.0000  89.0000    1000.0000   4863029.4872   1348030.4346   5367399.7323
105027  180.0000  89.0000    1000.0000   4863029.4872   1348030.4346   5367399.7323
105207  180.0000  89.0000    1000.0000   4863029.4872   1348030.4346   5367399.7323
105347  180.0000  89.0000    1000.0000   4863029.4872   1348030.4346   5367399.7323
105527  180.0000  89.0000    1000.0000   4863029.4872   1348030.4346   5367399.7323
105707  180.0000  89.0000    1000.0000   4863029.4872   1348030.4346   5367399.7323
105847  180.0000  89.0000    1000.0000   4863029.4872   1348030.4346   5367399.7323
110027  180.0000  89.0000    1000.0000   4863029.4872   1348030.4346   5367399.7323
110207  180.0000  89.0000    1000.0000   4863029.4872   1348030.4346   5367399.7323
110347  180.0000  89.0000    1000.0000   4863029.4872   1348030.4346   5367399.7323
110527  180.0000  89.0000    1000.0000   4863029.4872   1348030.4346   5367399.7323
110707  180.0000  89.0000    1000.0000   4863029.4872   1348030.4346   5367399.7323
110847  180.0000  89.0000    1000.0000   4863029.4872   1348030.4346   5367399.7323
111027  180.0000  89.0000    1000.0000   4863029.4872   1348030.4346   5367399.7323
111207  180.0000  89.0000    1000.0000   4863029.4872   1348030.4346   5367399.7323
111347  180.0000  89.0000    1000.0000   4863029.4872   1348030.4346   5367399.7323
111527  180.0000  89.0000    1000.0000   4863029.4872   1348030.4346   5367399.7323
111707  180.0000  89.0000    1000.0000   4863029.4872   1348030.4346   5367399.7323
111847  180.0000  89.0000    1000.0000   4863029.4872   1348030.4346   5367399.7323
112027  180.0000  89.0000    1000.0000   4863029.4872   1348030.4346   5367399.7323
112207  180.0000  89.0000    1000.0000   4863029.4872   1348030.4346   5367399.7323
112347  180.0000  89.0000    1000.0000   4863029.4872   1348030.4346   5367399.7323
112527  180.0000  89.0000    1000.0000   4863029.4872   1348030.4346   5367399.7323
112707  180.0000  89.0000    1000.0000   4863029.4872   1348030.4346   5367399.7323
112847  180.0000  89.0000    1000.0000   4863029.4872   1348030.4346   5367399.7323
113027  180.0000  89.0000    1000.0000   4863029.4872   1348030.4346   5367399.7323
113207  180.0000  89.0000    1000.0000   4863029.4872   1348030.4346   5367399.7323
113347  180.0000  89.0000    1000.0000   4863029.4872   1348030.4346   5367399.7323
113527  180.0000  89.0000    1000.0000   4863029.4872   1348030.4346   5367399.7323
113707  180.0000  89.0000    1000.0000   4863029.4872   1348030.4346   5367399.7323
113847  180.0000  89.0000    1000.0000   4863029.4872   1348030.4346   5367399.7323
114027  180.0000  89.0000    1000.0000   4863029.4872   1348030.4346   5367399.7323
114207  180.0000  89.0000    1000.0000   4863029.4872   1348030.4346   5367399.7323
114347  180.0000  89.0000    1000.0000   4863029.4872   1348030.4346   5367399.7323
114527  180.0000  89.0000    1000.0000   4863029.4872   1348030.4346   5367399.7323
114707  180.0000  89.0000    1000.0000   4863029.4872   1348030.4346   5367399.7323
114847  180.0000  89.0000    1000.0000   4863029.4872   1348030.4346   5367399.7323
115027  180.0000  89.0000    1000.0000   4863029.4872   1348030.4346   5367399.7323
115207  180.0000  89.0000    1000.0000   4863029.4872   1348030.4346   5367399.7323
115347  180.0000  89.0000    1000.0000   4863029.4872   1348030.4346   5367399.7323
115527  180.0000  89.0000    1000.0000   4863029.4872   1348030.4346   5367399.7323
115707  180.0000  89.0000    1000.0000   4863029.4872   1348030.4346   5367399.7323
115847  180.0000  89.0000    1000.0000   4863029.4872   1348030.4346   5367399.7323
120027  180.0000  89.0000    1000.0000   4863029.4872   1348030.4346   5367399.7323
120207  180.0000  89.0000    1000.0000   4863029.4872   1348030.4346   5367399.7323
120347  180.0000  89.0000    1000.0000   4863029.4872   1348030.4346   5367399.7323
120527  180.0000  89.0000    1000.0000   4863029.4872   1348030.4346   5367399.7323
120707  180.0000  89.0000    1000.0000   4863029.4872   1348030.4346   5367399.7323
120847  180.0000  89.0000    1000.0000   4863029.4872   1348030.4346   5367399.7323
121027  180.0000  89.0000    1000.0000   4863029.4872   1348030.4346   5367399.7323
121207  180.0000  89.0000    1000.0000   4863029.4872   1348030.4346   5367399.7323
121347  180.0000  89.0000    1000.0000   4863029.4872   1348030.4346   5367399.7323
121527  180.0000  89.0000    1000.0000   4863029.4872   1348030.4346   5367399.7323
121707  180.0000  89.0000    1000.0000   4863029.4872   1348030.4346   5367399.7323
121847  180.0000  89.0000    1000.0000   4863029.4872   1348030.4346   5367399.7323
122027  180.0000  89.0000    1000.0000   4863029.4872   1348030.4346   5367399.7323
122207  180.0000  89.0000    1000.0000   4863029.4872   1348030.4346   5367399.7323
122347  180.0000  89.0000    1000.0000   4863029.4872   1348030.4346   5367399.7323
122527  180.0000  89.0000    1000.0000   4863029.4872   1348030.4346   5367399.7323
122707  180.0000  89.0000    1000.0000   4863029.4872   1348030.4346   5367399.7323
122847  180.0000  89.0000    1000.0000   4863029.4872   1348030.4346   5367399.7323
123027  180.0000  89.0000    1000.0000   4863029.4872   1348030.4346   5367399.7323
123207  180.0000  89.0000    1000.0000   4863029.4872   1348030.4346   5367399.7323
123347  180.0000  89.0000    1000.0000   4863029.4872   1348030.4346   5367399.7323
123527  180.0000  89.0000    1000.0000   4863029.4872   1348030.4346   5367399.7323
123707  180.0000  89.0000    1000.0000   4863029.4872   1348030.4346   5367399.7323
123847  180.0000  89.0000    1000.0000   4863029.4872   1348030.4346   5367399.7323
124027  180.0000  89.0000    1000.0000   4863029.4872   1348030.4346   5367399.7323
124207  180.0000  89.0000    1000.0000   4863029.4872   1348030.4346   5367399.7323
124347  180.0000  89.0000    1000.0000   4863029.4872   1348030.4346   5367399.7323
124527  180.0000  89.0000    1000.0000   4863029.4872   1348030.4346   5367399.7323
124707  180.0000  89.0000    1000.0000   4863029.4872   1348030.4346   5367399.7323
124847  180.0000  89.0000    1000.0000   4863029.4872   1348030.4346   5367399.7323
125027  180.0000  89.0000    1000.0000   4863029.4872   1348030.4346   5367399.7323
125207  180.0000  89.0000    1000.0000   4863029.4872   1348030.4346   5367399.7323
125347  180.0000  89.0000    1000.0000   4863029.4872   1348030.4346   5367399.7323
125527  180.0000  89.0000    1000.0000   4863029.4872   1348030.4346   5367399.7323
125707  180.0000  89.0000    1000.0000   4863029.4872   1348030.4346   5367399.7323
125847  180.0000  89.0000    1000.0000   4863029.4872   1348030.4346   5367399.7323
130027  180.0000  89.0000    1000.0000   4863029.4872   1348030.4346   5367399.7323
130207  180.0000  89.0000    1000.0000   4863029.4872   1348030.4346   5367399.7323
130347  180.0000  89.0000    1000.0000   4863029.4872   1348030.4346   5367399.7323
130527  180.0000  89.0000    1000.0000   4863029.4872   1348030.4346   5367399.7323
130707  180.0000  89.0000    1000.0000   4863029.4872   1348030.4346   5367399.7323
130847  180.0000  89.0000    1000.0000   4863029.4872   1348030.4346   5367399.7323
131027  180.0000  89.0000    1000.0000   4863029.4872   1348030.4346   5367399.7323
