X3912711 R_PNT     RP_TEST 1808 0000000  180 90.0 2025 127 115550 300 100   0   0 1     -1
115550  180.0000  90.0000    1000.0000   4850815.9701   1344644.8646   5379398.7990
120050  180.0000  90.0000    1000.0000   4850815.9701   1344644.8646   5379398.7990
120550  180.0000  90.0000    1000.0000   4850815.9701   1344644.8646   5379398.7990
121050  180.0000  90.0000    1000.0000   4850815.9701   1344644.8646   5379398.7990
121550  180.0000  90.0000    1000.0000   4850815.9701   1344644.8646   5379398.7990
122050  180.0000  90.0000    1000.0000   4850815.9701   1344644.8646   5379398.7990
122550  180.0000  90.0000    1000.0000   4850815.9701   1344644.8646   5379398.7990
123050  180.0000  90.0000    1000.0000   4850815.9701   1344644.8646   5379398.7990
123550  180.0000  90.0000    1000.0000   4850815.9701   1344644.8646   5379398.7990
124050  180.0000  90.0000    1000.0000   4850815.9701   1344644.8646   5379398.7990
124550  180.0000  90.0000    1000.0000   4850815.9701   1344644.8646   5379398.7990
125050  180.0000  90.0000    1000.0000   4850815.9701   1344644.8646   5379398.7990
125550  180.0000  90.0000    1000.0000   4850815.9701   1344644.8646   5379398.7990
130050  180.0000  90.0000    1000.0000   4850815.9701   1344644.8646   5379398.7990
130550  180.0000  90.0000    1000.0000   4850815.9701   1344644.8646   5379398.7990
131050  180.0000  90.0000    1000.0000   4850815.9701   1344644.8646   5379398.7990
131550  180.0000  90.0000    1000.0000   4850815.9701   1344644.8646   5379398.7990
132050  180.0000  90.0000    1000.0000   4850815.9701   1344644.8646   5379398.7990
132550  180.0000  90.0000    1000.0000   4850815.9701   1344644.8646   5379398.7990
133050  180.0000  90.0000    1000.0000   4850815.9701   1344644.8646   5379398.7990
133550  180.0000  90.0000    1000.0000   4850815.9701   1344644.8646   5379398.7990
134050  180.0000  90.0000    1000.0000   4850815.9701   1344644.8646   5379398.7990
134550  180.0000  90.0000    1000.0000   4850815.9701   1344644.8646   5379398.7990
135050  180.0000  90.0000    1000.0000   4850815.9701   1344644.8646   5379398.7990
135550  180.0000  90.0000    1000.0000   4850815.9701   1344644.8646   5379398.7990
140050  180.0000  90.0000    1000.0000   4850815.9701   1344644.8646   5379398.7990
140550  180.0000  90.0000    1000.0000   4850815.9701   1344644.8646   5379398.7990
141050  180.0000  90.0000    1000.0000   4850815.9701   1344644.8646   5379398.7990
141550  180.0000  90.0000    1000.0000   4850815.9701   1344644.8646   5379398.7990
142050  180.0000  90.0000    1000.0000   4850815.9701   1344644.8646   5379398.7990
142550  180.0000  90.0000    1000.0000   4850815.9701   1344644.8646   5379398.7990
143050  180.0000  90.0000    1000.0000   4850815.9701   1344644.8646   5379398.7990
143550  180.0000  90.0000    1000.0000   4850815.9701   1344644.8646   5379398.7990
144050  180.0000  90.0000    1000.0000   4850815.9701   1344644.8646   5379398.7990
144550  180.0000  90.0000    1000.0000   4850815.9701   1344644.8646   5379398.7990
145050  180.0000  90.0000    1000.0000   4850815.9701   1344644.8646   5379398.7990
145550  180.0000  90.0000    1000.0000   4850815.9701   1344644.8646   5379398.7990
150050  180.0000  90.0000    1000.0000   4850815.9701   1344644.8646   5379398.7990
150550  180.0000  90.0000    1000.0000   4850815.9701   1344644.8646   5379398.7990
151050  180.0000  90.0000    1000.0000   4850815.9701   1344644.8646   5379398.7990
151550  180.0000  90.0000    1000.0000   4850815.9701   1344644.8646   5379398.7990
152050  180.0000  90.0000    1000.0000   4850815.9701   1344644.8646   5379398.7990
152550  180.0000  90.0000    1000.0000   4850815.9701   1344644.8646   5379398.7990
153050  180.0000  90.0000    1000.0000   4850815.9701   1344644.8646   5379398.7990
153550  180.0000  90.0000    1000.0000   4850815.9701   1344644.8646   5379398.7990
154050  180.0000  90.0000    1000.0000   4850815.9701   1344644.8646   5379398.7990
154550  180.0000  90.0000    1000.0000   4850815.9701   1344644.8646   5379398.7990
155050  180.0000  90.0000    1000.0000   4850815.9701   1344644.8646   5379398.7990
155550  180.0000  90.0000    1000.0000   4850815.9701   1344644.8646   5379398.7990
160050  180.0000  90.0000    1000.0000   4850815.9701   1344644.8646   5379398.7990
160550  180.0000  90.0000    1000.0000   4850815.9701   1344644.8646   5379398.7990
161050  180.0000  90.0000    1000.0000   4850815.9701   1344644.8646   5379398.7990
161550  180.0000  90.0000    1000.0000   4850815.9701   1344644.8646   5379398.7990
162050  180.0000  90.0000    1000.0000   4850815.9701   1344644.8646   5379398.7990
162550  180.0000  90.0000    1000.0000   4850815.9701   1344644.8646   5379398.7990
163050  180.0000  90.0000    1000.0000   4850815.9701   1344644.8646   5379398.7990
163550  180.0000  90.0000    1000.0000   4850815.9701   1344644.8646   5379398.7990
164050  180.0000  90.0000    1000.0000   4850815.9701   1344644.8646   5379398.7990
164550  180.0000  90.0000    1000.0000   4850815.9701   1344644.8646   5379398.7990
165050  180.0000  90.0000    1000.0000   4850815.9701   1344644.8646   5379398.7990
165550  180.0000  90.0000    1000.0000   4850815.9701   1344644.8646   5379398.7990
170050  180.0000  90.0000    1000.0000   4850815.9701   1344644.8646   5379398.7990
170550  180.0000  90.0000    1000.0000   4850815.9701   1344644.8646   5379398.7990
171050  180.0000  90.0000    1000.0000   4850815.9701   1344644.8646   5379398.7990
171550  180.0000  90.0000    1000.0000   4850815.9701   1344644.8646   5379398.7990
172050  180.0000  90.0000    1000.0000   4850815.9701   1344644.8646   5379398.7990
172550  180.0000  90.0000    1000.0000   4850815.9701   1344644.8646   5379398.7990
173050  180.0000  90.0000    1000.0000   4850815.9701   1344644.8646   5379398.7990
173550  180.0000  90.0000    1000.0000   4850815.9701   1344644.8646   5379398.7990
174050  180.0000  90.0000    1000.0000   4850815.9701   1344644.8646   5379398.7990
174550  180.0000  90.0000    1000.0000   4850815.9701   1344644.8646   5379398.7990
175050  180.0000  90.0000    1000.0000   4850815.9701   1344644.8646   5379398.7990
175550  180.0000  90.0000    1000.0000   4850815.9701   1344644.8646   5379398.7990
180050  180.0000  90.0000    1000.0000   4850815.9701   1344644.8646   5379398.7990
180550  180.0000  90.0000    1000.0000   4850815.9701   1344644.8646   5379398.7990
181050  180.0000  90.0000    1000.0000   4850815.9701   1344644.8646   5379398.7990
181550  180.0000  90.0000    1000.0000   4850815.9701   1344644.8646   5379398.7990
182050  180.0000  90.0000    1000.0000   4850815.9701   1344644.8646   5379398.7990
182550  180.0000  90.0000    1000.0000   4850815.9701   1344644.8646   5379398.7990
183050  180.0000  90.0000    1000.0000   4850815.9701   1344644.8646   5379398.7990
183550  180.0000  90.0000    1000.0000   4850815.9701   1344644.8646   5379398.7990
184050  180.0000  90.0000    1000.0000   4850815.9701   1344644.8646   5379398.7990
184550  180.0000  90.0000    1000.0000   4850815.9701   1344644.8646   5379398.7990
185050  180.0000  90.0000    1000.0000   4850815.9701   1344644.8646   5379398.7990
185550  180.0000  90.0000    1000.0000   4850815.9701   1344644.8646   5379398.7990
190050  180.0000  90.0000    1000.0000   4850815.9701   1344644.8646   5379398.7990
190550  180.0000  90.0000    1000.0000   4850815.9701   1344644.8646   5379398.7990
191050  180.0000  90.0000    1000.0000   4850815.9701   1344644.8646   5379398.7990
191550  180.0000  90.0000    1000.0000   4850815.9701   1344644.8646   5379398.7990
192050  180.0000  90.0000    1000.0000   4850815.9701   1344644.8646   5379398.7990
192550  180.0000  90.0000    1000.0000   4850815.9701   1344644.8646   5379398.7990
193050  180.0000  90.0000    1000.0000   4850815.9701   1344644.8646   5379398.7990
193550  180.0000  90.0000    1000.0000   4850815.9701   1344644.8646   5379398.7990
194050  180.0000  90.0000    1000.0000   4850815.9701   1344644.8646   5379398.7990
194550  180.0000  90.0000    1000.0000   4850815.9701   1344644.8646   5379398.7990
195050  180.0000  90.0000    1000.0000   4850815.9701   1344644.8646   5379398.7990
195550  180.0000  90.0000    1000.0000   4850815.9701   1344644.8646   5379398.7990
200050  180.0000  90.0000    1000.0000   4850815.9701   1344644.8646   5379398.7990
200550  180.0000  90.0000    1000.0000   4850815.9701   1344644.8646   5379398.7990
201050  180.0000  90.0000    1000.0000   4850815.9701   1344644.8646   5379398.7990
