X4012708 R_PNT     RP_TEST 1808 0000000  225 15.0 2025 127 085341 300 100   0   0 1     -1
085341  225.0000  15.0000    1000.0000   3718687.6151   1954461.3915   4264141.7824
085841  225.0000  15.0000    1000.0000   3718687.6151   1954461.3915   4264141.7824
090341  225.0000  15.0000    1000.0000   3718687.6151   1954461.3915   4264141.7824
090841  225.0000  15.0000    1000.0000   3718687.6151   1954461.3915   4264141.7824
091341  225.0000  15.0000    1000.0000   3718687.6151   1954461.3915   4264141.7824
091841  225.0000  15.0000    1000.0000   3718687.6151   1954461.3915   4264141.7824
092341  225.0000  15.0000    1000.0000   3718687.6151   1954461.3915   4264141.7824
092841  225.0000  15.0000    1000.0000   3718687.6151   1954461.3915   4264141.7824
093341  225.0000  15.0000    1000.0000   3718687.6151   1954461.3915   4264141.7824
093841  225.0000  15.0000    1000.0000   3718687.6151   1954461.3915   4264141.7824
094341  225.0000  15.0000    1000.0000   3718687.6151   1954461.3915   4264141.7824
094841  225.0000  15.0000    1000.0000   3718687.6151   1954461.3915   4264141.7824
095341  225.0000  15.0000    1000.0000   3718687.6151   1954461.3915   4264141.7824
095841  225.0000  15.0000    1000.0000   3718687.6151   1954461.3915   4264141.7824
100341  225.0000  15.0000    1000.0000   3718687.6151   1954461.3915   4264141.7824
100841  225.0000  15.0000    1000.0000   3718687.6151   1954461.3915   4264141.7824
101341  225.0000  15.0000    1000.0000   3718687.6151   1954461.3915   4264141.7824
101841  225.0000  15.0000    1000.0000   3718687.6151   1954461.3915   4264141.7824
102341  225.0000  15.0000    1000.0000   3718687.6151   1954461.3915   4264141.7824
102841  225.0000  15.0000    1000.0000   3718687.6151   1954461.3915   4264141.7824
103341  225.0000  15.0000    1000.0000   3718687.6151   1954461.3915   4264141.7824
103841  225.0000  15.0000    1000.0000   3718687.6151   1954461.3915   4264141.7824
104341  225.0000  15.0000    1000.0000   3718687.6151   1954461.3915   4264141.7824
104841  225.0000  15.0000    1000.0000   3718687.6151   1954461.3915   4264141.7824
105341  225.0000  15.0000    1000.0000   3718687.6151   1954461.3915   4264141.7824
105841  225.0000  15.0000    1000.0000   3718687.6151   1954461.3915   4264141.7824
110341  225.0000  15.0000    1000.0000   3718687.6151   1954461.3915   4264141.7824
110841  225.0000  15.0000    1000.0000   3718687.6151   1954461.3915   4264141.7824
111341  225.0000  15.0000    1000.0000   3718687.6151   1954461.3915   4264141.7824
111841  225.0000  15.0000    1000.0000   3718687.6151   1954461.3915   4264141.7824
112341  225.0000  15.0000    1000.0000   3718687.6151   1954461.3915   4264141.7824
112841  225.0000  15.0000    1000.0000   3718687.6151   1954461.3915   4264141.7824
113341  225.0000  15.0000    1000.0000   3718687.6151   1954461.3915   4264141.7824
113841  225.0000  15.0000    1000.0000   3718687.6151   1954461.3915   4264141.7824
114341  225.0000  15.0000    1000.0000   3718687.6151   1954461.3915   4264141.7824
114841  225.0000  15.0000    1000.0000   3718687.6151   1954461.3915   4264141.7824
115341  225.0000  15.0000    1000.0000   3718687.6151   1954461.3915   4264141.7824
115841  225.0000  15.0000    1000.0000   3718687.6151   1954461.3915   4264141.7824
120341  225.0000  15.0000    1000.0000   3718687.6151   1954461.3915   4264141.7824
120841  225.0000  15.0000    1000.0000   3718687.6151   1954461.3915   4264141.7824
121341  225.0000  15.0000    1000.0000   3718687.6151   1954461.3915   4264141.7824
121841  225.0000  15.0000    1000.0000   3718687.6151   1954461.3915   4264141.7824
122341  225.0000  15.0000    1000.0000   3718687.6151   1954461.3915   4264141.7824
122841  225.0000  15.0000    1000.0000   3718687.6151   1954461.3915   4264141.7824
123341  225.0000  15.0000    1000.0000   3718687.6151   1954461.3915   4264141.7824
123841  225.0000  15.0000    1000.0000   3718687.6151   1954461.3915   4264141.7824
124341  225.0000  15.0000    1000.0000   3718687.6151   1954461.3915   4264141.7824
124841  225.0000  15.0000    1000.0000   3718687.6151   1954461.3915   4264141.7824
125341  225.0000  15.0000    1000.0000   3718687.6151   1954461.3915   4264141.7824
125841  225.0000  15.0000    1000.0000   3718687.6151   1954461.3915   4264141.7824
130341  225.0000  15.0000    1000.0000   3718687.6151   1954461.3915   4264141.7824
130841  225.0000  15.0000    1000.0000   3718687.6151   1954461.3915   4264141.7824
131341  225.0000  15.0000    1000.0000   3718687.6151   1954461.3915   4264141.7824
131841  225.0000  15.0000    1000.0000   3718687.6151   1954461.3915   4264141.7824
132341  225.0000  15.0000    1000.0000   3718687.6151   1954461.3915   4264141.7824
132841  225.0000  15.0000    1000.0000   3718687.6151   1954461.3915   4264141.7824
133341  225.0000  15.0000    1000.0000   3718687.6151   1954461.3915   4264141.7824
133841  225.0000  15.0000    1000.0000   3718687.6151   1954461.3915   4264141.7824
134341  225.0000  15.0000    1000.0000   3718687.6151   1954461.3915   4264141.7824
134841  225.0000  15.0000    1000.0000   3718687.6151   1954461.3915   4264141.7824
135341  225.0000  15.0000    1000.0000   3718687.6151   1954461.3915   4264141.7824
135841  225.0000  15.0000    1000.0000   3718687.6151   1954461.3915   4264141.7824
140341  225.0000  15.0000    1000.0000   3718687.6151   1954461.3915   4264141.7824
140841  225.0000  15.0000    1000.0000   3718687.6151   1954461.3915   4264141.7824
141341  225.0000  15.0000    1000.0000   3718687.6151   1954461.3915   4264141.7824
141841  225.0000  15.0000    1000.0000   3718687.6151   1954461.3915   4264141.7824
142341  225.0000  15.0000    1000.0000   3718687.6151   1954461.3915   4264141.7824
142841  225.0000  15.0000    1000.0000   3718687.6151   1954461.3915   4264141.7824
143341  225.0000  15.0000    1000.0000   3718687.6151   1954461.3915   4264141.7824
143841  225.0000  15.0000    1000.0000   3718687.6151   1954461.3915   4264141.7824
144341  225.0000  15.0000    1000.0000   3718687.6151   1954461.3915   4264141.7824
144841  225.0000  15.0000    1000.0000   3718687.6151   1954461.3915   4264141.7824
145341  225.0000  15.0000    1000.0000   3718687.6151   1954461.3915   4264141.7824
145841  225.0000  15.0000    1000.0000   3718687.6151   1954461.3915   4264141.7824
150341  225.0000  15.0000    1000.0000   3718687.6151   1954461.3915   4264141.7824
150841  225.0000  15.0000    1000.0000   3718687.6151   1954461.3915   4264141.7824
151341  225.0000  15.0000    1000.0000   3718687.6151   1954461.3915   4264141.7824
151841  225.0000  15.0000    1000.0000   3718687.6151   1954461.3915   4264141.7824
152341  225.0000  15.0000    1000.0000   3718687.6151   1954461.3915   4264141.7824
152841  225.0000  15.0000    1000.0000   3718687.6151   1954461.3915   4264141.7824
153341  225.0000  15.0000    1000.0000   3718687.6151   1954461.3915   4264141.7824
153841  225.0000  15.0000    1000.0000   3718687.6151   1954461.3915   4264141.7824
154341  225.0000  15.0000    1000.0000   3718687.6151   1954461.3915   4264141.7824
154841  225.0000  15.0000    1000.0000   3718687.6151   1954461.3915   4264141.7824
155341  225.0000  15.0000    1000.0000   3718687.6151   1954461.3915   4264141.7824
155841  225.0000  15.0000    1000.0000   3718687.6151   1954461.3915   4264141.7824
160341  225.0000  15.0000    1000.0000   3718687.6151   1954461.3915   4264141.7824
160841  225.0000  15.0000    1000.0000   3718687.6151   1954461.3915   4264141.7824
161341  225.0000  15.0000    1000.0000   3718687.6151   1954461.3915   4264141.7824
161841  225.0000  15.0000    1000.0000   3718687.6151   1954461.3915   4264141.7824
162341  225.0000  15.0000    1000.0000   3718687.6151   1954461.3915   4264141.7824
162841  225.0000  15.0000    1000.0000   3718687.6151   1954461.3915   4264141.7824
163341  225.0000  15.0000    1000.0000   3718687.6151   1954461.3915   4264141.7824
163841  225.0000  15.0000    1000.0000   3718687.6151   1954461.3915   4264141.7824
164341  225.0000  15.0000    1000.0000   3718687.6151   1954461.3915   4264141.7824
164841  225.0000  15.0000    1000.0000   3718687.6151   1954461.3915   4264141.7824
165341  225.0000  15.0000    1000.0000   3718687.6151   1954461.3915   4264141.7824
165841  225.0000  15.0000    1000.0000   3718687.6151   1954461.3915   4264141.7824
170341  225.0000  15.0000    1000.0000   3718687.6151   1954461.3915   4264141.7824
170841  225.0000  15.0000    1000.0000   3718687.6151   1954461.3915   4264141.7824
