X4012711 R_PNT     RP_TEST 1808 0000000  225 15.0 2025 127 115550 300 100   0   0 1     -1
115550  225.0000  15.0000    1000.0000   5028659.9248    685174.8297   4371513.5324
120050  225.0000  15.0000    1000.0000   5028659.9248    685174.8297   4371513.5324
120550  225.0000  15.0000    1000.0000   5028659.9248    685174.8297   4371513.5324
121050  225.0000  15.0000    1000.0000   5028659.9248    685174.8297   4371513.5324
121550  225.0000  15.0000    1000.0000   5028659.9248    685174.8297   4371513.5324
122050  225.0000  15.0000    1000.0000   5028659.9248    685174.8297   4371513.5324
122550  225.0000  15.0000    1000.0000   5028659.9248    685174.8297   4371513.5324
123050  225.0000  15.0000    1000.0000   5028659.9248    685174.8297   4371513.5324
123550  225.0000  15.0000    1000.0000   5028659.9248    685174.8297   4371513.5324
124050  225.0000  15.0000    1000.0000   5028659.9248    685174.8297   4371513.5324
124550  225.0000  15.0000    1000.0000   5028659.9248    685174.8297   4371513.5324
125050  225.0000  15.0000    1000.0000   5028659.9248    685174.8297   4371513.5324
125550  225.0000  15.0000    1000.0000   5028659.9248    685174.8297   4371513.5324
130050  225.0000  15.0000    1000.0000   5028659.9248    685174.8297   4371513.5324
130550  225.0000  15.0000    1000.0000   5028659.9248    685174.8297   4371513.5324
131050  225.0000  15.0000    1000.0000   5028659.9248    685174.8297   4371513.5324
131550  225.0000  15.0000    1000.0000   5028659.9248    685174.8297   4371513.5324
132050  225.0000  15.0000    1000.0000   5028659.9248    685174.8297   4371513.5324
132550  225.0000  15.0000    1000.0000   5028659.9248    685174.8297   4371513.5324
133050  225.0000  15.0000    1000.0000   5028659.9248    685174.8297   4371513.5324
133550  225.0000  15.0000    1000.0000   5028659.9248    685174.8297   4371513.5324
134050  225.0000  15.0000    1000.0000   5028659.9248    685174.8297   4371513.5324
134550  225.0000  15.0000    1000.0000   5028659.9248    685174.8297   4371513.5324
135050  225.0000  15.0000    1000.0000   5028659.9248    685174.8297   4371513.5324
135550  225.0000  15.0000    1000.0000   5028659.9248    685174.8297   4371513.5324
140050  225.0000  15.0000    1000.0000   5028659.9248    685174.8297   4371513.5324
140550  225.0000  15.0000    1000.0000   5028659.9248    685174.8297   4371513.5324
141050  225.0000  15.0000    1000.0000   5028659.9248    685174.8297   4371513.5324
141550  225.0000  15.0000    1000.0000   5028659.9248    685174.8297   4371513.5324
142050  225.0000  15.0000    1000.0000   5028659.9248    685174.8297   4371513.5324
142550  225.0000  15.0000    1000.0000   5028659.9248    685174.8297   4371513.5324
143050  225.0000  15.0000    1000.0000   5028659.9248    685174.8297   4371513.5324
143550  225.0000  15.0000    1000.0000   5028659.9248    685174.8297   4371513.5324
144050  225.0000  15.0000    1000.0000   5028659.9248    685174.8297   4371513.5324
144550  225.0000  15.0000    1000.0000   5028659.9248    685174.8297   4371513.5324
145050  225.0000  15.0000    1000.0000   5028659.9248    685174.8297   4371513.5324
145550  225.0000  15.0000    1000.0000   5028659.9248    685174.8297   4371513.5324
150050  225.0000  15.0000    1000.0000   5028659.9248    685174.8297   4371513.5324
150550  225.0000  15.0000    1000.0000   5028659.9248    685174.8297   4371513.5324
151050  225.0000  15.0000    1000.0000   5028659.9248    685174.8297   4371513.5324
151550  225.0000  15.0000    1000.0000   5028659.9248    685174.8297   4371513.5324
152050  225.0000  15.0000    1000.0000   5028659.9248    685174.8297   4371513.5324
152550  225.0000  15.0000    1000.0000   5028659.9248    685174.8297   4371513.5324
153050  225.0000  15.0000    1000.0000   5028659.9248    685174.8297   4371513.5324
153550  225.0000  15.0000    1000.0000   5028659.9248    685174.8297   4371513.5324
154050  225.0000  15.0000    1000.0000   5028659.9248    685174.8297   4371513.5324
154550  225.0000  15.0000    1000.0000   5028659.9248    685174.8297   4371513.5324
155050  225.0000  15.0000    1000.0000   5028659.9248    685174.8297   4371513.5324
155550  225.0000  15.0000    1000.0000   5028659.9248    685174.8297   4371513.5324
160050  225.0000  15.0000    1000.0000   5028659.9248    685174.8297   4371513.5324
160550  225.0000  15.0000    1000.0000   5028659.9248    685174.8297   4371513.5324
161050  225.0000  15.0000    1000.0000   5028659.9248    685174.8297   4371513.5324
161550  225.0000  15.0000    1000.0000   5028659.9248    685174.8297   4371513.5324
162050  225.0000  15.0000    1000.0000   5028659.9248    685174.8297   4371513.5324
162550  225.0000  15.0000    1000.0000   5028659.9248    685174.8297   4371513.5324
163050  225.0000  15.0000    1000.0000   5028659.9248    685174.8297   4371513.5324
163550  225.0000  15.0000    1000.0000   5028659.9248    685174.8297   4371513.5324
164050  225.0000  15.0000    1000.0000   5028659.9248    685174.8297   4371513.5324
164550  225.0000  15.0000    1000.0000   5028659.9248    685174.8297   4371513.5324
165050  225.0000  15.0000    1000.0000   5028659.9248    685174.8297   4371513.5324
165550  225.0000  15.0000    1000.0000   5028659.9248    685174.8297   4371513.5324
170050  225.0000  15.0000    1000.0000   5028659.9248    685174.8297   4371513.5324
170550  225.0000  15.0000    1000.0000   5028659.9248    685174.8297   4371513.5324
171050  225.0000  15.0000    1000.0000   5028659.9248    685174.8297   4371513.5324
171550  225.0000  15.0000    1000.0000   5028659.9248    685174.8297   4371513.5324
172050  225.0000  15.0000    1000.0000   5028659.9248    685174.8297   4371513.5324
172550  225.0000  15.0000    1000.0000   5028659.9248    685174.8297   4371513.5324
173050  225.0000  15.0000    1000.0000   5028659.9248    685174.8297   4371513.5324
173550  225.0000  15.0000    1000.0000   5028659.9248    685174.8297   4371513.5324
174050  225.0000  15.0000    1000.0000   5028659.9248    685174.8297   4371513.5324
174550  225.0000  15.0000    1000.0000   5028659.9248    685174.8297   4371513.5324
175050  225.0000  15.0000    1000.0000   5028659.9248    685174.8297   4371513.5324
175550  225.0000  15.0000    1000.0000   5028659.9248    685174.8297   4371513.5324
180050  225.0000  15.0000    1000.0000   5028659.9248    685174.8297   4371513.5324
180550  225.0000  15.0000    1000.0000   5028659.9248    685174.8297   4371513.5324
181050  225.0000  15.0000    1000.0000   5028659.9248    685174.8297   4371513.5324
181550  225.0000  15.0000    1000.0000   5028659.9248    685174.8297   4371513.5324
182050  225.0000  15.0000    1000.0000   5028659.9248    685174.8297   4371513.5324
182550  225.0000  15.0000    1000.0000   5028659.9248    685174.8297   4371513.5324
183050  225.0000  15.0000    1000.0000   5028659.9248    685174.8297   4371513.5324
183550  225.0000  15.0000    1000.0000   5028659.9248    685174.8297   4371513.5324
184050  225.0000  15.0000    1000.0000   5028659.9248    685174.8297   4371513.5324
184550  225.0000  15.0000    1000.0000   5028659.9248    685174.8297   4371513.5324
185050  225.0000  15.0000    1000.0000   5028659.9248    685174.8297   4371513.5324
185550  225.0000  15.0000    1000.0000   5028659.9248    685174.8297   4371513.5324
190050  225.0000  15.0000    1000.0000   5028659.9248    685174.8297   4371513.5324
190550  225.0000  15.0000    1000.0000   5028659.9248    685174.8297   4371513.5324
191050  225.0000  15.0000    1000.0000   5028659.9248    685174.8297   4371513.5324
191550  225.0000  15.0000    1000.0000   5028659.9248    685174.8297   4371513.5324
192050  225.0000  15.0000    1000.0000   5028659.9248    685174.8297   4371513.5324
192550  225.0000  15.0000    1000.0000   5028659.9248    685174.8297   4371513.5324
193050  225.0000  15.0000    1000.0000   5028659.9248    685174.8297   4371513.5324
193550  225.0000  15.0000    1000.0000   5028659.9248    685174.8297   4371513.5324
194050  225.0000  15.0000    1000.0000   5028659.9248    685174.8297   4371513.5324
194550  225.0000  15.0000    1000.0000   5028659.9248    685174.8297   4371513.5324
195050  225.0000  15.0000    1000.0000   5028659.9248    685174.8297   4371513.5324
195550  225.0000  15.0000    1000.0000   5028659.9248    685174.8297   4371513.5324
200050  225.0000  15.0000    1000.0000   5028659.9248    685174.8297   4371513.5324
200550  225.0000  15.0000    1000.0000   5028659.9248    685174.8297   4371513.5324
201050  225.0000  15.0000    1000.0000   5028659.9248    685174.8297   4371513.5324
