X4016110 R_PNT     RP_TEST 1808 0000000  225 15.0 2025 161 102527 300 100   0   0 1     -1
102527  225.0000  15.0000    1000.0000   5028659.9248    685174.8297   4371513.5324
102707  225.0000  15.0000    1000.0000   5028659.9248    685174.8297   4371513.5324
102847  225.0000  15.0000    1000.0000   5028659.9248    685174.8297   4371513.5324
103027  225.0000  15.0000    1000.0000   5028659.9248    685174.8297   4371513.5324
103207  225.0000  15.0000    1000.0000   5028659.9248    685174.8297   4371513.5324
103347  225.0000  15.0000    1000.0000   5028659.9248    685174.8297   4371513.5324
103527  225.0000  15.0000    1000.0000   5028659.9248    685174.8297   4371513.5324
103707  225.0000  15.0000    1000.0000   5028659.9248    685174.8297   4371513.5324
103847  225.0000  15.0000    1000.0000   5028659.9248    685174.8297   4371513.5324
104027  225.0000  15.0000    1000.0000   5028659.9248    685174.8297   4371513.5324
104207  225.0000  15.0000    1000.0000   5028659.9248    685174.8297   4371513.5324
104347  225.0000  15.0000    1000.0000   5028659.9248    685174.8297   4371513.5324
104527  225.0000  15.0000    1000.0000   5028659.9248    685174.8297   4371513.5324
104707  225.0000  15.0000    1000.0000   5028659.9248    685174.8297   4371513.5324
104847  225.0000  15.0000    1000.0000   5028659.9248    685174.8297   4371513.5324
105027  225.0000  15.0000    1000.0000   5028659.9248    685174.8297   4371513.5324
105207  225.0000  15.0000    1000.0000   5028659.9248    685174.8297   4371513.5324
105347  225.0000  15.0000    1000.0000   5028659.9248    685174.8297   4371513.5324
105527  225.0000  15.0000    1000.0000   5028659.9248    685174.8297   4371513.5324
105707  225.0000  15.0000    1000.0000   5028659.9248    685174.8297   4371513.5324
105847  225.0000  15.0000    1000.0000   5028659.9248    685174.8297   4371513.5324
110027  225.0000  15.0000    1000.0000   5028659.9248    685174.8297   4371513.5324
110207  225.0000  15.0000    1000.0000   5028659.9248    685174.8297   4371513.5324
110347  225.0000  15.0000    1000.0000   5028659.9248    685174.8297   4371513.5324
110527  225.0000  15.0000    1000.0000   5028659.9248    685174.8297   4371513.5324
110707  225.0000  15.0000    1000.0000   5028659.9248    685174.8297   4371513.5324
110847  225.0000  15.0000    1000.0000   5028659.9248    685174.8297   4371513.5324
111027  225.0000  15.0000    1000.0000   5028659.9248    685174.8297   4371513.5324
111207  225.0000  15.0000    1000.0000   5028659.9248    685174.8297   4371513.5324
111347  225.0000  15.0000    1000.0000   5028659.9248    685174.8297   4371513.5324
111527  225.0000  15.0000    1000.0000   5028659.9248    685174.8297   4371513.5324
111707  225.0000  15.0000    1000.0000   5028659.9248    685174.8297   4371513.5324
111847  225.0000  15.0000    1000.0000   5028659.9248    685174.8297   4371513.5324
112027  225.0000  15.0000    1000.0000   5028659.9248    685174.8297   4371513.5324
112207  225.0000  15.0000    1000.0000   5028659.9248    685174.8297   4371513.5324
112347  225.0000  15.0000    1000.0000   5028659.9248    685174.8297   4371513.5324
112527  225.0000  15.0000    1000.0000   5028659.9248    685174.8297   4371513.5324
112707  225.0000  15.0000    1000.0000   5028659.9248    685174.8297   4371513.5324
112847  225.0000  15.0000    1000.0000   5028659.9248    685174.8297   4371513.5324
113027  225.0000  15.0000    1000.0000   5028659.9248    685174.8297   4371513.5324
113207  225.0000  15.0000    1000.0000   5028659.9248    685174.8297   4371513.5324
113347  225.0000  15.0000    1000.0000   5028659.9248    685174.8297   4371513.5324
113527  225.0000  15.0000    1000.0000   5028659.9248    685174.8297   4371513.5324
113707  225.0000  15.0000    1000.0000   5028659.9248    685174.8297   4371513.5324
113847  225.0000  15.0000    1000.0000   5028659.9248    685174.8297   4371513.5324
114027  225.0000  15.0000    1000.0000   5028659.9248    685174.8297   4371513.5324
114207  225.0000  15.0000    1000.0000   5028659.9248    685174.8297   4371513.5324
114347  225.0000  15.0000    1000.0000   5028659.9248    685174.8297   4371513.5324
114527  225.0000  15.0000    1000.0000   5028659.9248    685174.8297   4371513.5324
114707  225.0000  15.0000    1000.0000   5028659.9248    685174.8297   4371513.5324
114847  225.0000  15.0000    1000.0000   5028659.9248    685174.8297   4371513.5324
115027  225.0000  15.0000    1000.0000   5028659.9248    685174.8297   4371513.5324
115207  225.0000  15.0000    1000.0000   5028659.9248    685174.8297   4371513.5324
115347  225.0000  15.0000    1000.0000   5028659.9248    685174.8297   4371513.5324
115527  225.0000  15.0000    1000.0000   5028659.9248    685174.8297   4371513.5324
115707  225.0000  15.0000    1000.0000   5028659.9248    685174.8297   4371513.5324
115847  225.0000  15.0000    1000.0000   5028659.9248    685174.8297   4371513.5324
120027  225.0000  15.0000    1000.0000   5028659.9248    685174.8297   4371513.5324
120207  225.0000  15.0000    1000.0000   5028659.9248    685174.8297   4371513.5324
120347  225.0000  15.0000    1000.0000   5028659.9248    685174.8297   4371513.5324
120527  225.0000  15.0000    1000.0000   5028659.9248    685174.8297   4371513.5324
120707  225.0000  15.0000    1000.0000   5028659.9248    685174.8297   4371513.5324
120847  225.0000  15.0000    1000.0000   5028659.9248    685174.8297   4371513.5324
121027  225.0000  15.0000    1000.0000   5028659.9248    685174.8297   4371513.5324
121207  225.0000  15.0000    1000.0000   5028659.9248    685174.8297   4371513.5324
121347  225.0000  15.0000    1000.0000   5028659.9248    685174.8297   4371513.5324
121527  225.0000  15.0000    1000.0000   5028659.9248    685174.8297   4371513.5324
121707  225.0000  15.0000    1000.0000   5028659.9248    685174.8297   4371513.5324
121847  225.0000  15.0000    1000.0000   5028659.9248    685174.8297   4371513.5324
122027  225.0000  15.0000    1000.0000   5028659.9248    685174.8297   4371513.5324
122207  225.0000  15.0000    1000.0000   5028659.9248    685174.8297   4371513.5324
122347  225.0000  15.0000    1000.0000   5028659.9248    685174.8297   4371513.5324
122527  225.0000  15.0000    1000.0000   5028659.9248    685174.8297   4371513.5324
122707  225.0000  15.0000    1000.0000   5028659.9248    685174.8297   4371513.5324
122847  225.0000  15.0000    1000.0000   5028659.9248    685174.8297   4371513.5324
123027  225.0000  15.0000    1000.0000   5028659.9248    685174.8297   4371513.5324
123207  225.0000  15.0000    1000.0000   5028659.9248    685174.8297   4371513.5324
123347  225.0000  15.0000    1000.0000   5028659.9248    685174.8297   4371513.5324
123527  225.0000  15.0000    1000.0000   5028659.9248    685174.8297   4371513.5324
123707  225.0000  15.0000    1000.0000   5028659.9248    685174.8297   4371513.5324
123847  225.0000  15.0000    1000.0000   5028659.9248    685174.8297   4371513.5324
124027  225.0000  15.0000    1000.0000   5028659.9248    685174.8297   4371513.5324
124207  225.0000  15.0000    1000.0000   5028659.9248    685174.8297   4371513.5324
124347  225.0000  15.0000    1000.0000   5028659.9248    685174.8297   4371513.5324
124527  225.0000  15.0000    1000.0000   5028659.9248    685174.8297   4371513.5324
124707  225.0000  15.0000    1000.0000   5028659.9248    685174.8297   4371513.5324
124847  225.0000  15.0000    1000.0000   5028659.9248    685174.8297   4371513.5324
125027  225.0000  15.0000    1000.0000   5028659.9248    685174.8297   4371513.5324
125207  225.0000  15.0000    1000.0000   5028659.9248    685174.8297   4371513.5324
125347  225.0000  15.0000    1000.0000   5028659.9248    685174.8297   4371513.5324
125527  225.0000  15.0000    1000.0000   5028659.9248    685174.8297   4371513.5324
125707  225.0000  15.0000    1000.0000   5028659.9248    685174.8297   4371513.5324
125847  225.0000  15.0000    1000.0000   5028659.9248    685174.8297   4371513.5324
130027  225.0000  15.0000    1000.0000   5028659.9248    685174.8297   4371513.5324
130207  225.0000  15.0000    1000.0000   5028659.9248    685174.8297   4371513.5324
130347  225.0000  15.0000    1000.0000   5028659.9248    685174.8297   4371513.5324
130527  225.0000  15.0000    1000.0000   5028659.9248    685174.8297   4371513.5324
130707  225.0000  15.0000    1000.0000   5028659.9248    685174.8297   4371513.5324
130847  225.0000  15.0000    1000.0000   5028659.9248    685174.8297   4371513.5324
131027  225.0000  15.0000    1000.0000   5028659.9248    685174.8297   4371513.5324
