X4112708 R_PNT     RP_TEST 1808 0000000  225 30.0 2025 127 085341 300 100   0   0 1     -1
085341  225.0000  30.0000    1000.0000   3767891.1040   2055084.1316   4499943.4539
085841  225.0000  30.0000    1000.0000   3767891.1040   2055084.1316   4499943.4539
090341  225.0000  30.0000    1000.0000   3767891.1040   2055084.1316   4499943.4539
090841  225.0000  30.0000    1000.0000   3767891.1040   2055084.1316   4499943.4539
091341  225.0000  30.0000    1000.0000   3767891.1040   2055084.1316   4499943.4539
091841  225.0000  30.0000    1000.0000   3767891.1040   2055084.1316   4499943.4539
092341  225.0000  30.0000    1000.0000   3767891.1040   2055084.1316   4499943.4539
092841  225.0000  30.0000    1000.0000   3767891.1040   2055084.1316   4499943.4539
093341  225.0000  30.0000    1000.0000   3767891.1040   2055084.1316   4499943.4539
093841  225.0000  30.0000    1000.0000   3767891.1040   2055084.1316   4499943.4539
094341  225.0000  30.0000    1000.0000   3767891.1040   2055084.1316   4499943.4539
094841  225.0000  30.0000    1000.0000   3767891.1040   2055084.1316   4499943.4539
095341  225.0000  30.0000    1000.0000   3767891.1040   2055084.1316   4499943.4539
095841  225.0000  30.0000    1000.0000   3767891.1040   2055084.1316   4499943.4539
100341  225.0000  30.0000    1000.0000   3767891.1040   2055084.1316   4499943.4539
100841  225.0000  30.0000    1000.0000   3767891.1040   2055084.1316   4499943.4539
101341  225.0000  30.0000    1000.0000   3767891.1040   2055084.1316   4499943.4539
101841  225.0000  30.0000    1000.0000   3767891.1040   2055084.1316   4499943.4539
102341  225.0000  30.0000    1000.0000   3767891.1040   2055084.1316   4499943.4539
102841  225.0000  30.0000    1000.0000   3767891.1040   2055084.1316   4499943.4539
103341  225.0000  30.0000    1000.0000   3767891.1040   2055084.1316   4499943.4539
103841  225.0000  30.0000    1000.0000   3767891.1040   2055084.1316   4499943.4539
104341  225.0000  30.0000    1000.0000   3767891.1040   2055084.1316   4499943.4539
104841  225.0000  30.0000    1000.0000   3767891.1040   2055084.1316   4499943.4539
105341  225.0000  30.0000    1000.0000   3767891.1040   2055084.1316   4499943.4539
105841  225.0000  30.0000    1000.0000   3767891.1040   2055084.1316   4499943.4539
110341  225.0000  30.0000    1000.0000   3767891.1040   2055084.1316   4499943.4539
110841  225.0000  30.0000    1000.0000   3767891.1040   2055084.1316   4499943.4539
111341  225.0000  30.0000    1000.0000   3767891.1040   2055084.1316   4499943.4539
111841  225.0000  30.0000    1000.0000   3767891.1040   2055084.1316   4499943.4539
112341  225.0000  30.0000    1000.0000   3767891.1040   2055084.1316   4499943.4539
112841  225.0000  30.0000    1000.0000   3767891.1040   2055084.1316   4499943.4539
113341  225.0000  30.0000    1000.0000   3767891.1040   2055084.1316   4499943.4539
113841  225.0000  30.0000    1000.0000   3767891.1040   2055084.1316   4499943.4539
114341  225.0000  30.0000    1000.0000   3767891.1040   2055084.1316   4499943.4539
114841  225.0000  30.0000    1000.0000   3767891.1040   2055084.1316   4499943.4539
115341  225.0000  30.0000    1000.0000   3767891.1040   2055084.1316   4499943.4539
115841  225.0000  30.0000    1000.0000   3767891.1040   2055084.1316   4499943.4539
120341  225.0000  30.0000    1000.0000   3767891.1040   2055084.1316   4499943.4539
120841  225.0000  30.0000    1000.0000   3767891.1040   2055084.1316   4499943.4539
121341  225.0000  30.0000    1000.0000   3767891.1040   2055084.1316   4499943.4539
121841  225.0000  30.0000    1000.0000   3767891.1040   2055084.1316   4499943.4539
122341  225.0000  30.0000    1000.0000   3767891.1040   2055084.1316   4499943.4539
122841  225.0000  30.0000    1000.0000   3767891.1040   2055084.1316   4499943.4539
123341  225.0000  30.0000    1000.0000   3767891.1040   2055084.1316   4499943.4539
123841  225.0000  30.0000    1000.0000   3767891.1040   2055084.1316   4499943.4539
124341  225.0000  30.0000    1000.0000   3767891.1040   2055084.1316   4499943.4539
124841  225.0000  30.0000    1000.0000   3767891.1040   2055084.1316   4499943.4539
125341  225.0000  30.0000    1000.0000   3767891.1040   2055084.1316   4499943.4539
125841  225.0000  30.0000    1000.0000   3767891.1040   2055084.1316   4499943.4539
130341  225.0000  30.0000    1000.0000   3767891.1040   2055084.1316   4499943.4539
130841  225.0000  30.0000    1000.0000   3767891.1040   2055084.1316   4499943.4539
131341  225.0000  30.0000    1000.0000   3767891.1040   2055084.1316   4499943.4539
131841  225.0000  30.0000    1000.0000   3767891.1040   2055084.1316   4499943.4539
132341  225.0000  30.0000    1000.0000   3767891.1040   2055084.1316   4499943.4539
132841  225.0000  30.0000    1000.0000   3767891.1040   2055084.1316   4499943.4539
133341  225.0000  30.0000    1000.0000   3767891.1040   2055084.1316   4499943.4539
133841  225.0000  30.0000    1000.0000   3767891.1040   2055084.1316   4499943.4539
134341  225.0000  30.0000    1000.0000   3767891.1040   2055084.1316   4499943.4539
134841  225.0000  30.0000    1000.0000   3767891.1040   2055084.1316   4499943.4539
135341  225.0000  30.0000    1000.0000   3767891.1040   2055084.1316   4499943.4539
135841  225.0000  30.0000    1000.0000   3767891.1040   2055084.1316   4499943.4539
140341  225.0000  30.0000    1000.0000   3767891.1040   2055084.1316   4499943.4539
140841  225.0000  30.0000    1000.0000   3767891.1040   2055084.1316   4499943.4539
141341  225.0000  30.0000    1000.0000   3767891.1040   2055084.1316   4499943.4539
141841  225.0000  30.0000    1000.0000   3767891.1040   2055084.1316   4499943.4539
142341  225.0000  30.0000    1000.0000   3767891.1040   2055084.1316   4499943.4539
142841  225.0000  30.0000    1000.0000   3767891.1040   2055084.1316   4499943.4539
143341  225.0000  30.0000    1000.0000   3767891.1040   2055084.1316   4499943.4539
143841  225.0000  30.0000    1000.0000   3767891.1040   2055084.1316   4499943.4539
144341  225.0000  30.0000    1000.0000   3767891.1040   2055084.1316   4499943.4539
144841  225.0000  30.0000    1000.0000   3767891.1040   2055084.1316   4499943.4539
145341  225.0000  30.0000    1000.0000   3767891.1040   2055084.1316   4499943.4539
145841  225.0000  30.0000    1000.0000   3767891.1040   2055084.1316   4499943.4539
150341  225.0000  30.0000    1000.0000   3767891.1040   2055084.1316   4499943.4539
150841  225.0000  30.0000    1000.0000   3767891.1040   2055084.1316   4499943.4539
151341  225.0000  30.0000    1000.0000   3767891.1040   2055084.1316   4499943.4539
151841  225.0000  30.0000    1000.0000   3767891.1040   2055084.1316   4499943.4539
152341  225.0000  30.0000    1000.0000   3767891.1040   2055084.1316   4499943.4539
152841  225.0000  30.0000    1000.0000   3767891.1040   2055084.1316   4499943.4539
153341  225.0000  30.0000    1000.0000   3767891.1040   2055084.1316   4499943.4539
153841  225.0000  30.0000    1000.0000   3767891.1040   2055084.1316   4499943.4539
154341  225.0000  30.0000    1000.0000   3767891.1040   2055084.1316   4499943.4539
154841  225.0000  30.0000    1000.0000   3767891.1040   2055084.1316   4499943.4539
155341  225.0000  30.0000    1000.0000   3767891.1040   2055084.1316   4499943.4539
155841  225.0000  30.0000    1000.0000   3767891.1040   2055084.1316   4499943.4539
160341  225.0000  30.0000    1000.0000   3767891.1040   2055084.1316   4499943.4539
160841  225.0000  30.0000    1000.0000   3767891.1040   2055084.1316   4499943.4539
161341  225.0000  30.0000    1000.0000   3767891.1040   2055084.1316   4499943.4539
161841  225.0000  30.0000    1000.0000   3767891.1040   2055084.1316   4499943.4539
162341  225.0000  30.0000    1000.0000   3767891.1040   2055084.1316   4499943.4539
162841  225.0000  30.0000    1000.0000   3767891.1040   2055084.1316   4499943.4539
163341  225.0000  30.0000    1000.0000   3767891.1040   2055084.1316   4499943.4539
163841  225.0000  30.0000    1000.0000   3767891.1040   2055084.1316   4499943.4539
164341  225.0000  30.0000    1000.0000   3767891.1040   2055084.1316   4499943.4539
164841  225.0000  30.0000    1000.0000   3767891.1040   2055084.1316   4499943.4539
165341  225.0000  30.0000    1000.0000   3767891.1040   2055084.1316   4499943.4539
165841  225.0000  30.0000    1000.0000   3767891.1040   2055084.1316   4499943.4539
170341  225.0000  30.0000    1000.0000   3767891.1040   2055084.1316   4499943.4539
170841  225.0000  30.0000    1000.0000   3767891.1040   2055084.1316   4499943.4539
