X4116110 R_PNT     RP_TEST 1808 0000000  225 30.0 2025 161 102527 300 100   0   0 1     -1
102527  225.0000  30.0000    1000.0000   5118258.8210    783315.5294   4596210.6359
102707  225.0000  30.0000    1000.0000   5118258.8210    783315.5294   4596210.6359
102847  225.0000  30.0000    1000.0000   5118258.8210    783315.5294   4596210.6359
103027  225.0000  30.0000    1000.0000   5118258.8210    783315.5294   4596210.6359
103207  225.0000  30.0000    1000.0000   5118258.8210    783315.5294   4596210.6359
103347  225.0000  30.0000    1000.0000   5118258.8210    783315.5294   4596210.6359
103527  225.0000  30.0000    1000.0000   5118258.8210    783315.5294   4596210.6359
103707  225.0000  30.0000    1000.0000   5118258.8210    783315.5294   4596210.6359
103847  225.0000  30.0000    1000.0000   5118258.8210    783315.5294   4596210.6359
104027  225.0000  30.0000    1000.0000   5118258.8210    783315.5294   4596210.6359
104207  225.0000  30.0000    1000.0000   5118258.8210    783315.5294   4596210.6359
104347  225.0000  30.0000    1000.0000   5118258.8210    783315.5294   4596210.6359
104527  225.0000  30.0000    1000.0000   5118258.8210    783315.5294   4596210.6359
104707  225.0000  30.0000    1000.0000   5118258.8210    783315.5294   4596210.6359
104847  225.0000  30.0000    1000.0000   5118258.8210    783315.5294   4596210.6359
105027  225.0000  30.0000    1000.0000   5118258.8210    783315.5294   4596210.6359
105207  225.0000  30.0000    1000.0000   5118258.8210    783315.5294   4596210.6359
105347  225.0000  30.0000    1000.0000   5118258.8210    783315.5294   4596210.6359
105527  225.0000  30.0000    1000.0000   5118258.8210    783315.5294   4596210.6359
105707  225.0000  30.0000    1000.0000   5118258.8210    783315.5294   4596210.6359
105847  225.0000  30.0000    1000.0000   5118258.8210    783315.5294   4596210.6359
110027  225.0000  30.0000    1000.0000   5118258.8210    783315.5294   4596210.6359
110207  225.0000  30.0000    1000.0000   5118258.8210    783315.5294   4596210.6359
110347  225.0000  30.0000    1000.0000   5118258.8210    783315.5294   4596210.6359
110527  225.0000  30.0000    1000.0000   5118258.8210    783315.5294   4596210.6359
110707  225.0000  30.0000    1000.0000   5118258.8210    783315.5294   4596210.6359
110847  225.0000  30.0000    1000.0000   5118258.8210    783315.5294   4596210.6359
111027  225.0000  30.0000    1000.0000   5118258.8210    783315.5294   4596210.6359
111207  225.0000  30.0000    1000.0000   5118258.8210    783315.5294   4596210.6359
111347  225.0000  30.0000    1000.0000   5118258.8210    783315.5294   4596210.6359
111527  225.0000  30.0000    1000.0000   5118258.8210    783315.5294   4596210.6359
111707  225.0000  30.0000    1000.0000   5118258.8210    783315.5294   4596210.6359
111847  225.0000  30.0000    1000.0000   5118258.8210    783315.5294   4596210.6359
112027  225.0000  30.0000    1000.0000   5118258.8210    783315.5294   4596210.6359
112207  225.0000  30.0000    1000.0000   5118258.8210    783315.5294   4596210.6359
112347  225.0000  30.0000    1000.0000   5118258.8210    783315.5294   4596210.6359
112527  225.0000  30.0000    1000.0000   5118258.8210    783315.5294   4596210.6359
112707  225.0000  30.0000    1000.0000   5118258.8210    783315.5294   4596210.6359
112847  225.0000  30.0000    1000.0000   5118258.8210    783315.5294   4596210.6359
113027  225.0000  30.0000    1000.0000   5118258.8210    783315.5294   4596210.6359
113207  225.0000  30.0000    1000.0000   5118258.8210    783315.5294   4596210.6359
113347  225.0000  30.0000    1000.0000   5118258.8210    783315.5294   4596210.6359
113527  225.0000  30.0000    1000.0000   5118258.8210    783315.5294   4596210.6359
113707  225.0000  30.0000    1000.0000   5118258.8210    783315.5294   4596210.6359
113847  225.0000  30.0000    1000.0000   5118258.8210    783315.5294   4596210.6359
114027  225.0000  30.0000    1000.0000   5118258.8210    783315.5294   4596210.6359
114207  225.0000  30.0000    1000.0000   5118258.8210    783315.5294   4596210.6359
114347  225.0000  30.0000    1000.0000   5118258.8210    783315.5294   4596210.6359
114527  225.0000  30.0000    1000.0000   5118258.8210    783315.5294   4596210.6359
114707  225.0000  30.0000    1000.0000   5118258.8210    783315.5294   4596210.6359
114847  225.0000  30.0000    1000.0000   5118258.8210    783315.5294   4596210.6359
115027  225.0000  30.0000    1000.0000   5118258.8210    783315.5294   4596210.6359
115207  225.0000  30.0000    1000.0000   5118258.8210    783315.5294   4596210.6359
115347  225.0000  30.0000    1000.0000   5118258.8210    783315.5294   4596210.6359
115527  225.0000  30.0000    1000.0000   5118258.8210    783315.5294   4596210.6359
115707  225.0000  30.0000    1000.0000   5118258.8210    783315.5294   4596210.6359
115847  225.0000  30.0000    1000.0000   5118258.8210    783315.5294   4596210.6359
120027  225.0000  30.0000    1000.0000   5118258.8210    783315.5294   4596210.6359
120207  225.0000  30.0000    1000.0000   5118258.8210    783315.5294   4596210.6359
120347  225.0000  30.0000    1000.0000   5118258.8210    783315.5294   4596210.6359
120527  225.0000  30.0000    1000.0000   5118258.8210    783315.5294   4596210.6359
120707  225.0000  30.0000    1000.0000   5118258.8210    783315.5294   4596210.6359
120847  225.0000  30.0000    1000.0000   5118258.8210    783315.5294   4596210.6359
121027  225.0000  30.0000    1000.0000   5118258.8210    783315.5294   4596210.6359
121207  225.0000  30.0000    1000.0000   5118258.8210    783315.5294   4596210.6359
121347  225.0000  30.0000    1000.0000   5118258.8210    783315.5294   4596210.6359
121527  225.0000  30.0000    1000.0000   5118258.8210    783315.5294   4596210.6359
121707  225.0000  30.0000    1000.0000   5118258.8210    783315.5294   4596210.6359
121847  225.0000  30.0000    1000.0000   5118258.8210    783315.5294   4596210.6359
122027  225.0000  30.0000    1000.0000   5118258.8210    783315.5294   4596210.6359
122207  225.0000  30.0000    1000.0000   5118258.8210    783315.5294   4596210.6359
122347  225.0000  30.0000    1000.0000   5118258.8210    783315.5294   4596210.6359
122527  225.0000  30.0000    1000.0000   5118258.8210    783315.5294   4596210.6359
122707  225.0000  30.0000    1000.0000   5118258.8210    783315.5294   4596210.6359
122847  225.0000  30.0000    1000.0000   5118258.8210    783315.5294   4596210.6359
123027  225.0000  30.0000    1000.0000   5118258.8210    783315.5294   4596210.6359
123207  225.0000  30.0000    1000.0000   5118258.8210    783315.5294   4596210.6359
123347  225.0000  30.0000    1000.0000   5118258.8210    783315.5294   4596210.6359
123527  225.0000  30.0000    1000.0000   5118258.8210    783315.5294   4596210.6359
123707  225.0000  30.0000    1000.0000   5118258.8210    783315.5294   4596210.6359
123847  225.0000  30.0000    1000.0000   5118258.8210    783315.5294   4596210.6359
124027  225.0000  30.0000    1000.0000   5118258.8210    783315.5294   4596210.6359
124207  225.0000  30.0000    1000.0000   5118258.8210    783315.5294   4596210.6359
124347  225.0000  30.0000    1000.0000   5118258.8210    783315.5294   4596210.6359
124527  225.0000  30.0000    1000.0000   5118258.8210    783315.5294   4596210.6359
124707  225.0000  30.0000    1000.0000   5118258.8210    783315.5294   4596210.6359
124847  225.0000  30.0000    1000.0000   5118258.8210    783315.5294   4596210.6359
125027  225.0000  30.0000    1000.0000   5118258.8210    783315.5294   4596210.6359
125207  225.0000  30.0000    1000.0000   5118258.8210    783315.5294   4596210.6359
125347  225.0000  30.0000    1000.0000   5118258.8210    783315.5294   4596210.6359
125527  225.0000  30.0000    1000.0000   5118258.8210    783315.5294   4596210.6359
125707  225.0000  30.0000    1000.0000   5118258.8210    783315.5294   4596210.6359
125847  225.0000  30.0000    1000.0000   5118258.8210    783315.5294   4596210.6359
130027  225.0000  30.0000    1000.0000   5118258.8210    783315.5294   4596210.6359
130207  225.0000  30.0000    1000.0000   5118258.8210    783315.5294   4596210.6359
130347  225.0000  30.0000    1000.0000   5118258.8210    783315.5294   4596210.6359
130527  225.0000  30.0000    1000.0000   5118258.8210    783315.5294   4596210.6359
130707  225.0000  30.0000    1000.0000   5118258.8210    783315.5294   4596210.6359
130847  225.0000  30.0000    1000.0000   5118258.8210    783315.5294   4596210.6359
131027  225.0000  30.0000    1000.0000   5118258.8210    783315.5294   4596210.6359
