X4112711 R_PNT     RP_TEST 1808 0000000  225 30.0 2025 127 115550 300 100   0   0 1     -1
115550  225.0000  30.0000    1000.0000   5118258.8210    783315.5294   4596210.6359
120050  225.0000  30.0000    1000.0000   5118258.8210    783315.5294   4596210.6359
120550  225.0000  30.0000    1000.0000   5118258.8210    783315.5294   4596210.6359
121050  225.0000  30.0000    1000.0000   5118258.8210    783315.5294   4596210.6359
121550  225.0000  30.0000    1000.0000   5118258.8210    783315.5294   4596210.6359
122050  225.0000  30.0000    1000.0000   5118258.8210    783315.5294   4596210.6359
122550  225.0000  30.0000    1000.0000   5118258.8210    783315.5294   4596210.6359
123050  225.0000  30.0000    1000.0000   5118258.8210    783315.5294   4596210.6359
123550  225.0000  30.0000    1000.0000   5118258.8210    783315.5294   4596210.6359
124050  225.0000  30.0000    1000.0000   5118258.8210    783315.5294   4596210.6359
124550  225.0000  30.0000    1000.0000   5118258.8210    783315.5294   4596210.6359
125050  225.0000  30.0000    1000.0000   5118258.8210    783315.5294   4596210.6359
125550  225.0000  30.0000    1000.0000   5118258.8210    783315.5294   4596210.6359
130050  225.0000  30.0000    1000.0000   5118258.8210    783315.5294   4596210.6359
130550  225.0000  30.0000    1000.0000   5118258.8210    783315.5294   4596210.6359
131050  225.0000  30.0000    1000.0000   5118258.8210    783315.5294   4596210.6359
131550  225.0000  30.0000    1000.0000   5118258.8210    783315.5294   4596210.6359
132050  225.0000  30.0000    1000.0000   5118258.8210    783315.5294   4596210.6359
132550  225.0000  30.0000    1000.0000   5118258.8210    783315.5294   4596210.6359
133050  225.0000  30.0000    1000.0000   5118258.8210    783315.5294   4596210.6359
133550  225.0000  30.0000    1000.0000   5118258.8210    783315.5294   4596210.6359
134050  225.0000  30.0000    1000.0000   5118258.8210    783315.5294   4596210.6359
134550  225.0000  30.0000    1000.0000   5118258.8210    783315.5294   4596210.6359
135050  225.0000  30.0000    1000.0000   5118258.8210    783315.5294   4596210.6359
135550  225.0000  30.0000    1000.0000   5118258.8210    783315.5294   4596210.6359
140050  225.0000  30.0000    1000.0000   5118258.8210    783315.5294   4596210.6359
140550  225.0000  30.0000    1000.0000   5118258.8210    783315.5294   4596210.6359
141050  225.0000  30.0000    1000.0000   5118258.8210    783315.5294   4596210.6359
141550  225.0000  30.0000    1000.0000   5118258.8210    783315.5294   4596210.6359
142050  225.0000  30.0000    1000.0000   5118258.8210    783315.5294   4596210.6359
142550  225.0000  30.0000    1000.0000   5118258.8210    783315.5294   4596210.6359
143050  225.0000  30.0000    1000.0000   5118258.8210    783315.5294   4596210.6359
143550  225.0000  30.0000    1000.0000   5118258.8210    783315.5294   4596210.6359
144050  225.0000  30.0000    1000.0000   5118258.8210    783315.5294   4596210.6359
144550  225.0000  30.0000    1000.0000   5118258.8210    783315.5294   4596210.6359
145050  225.0000  30.0000    1000.0000   5118258.8210    783315.5294   4596210.6359
145550  225.0000  30.0000    1000.0000   5118258.8210    783315.5294   4596210.6359
150050  225.0000  30.0000    1000.0000   5118258.8210    783315.5294   4596210.6359
150550  225.0000  30.0000    1000.0000   5118258.8210    783315.5294   4596210.6359
151050  225.0000  30.0000    1000.0000   5118258.8210    783315.5294   4596210.6359
151550  225.0000  30.0000    1000.0000   5118258.8210    783315.5294   4596210.6359
152050  225.0000  30.0000    1000.0000   5118258.8210    783315.5294   4596210.6359
152550  225.0000  30.0000    1000.0000   5118258.8210    783315.5294   4596210.6359
153050  225.0000  30.0000    1000.0000   5118258.8210    783315.5294   4596210.6359
153550  225.0000  30.0000    1000.0000   5118258.8210    783315.5294   4596210.6359
154050  225.0000  30.0000    1000.0000   5118258.8210    783315.5294   4596210.6359
154550  225.0000  30.0000    1000.0000   5118258.8210    783315.5294   4596210.6359
155050  225.0000  30.0000    1000.0000   5118258.8210    783315.5294   4596210.6359
155550  225.0000  30.0000    1000.0000   5118258.8210    783315.5294   4596210.6359
160050  225.0000  30.0000    1000.0000   5118258.8210    783315.5294   4596210.6359
160550  225.0000  30.0000    1000.0000   5118258.8210    783315.5294   4596210.6359
161050  225.0000  30.0000    1000.0000   5118258.8210    783315.5294   4596210.6359
161550  225.0000  30.0000    1000.0000   5118258.8210    783315.5294   4596210.6359
162050  225.0000  30.0000    1000.0000   5118258.8210    783315.5294   4596210.6359
162550  225.0000  30.0000    1000.0000   5118258.8210    783315.5294   4596210.6359
163050  225.0000  30.0000    1000.0000   5118258.8210    783315.5294   4596210.6359
163550  225.0000  30.0000    1000.0000   5118258.8210    783315.5294   4596210.6359
164050  225.0000  30.0000    1000.0000   5118258.8210    783315.5294   4596210.6359
164550  225.0000  30.0000    1000.0000   5118258.8210    783315.5294   4596210.6359
165050  225.0000  30.0000    1000.0000   5118258.8210    783315.5294   4596210.6359
165550  225.0000  30.0000    1000.0000   5118258.8210    783315.5294   4596210.6359
170050  225.0000  30.0000    1000.0000   5118258.8210    783315.5294   4596210.6359
170550  225.0000  30.0000    1000.0000   5118258.8210    783315.5294   4596210.6359
171050  225.0000  30.0000    1000.0000   5118258.8210    783315.5294   4596210.6359
171550  225.0000  30.0000    1000.0000   5118258.8210    783315.5294   4596210.6359
172050  225.0000  30.0000    1000.0000   5118258.8210    783315.5294   4596210.6359
172550  225.0000  30.0000    1000.0000   5118258.8210    783315.5294   4596210.6359
173050  225.0000  30.0000    1000.0000   5118258.8210    783315.5294   4596210.6359
173550  225.0000  30.0000    1000.0000   5118258.8210    783315.5294   4596210.6359
174050  225.0000  30.0000    1000.0000   5118258.8210    783315.5294   4596210.6359
174550  225.0000  30.0000    1000.0000   5118258.8210    783315.5294   4596210.6359
175050  225.0000  30.0000    1000.0000   5118258.8210    783315.5294   4596210.6359
175550  225.0000  30.0000    1000.0000   5118258.8210    783315.5294   4596210.6359
180050  225.0000  30.0000    1000.0000   5118258.8210    783315.5294   4596210.6359
180550  225.0000  30.0000    1000.0000   5118258.8210    783315.5294   4596210.6359
181050  225.0000  30.0000    1000.0000   5118258.8210    783315.5294   4596210.6359
181550  225.0000  30.0000    1000.0000   5118258.8210    783315.5294   4596210.6359
182050  225.0000  30.0000    1000.0000   5118258.8210    783315.5294   4596210.6359
182550  225.0000  30.0000    1000.0000   5118258.8210    783315.5294   4596210.6359
183050  225.0000  30.0000    1000.0000   5118258.8210    783315.5294   4596210.6359
183550  225.0000  30.0000    1000.0000   5118258.8210    783315.5294   4596210.6359
184050  225.0000  30.0000    1000.0000   5118258.8210    783315.5294   4596210.6359
184550  225.0000  30.0000    1000.0000   5118258.8210    783315.5294   4596210.6359
185050  225.0000  30.0000    1000.0000   5118258.8210    783315.5294   4596210.6359
185550  225.0000  30.0000    1000.0000   5118258.8210    783315.5294   4596210.6359
190050  225.0000  30.0000    1000.0000   5118258.8210    783315.5294   4596210.6359
190550  225.0000  30.0000    1000.0000   5118258.8210    783315.5294   4596210.6359
191050  225.0000  30.0000    1000.0000   5118258.8210    783315.5294   4596210.6359
191550  225.0000  30.0000    1000.0000   5118258.8210    783315.5294   4596210.6359
192050  225.0000  30.0000    1000.0000   5118258.8210    783315.5294   4596210.6359
192550  225.0000  30.0000    1000.0000   5118258.8210    783315.5294   4596210.6359
193050  225.0000  30.0000    1000.0000   5118258.8210    783315.5294   4596210.6359
193550  225.0000  30.0000    1000.0000   5118258.8210    783315.5294   4596210.6359
194050  225.0000  30.0000    1000.0000   5118258.8210    783315.5294   4596210.6359
194550  225.0000  30.0000    1000.0000   5118258.8210    783315.5294   4596210.6359
195050  225.0000  30.0000    1000.0000   5118258.8210    783315.5294   4596210.6359
195550  225.0000  30.0000    1000.0000   5118258.8210    783315.5294   4596210.6359
200050  225.0000  30.0000    1000.0000   5118258.8210    783315.5294   4596210.6359
200550  225.0000  30.0000    1000.0000   5118258.8210    783315.5294   4596210.6359
201050  225.0000  30.0000    1000.0000   5118258.8210    783315.5294   4596210.6359
