X4212708 R_PNT     RP_TEST 1808 0000000  225 45.0 2025 127 085341 300 100   0   0 1     -1
085341  225.0000  45.0000    1000.0000   3846162.5516   2094891.7103   4745783.4111
085841  225.0000  45.0000    1000.0000   3846162.5516   2094891.7103   4745783.4111
090341  225.0000  45.0000    1000.0000   3846162.5516   2094891.7103   4745783.4111
090841  225.0000  45.0000    1000.0000   3846162.5516   2094891.7103   4745783.4111
091341  225.0000  45.0000    1000.0000   3846162.5516   2094891.7103   4745783.4111
091841  225.0000  45.0000    1000.0000   3846162.5516   2094891.7103   4745783.4111
092341  225.0000  45.0000    1000.0000   3846162.5516   2094891.7103   4745783.4111
092841  225.0000  45.0000    1000.0000   3846162.5516   2094891.7103   4745783.4111
093341  225.0000  45.0000    1000.0000   3846162.5516   2094891.7103   4745783.4111
093841  225.0000  45.0000    1000.0000   3846162.5516   2094891.7103   4745783.4111
094341  225.0000  45.0000    1000.0000   3846162.5516   2094891.7103   4745783.4111
094841  225.0000  45.0000    1000.0000   3846162.5516   2094891.7103   4745783.4111
095341  225.0000  45.0000    1000.0000   3846162.5516   2094891.7103   4745783.4111
095841  225.0000  45.0000    1000.0000   3846162.5516   2094891.7103   4745783.4111
100341  225.0000  45.0000    1000.0000   3846162.5516   2094891.7103   4745783.4111
100841  225.0000  45.0000    1000.0000   3846162.5516   2094891.7103   4745783.4111
101341  225.0000  45.0000    1000.0000   3846162.5516   2094891.7103   4745783.4111
101841  225.0000  45.0000    1000.0000   3846162.5516   2094891.7103   4745783.4111
102341  225.0000  45.0000    1000.0000   3846162.5516   2094891.7103   4745783.4111
102841  225.0000  45.0000    1000.0000   3846162.5516   2094891.7103   4745783.4111
103341  225.0000  45.0000    1000.0000   3846162.5516   2094891.7103   4745783.4111
103841  225.0000  45.0000    1000.0000   3846162.5516   2094891.7103   4745783.4111
104341  225.0000  45.0000    1000.0000   3846162.5516   2094891.7103   4745783.4111
104841  225.0000  45.0000    1000.0000   3846162.5516   2094891.7103   4745783.4111
105341  225.0000  45.0000    1000.0000   3846162.5516   2094891.7103   4745783.4111
105841  225.0000  45.0000    1000.0000   3846162.5516   2094891.7103   4745783.4111
110341  225.0000  45.0000    1000.0000   3846162.5516   2094891.7103   4745783.4111
110841  225.0000  45.0000    1000.0000   3846162.5516   2094891.7103   4745783.4111
111341  225.0000  45.0000    1000.0000   3846162.5516   2094891.7103   4745783.4111
111841  225.0000  45.0000    1000.0000   3846162.5516   2094891.7103   4745783.4111
112341  225.0000  45.0000    1000.0000   3846162.5516   2094891.7103   4745783.4111
112841  225.0000  45.0000    1000.0000   3846162.5516   2094891.7103   4745783.4111
113341  225.0000  45.0000    1000.0000   3846162.5516   2094891.7103   4745783.4111
113841  225.0000  45.0000    1000.0000   3846162.5516   2094891.7103   4745783.4111
114341  225.0000  45.0000    1000.0000   3846162.5516   2094891.7103   4745783.4111
114841  225.0000  45.0000    1000.0000   3846162.5516   2094891.7103   4745783.4111
115341  225.0000  45.0000    1000.0000   3846162.5516   2094891.7103   4745783.4111
115841  225.0000  45.0000    1000.0000   3846162.5516   2094891.7103   4745783.4111
120341  225.0000  45.0000    1000.0000   3846162.5516   2094891.7103   4745783.4111
120841  225.0000  45.0000    1000.0000   3846162.5516   2094891.7103   4745783.4111
121341  225.0000  45.0000    1000.0000   3846162.5516   2094891.7103   4745783.4111
121841  225.0000  45.0000    1000.0000   3846162.5516   2094891.7103   4745783.4111
122341  225.0000  45.0000    1000.0000   3846162.5516   2094891.7103   4745783.4111
122841  225.0000  45.0000    1000.0000   3846162.5516   2094891.7103   4745783.4111
123341  225.0000  45.0000    1000.0000   3846162.5516   2094891.7103   4745783.4111
123841  225.0000  45.0000    1000.0000   3846162.5516   2094891.7103   4745783.4111
124341  225.0000  45.0000    1000.0000   3846162.5516   2094891.7103   4745783.4111
124841  225.0000  45.0000    1000.0000   3846162.5516   2094891.7103   4745783.4111
125341  225.0000  45.0000    1000.0000   3846162.5516   2094891.7103   4745783.4111
125841  225.0000  45.0000    1000.0000   3846162.5516   2094891.7103   4745783.4111
130341  225.0000  45.0000    1000.0000   3846162.5516   2094891.7103   4745783.4111
130841  225.0000  45.0000    1000.0000   3846162.5516   2094891.7103   4745783.4111
131341  225.0000  45.0000    1000.0000   3846162.5516   2094891.7103   4745783.4111
131841  225.0000  45.0000    1000.0000   3846162.5516   2094891.7103   4745783.4111
132341  225.0000  45.0000    1000.0000   3846162.5516   2094891.7103   4745783.4111
132841  225.0000  45.0000    1000.0000   3846162.5516   2094891.7103   4745783.4111
133341  225.0000  45.0000    1000.0000   3846162.5516   2094891.7103   4745783.4111
133841  225.0000  45.0000    1000.0000   3846162.5516   2094891.7103   4745783.4111
134341  225.0000  45.0000    1000.0000   3846162.5516   2094891.7103   4745783.4111
134841  225.0000  45.0000    1000.0000   3846162.5516   2094891.7103   4745783.4111
135341  225.0000  45.0000    1000.0000   3846162.5516   2094891.7103   4745783.4111
135841  225.0000  45.0000    1000.0000   3846162.5516   2094891.7103   4745783.4111
140341  225.0000  45.0000    1000.0000   3846162.5516   2094891.7103   4745783.4111
140841  225.0000  45.0000    1000.0000   3846162.5516   2094891.7103   4745783.4111
141341  225.0000  45.0000    1000.0000   3846162.5516   2094891.7103   4745783.4111
141841  225.0000  45.0000    1000.0000   3846162.5516   2094891.7103   4745783.4111
142341  225.0000  45.0000    1000.0000   3846162.5516   2094891.7103   4745783.4111
142841  225.0000  45.0000    1000.0000   3846162.5516   2094891.7103   4745783.4111
143341  225.0000  45.0000    1000.0000   3846162.5516   2094891.7103   4745783.4111
143841  225.0000  45.0000    1000.0000   3846162.5516   2094891.7103   4745783.4111
144341  225.0000  45.0000    1000.0000   3846162.5516   2094891.7103   4745783.4111
144841  225.0000  45.0000    1000.0000   3846162.5516   2094891.7103   4745783.4111
145341  225.0000  45.0000    1000.0000   3846162.5516   2094891.7103   4745783.4111
145841  225.0000  45.0000    1000.0000   3846162.5516   2094891.7103   4745783.4111
150341  225.0000  45.0000    1000.0000   3846162.5516   2094891.7103   4745783.4111
150841  225.0000  45.0000    1000.0000   3846162.5516   2094891.7103   4745783.4111
151341  225.0000  45.0000    1000.0000   3846162.5516   2094891.7103   4745783.4111
151841  225.0000  45.0000    1000.0000   3846162.5516   2094891.7103   4745783.4111
152341  225.0000  45.0000    1000.0000   3846162.5516   2094891.7103   4745783.4111
152841  225.0000  45.0000    1000.0000   3846162.5516   2094891.7103   4745783.4111
153341  225.0000  45.0000    1000.0000   3846162.5516   2094891.7103   4745783.4111
153841  225.0000  45.0000    1000.0000   3846162.5516   2094891.7103   4745783.4111
154341  225.0000  45.0000    1000.0000   3846162.5516   2094891.7103   4745783.4111
154841  225.0000  45.0000    1000.0000   3846162.5516   2094891.7103   4745783.4111
155341  225.0000  45.0000    1000.0000   3846162.5516   2094891.7103   4745783.4111
155841  225.0000  45.0000    1000.0000   3846162.5516   2094891.7103   4745783.4111
160341  225.0000  45.0000    1000.0000   3846162.5516   2094891.7103   4745783.4111
160841  225.0000  45.0000    1000.0000   3846162.5516   2094891.7103   4745783.4111
161341  225.0000  45.0000    1000.0000   3846162.5516   2094891.7103   4745783.4111
161841  225.0000  45.0000    1000.0000   3846162.5516   2094891.7103   4745783.4111
162341  225.0000  45.0000    1000.0000   3846162.5516   2094891.7103   4745783.4111
162841  225.0000  45.0000    1000.0000   3846162.5516   2094891.7103   4745783.4111
163341  225.0000  45.0000    1000.0000   3846162.5516   2094891.7103   4745783.4111
163841  225.0000  45.0000    1000.0000   3846162.5516   2094891.7103   4745783.4111
164341  225.0000  45.0000    1000.0000   3846162.5516   2094891.7103   4745783.4111
164841  225.0000  45.0000    1000.0000   3846162.5516   2094891.7103   4745783.4111
165341  225.0000  45.0000    1000.0000   3846162.5516   2094891.7103   4745783.4111
165841  225.0000  45.0000    1000.0000   3846162.5516   2094891.7103   4745783.4111
170341  225.0000  45.0000    1000.0000   3846162.5516   2094891.7103   4745783.4111
170841  225.0000  45.0000    1000.0000   3846162.5516   2094891.7103   4745783.4111
