X4212711 R_PNT     RP_TEST 1808 0000000  225 45.0 2025 127 115550 300 100   0   0 1     -1
115550  225.0000  45.0000    1000.0000   5144900.0439    907310.2790   4824385.7764
120050  225.0000  45.0000    1000.0000   5144900.0439    907310.2790   4824385.7764
120550  225.0000  45.0000    1000.0000   5144900.0439    907310.2790   4824385.7764
121050  225.0000  45.0000    1000.0000   5144900.0439    907310.2790   4824385.7764
121550  225.0000  45.0000    1000.0000   5144900.0439    907310.2790   4824385.7764
122050  225.0000  45.0000    1000.0000   5144900.0439    907310.2790   4824385.7764
122550  225.0000  45.0000    1000.0000   5144900.0439    907310.2790   4824385.7764
123050  225.0000  45.0000    1000.0000   5144900.0439    907310.2790   4824385.7764
123550  225.0000  45.0000    1000.0000   5144900.0439    907310.2790   4824385.7764
124050  225.0000  45.0000    1000.0000   5144900.0439    907310.2790   4824385.7764
124550  225.0000  45.0000    1000.0000   5144900.0439    907310.2790   4824385.7764
125050  225.0000  45.0000    1000.0000   5144900.0439    907310.2790   4824385.7764
125550  225.0000  45.0000    1000.0000   5144900.0439    907310.2790   4824385.7764
130050  225.0000  45.0000    1000.0000   5144900.0439    907310.2790   4824385.7764
130550  225.0000  45.0000    1000.0000   5144900.0439    907310.2790   4824385.7764
131050  225.0000  45.0000    1000.0000   5144900.0439    907310.2790   4824385.7764
131550  225.0000  45.0000    1000.0000   5144900.0439    907310.2790   4824385.7764
132050  225.0000  45.0000    1000.0000   5144900.0439    907310.2790   4824385.7764
132550  225.0000  45.0000    1000.0000   5144900.0439    907310.2790   4824385.7764
133050  225.0000  45.0000    1000.0000   5144900.0439    907310.2790   4824385.7764
133550  225.0000  45.0000    1000.0000   5144900.0439    907310.2790   4824385.7764
134050  225.0000  45.0000    1000.0000   5144900.0439    907310.2790   4824385.7764
134550  225.0000  45.0000    1000.0000   5144900.0439    907310.2790   4824385.7764
135050  225.0000  45.0000    1000.0000   5144900.0439    907310.2790   4824385.7764
135550  225.0000  45.0000    1000.0000   5144900.0439    907310.2790   4824385.7764
140050  225.0000  45.0000    1000.0000   5144900.0439    907310.2790   4824385.7764
140550  225.0000  45.0000    1000.0000   5144900.0439    907310.2790   4824385.7764
141050  225.0000  45.0000    1000.0000   5144900.0439    907310.2790   4824385.7764
141550  225.0000  45.0000    1000.0000   5144900.0439    907310.2790   4824385.7764
142050  225.0000  45.0000    1000.0000   5144900.0439    907310.2790   4824385.7764
142550  225.0000  45.0000    1000.0000   5144900.0439    907310.2790   4824385.7764
143050  225.0000  45.0000    1000.0000   5144900.0439    907310.2790   4824385.7764
143550  225.0000  45.0000    1000.0000   5144900.0439    907310.2790   4824385.7764
144050  225.0000  45.0000    1000.0000   5144900.0439    907310.2790   4824385.7764
144550  225.0000  45.0000    1000.0000   5144900.0439    907310.2790   4824385.7764
145050  225.0000  45.0000    1000.0000   5144900.0439    907310.2790   4824385.7764
145550  225.0000  45.0000    1000.0000   5144900.0439    907310.2790   4824385.7764
150050  225.0000  45.0000    1000.0000   5144900.0439    907310.2790   4824385.7764
150550  225.0000  45.0000    1000.0000   5144900.0439    907310.2790   4824385.7764
151050  225.0000  45.0000    1000.0000   5144900.0439    907310.2790   4824385.7764
151550  225.0000  45.0000    1000.0000   5144900.0439    907310.2790   4824385.7764
152050  225.0000  45.0000    1000.0000   5144900.0439    907310.2790   4824385.7764
152550  225.0000  45.0000    1000.0000   5144900.0439    907310.2790   4824385.7764
153050  225.0000  45.0000    1000.0000   5144900.0439    907310.2790   4824385.7764
153550  225.0000  45.0000    1000.0000   5144900.0439    907310.2790   4824385.7764
154050  225.0000  45.0000    1000.0000   5144900.0439    907310.2790   4824385.7764
154550  225.0000  45.0000    1000.0000   5144900.0439    907310.2790   4824385.7764
155050  225.0000  45.0000    1000.0000   5144900.0439    907310.2790   4824385.7764
155550  225.0000  45.0000    1000.0000   5144900.0439    907310.2790   4824385.7764
160050  225.0000  45.0000    1000.0000   5144900.0439    907310.2790   4824385.7764
160550  225.0000  45.0000    1000.0000   5144900.0439    907310.2790   4824385.7764
161050  225.0000  45.0000    1000.0000   5144900.0439    907310.2790   4824385.7764
161550  225.0000  45.0000    1000.0000   5144900.0439    907310.2790   4824385.7764
162050  225.0000  45.0000    1000.0000   5144900.0439    907310.2790   4824385.7764
162550  225.0000  45.0000    1000.0000   5144900.0439    907310.2790   4824385.7764
163050  225.0000  45.0000    1000.0000   5144900.0439    907310.2790   4824385.7764
163550  225.0000  45.0000    1000.0000   5144900.0439    907310.2790   4824385.7764
164050  225.0000  45.0000    1000.0000   5144900.0439    907310.2790   4824385.7764
164550  225.0000  45.0000    1000.0000   5144900.0439    907310.2790   4824385.7764
165050  225.0000  45.0000    1000.0000   5144900.0439    907310.2790   4824385.7764
165550  225.0000  45.0000    1000.0000   5144900.0439    907310.2790   4824385.7764
170050  225.0000  45.0000    1000.0000   5144900.0439    907310.2790   4824385.7764
170550  225.0000  45.0000    1000.0000   5144900.0439    907310.2790   4824385.7764
171050  225.0000  45.0000    1000.0000   5144900.0439    907310.2790   4824385.7764
171550  225.0000  45.0000    1000.0000   5144900.0439    907310.2790   4824385.7764
172050  225.0000  45.0000    1000.0000   5144900.0439    907310.2790   4824385.7764
172550  225.0000  45.0000    1000.0000   5144900.0439    907310.2790   4824385.7764
173050  225.0000  45.0000    1000.0000   5144900.0439    907310.2790   4824385.7764
173550  225.0000  45.0000    1000.0000   5144900.0439    907310.2790   4824385.7764
174050  225.0000  45.0000    1000.0000   5144900.0439    907310.2790   4824385.7764
174550  225.0000  45.0000    1000.0000   5144900.0439    907310.2790   4824385.7764
175050  225.0000  45.0000    1000.0000   5144900.0439    907310.2790   4824385.7764
175550  225.0000  45.0000    1000.0000   5144900.0439    907310.2790   4824385.7764
180050  225.0000  45.0000    1000.0000   5144900.0439    907310.2790   4824385.7764
180550  225.0000  45.0000    1000.0000   5144900.0439    907310.2790   4824385.7764
181050  225.0000  45.0000    1000.0000   5144900.0439    907310.2790   4824385.7764
181550  225.0000  45.0000    1000.0000   5144900.0439    907310.2790   4824385.7764
182050  225.0000  45.0000    1000.0000   5144900.0439    907310.2790   4824385.7764
182550  225.0000  45.0000    1000.0000   5144900.0439    907310.2790   4824385.7764
183050  225.0000  45.0000    1000.0000   5144900.0439    907310.2790   4824385.7764
183550  225.0000  45.0000    1000.0000   5144900.0439    907310.2790   4824385.7764
184050  225.0000  45.0000    1000.0000   5144900.0439    907310.2790   4824385.7764
184550  225.0000  45.0000    1000.0000   5144900.0439    907310.2790   4824385.7764
185050  225.0000  45.0000    1000.0000   5144900.0439    907310.2790   4824385.7764
185550  225.0000  45.0000    1000.0000   5144900.0439    907310.2790   4824385.7764
190050  225.0000  45.0000    1000.0000   5144900.0439    907310.2790   4824385.7764
190550  225.0000  45.0000    1000.0000   5144900.0439    907310.2790   4824385.7764
191050  225.0000  45.0000    1000.0000   5144900.0439    907310.2790   4824385.7764
191550  225.0000  45.0000    1000.0000   5144900.0439    907310.2790   4824385.7764
192050  225.0000  45.0000    1000.0000   5144900.0439    907310.2790   4824385.7764
192550  225.0000  45.0000    1000.0000   5144900.0439    907310.2790   4824385.7764
193050  225.0000  45.0000    1000.0000   5144900.0439    907310.2790   4824385.7764
193550  225.0000  45.0000    1000.0000   5144900.0439    907310.2790   4824385.7764
194050  225.0000  45.0000    1000.0000   5144900.0439    907310.2790   4824385.7764
194550  225.0000  45.0000    1000.0000   5144900.0439    907310.2790   4824385.7764
195050  225.0000  45.0000    1000.0000   5144900.0439    907310.2790   4824385.7764
195550  225.0000  45.0000    1000.0000   5144900.0439    907310.2790   4824385.7764
200050  225.0000  45.0000    1000.0000   5144900.0439    907310.2790   4824385.7764
200550  225.0000  45.0000    1000.0000   5144900.0439    907310.2790   4824385.7764
201050  225.0000  45.0000    1000.0000   5144900.0439    907310.2790   4824385.7764
