X4216110 R_PNT     RP_TEST 1808 0000000  225 45.0 2025 161 102527 300 100   0   0 1     -1
102527  225.0000  45.0000    1000.0000   5144900.0439    907310.2790   4824385.7764
102707  225.0000  45.0000    1000.0000   5144900.0439    907310.2790   4824385.7764
102847  225.0000  45.0000    1000.0000   5144900.0439    907310.2790   4824385.7764
103027  225.0000  45.0000    1000.0000   5144900.0439    907310.2790   4824385.7764
103207  225.0000  45.0000    1000.0000   5144900.0439    907310.2790   4824385.7764
103347  225.0000  45.0000    1000.0000   5144900.0439    907310.2790   4824385.7764
103527  225.0000  45.0000    1000.0000   5144900.0439    907310.2790   4824385.7764
103707  225.0000  45.0000    1000.0000   5144900.0439    907310.2790   4824385.7764
103847  225.0000  45.0000    1000.0000   5144900.0439    907310.2790   4824385.7764
104027  225.0000  45.0000    1000.0000   5144900.0439    907310.2790   4824385.7764
104207  225.0000  45.0000    1000.0000   5144900.0439    907310.2790   4824385.7764
104347  225.0000  45.0000    1000.0000   5144900.0439    907310.2790   4824385.7764
104527  225.0000  45.0000    1000.0000   5144900.0439    907310.2790   4824385.7764
104707  225.0000  45.0000    1000.0000   5144900.0439    907310.2790   4824385.7764
104847  225.0000  45.0000    1000.0000   5144900.0439    907310.2790   4824385.7764
105027  225.0000  45.0000    1000.0000   5144900.0439    907310.2790   4824385.7764
105207  225.0000  45.0000    1000.0000   5144900.0439    907310.2790   4824385.7764
105347  225.0000  45.0000    1000.0000   5144900.0439    907310.2790   4824385.7764
105527  225.0000  45.0000    1000.0000   5144900.0439    907310.2790   4824385.7764
105707  225.0000  45.0000    1000.0000   5144900.0439    907310.2790   4824385.7764
105847  225.0000  45.0000    1000.0000   5144900.0439    907310.2790   4824385.7764
110027  225.0000  45.0000    1000.0000   5144900.0439    907310.2790   4824385.7764
110207  225.0000  45.0000    1000.0000   5144900.0439    907310.2790   4824385.7764
110347  225.0000  45.0000    1000.0000   5144900.0439    907310.2790   4824385.7764
110527  225.0000  45.0000    1000.0000   5144900.0439    907310.2790   4824385.7764
110707  225.0000  45.0000    1000.0000   5144900.0439    907310.2790   4824385.7764
110847  225.0000  45.0000    1000.0000   5144900.0439    907310.2790   4824385.7764
111027  225.0000  45.0000    1000.0000   5144900.0439    907310.2790   4824385.7764
111207  225.0000  45.0000    1000.0000   5144900.0439    907310.2790   4824385.7764
111347  225.0000  45.0000    1000.0000   5144900.0439    907310.2790   4824385.7764
111527  225.0000  45.0000    1000.0000   5144900.0439    907310.2790   4824385.7764
111707  225.0000  45.0000    1000.0000   5144900.0439    907310.2790   4824385.7764
111847  225.0000  45.0000    1000.0000   5144900.0439    907310.2790   4824385.7764
112027  225.0000  45.0000    1000.0000   5144900.0439    907310.2790   4824385.7764
112207  225.0000  45.0000    1000.0000   5144900.0439    907310.2790   4824385.7764
112347  225.0000  45.0000    1000.0000   5144900.0439    907310.2790   4824385.7764
112527  225.0000  45.0000    1000.0000   5144900.0439    907310.2790   4824385.7764
112707  225.0000  45.0000    1000.0000   5144900.0439    907310.2790   4824385.7764
112847  225.0000  45.0000    1000.0000   5144900.0439    907310.2790   4824385.7764
113027  225.0000  45.0000    1000.0000   5144900.0439    907310.2790   4824385.7764
113207  225.0000  45.0000    1000.0000   5144900.0439    907310.2790   4824385.7764
113347  225.0000  45.0000    1000.0000   5144900.0439    907310.2790   4824385.7764
113527  225.0000  45.0000    1000.0000   5144900.0439    907310.2790   4824385.7764
113707  225.0000  45.0000    1000.0000   5144900.0439    907310.2790   4824385.7764
113847  225.0000  45.0000    1000.0000   5144900.0439    907310.2790   4824385.7764
114027  225.0000  45.0000    1000.0000   5144900.0439    907310.2790   4824385.7764
114207  225.0000  45.0000    1000.0000   5144900.0439    907310.2790   4824385.7764
114347  225.0000  45.0000    1000.0000   5144900.0439    907310.2790   4824385.7764
114527  225.0000  45.0000    1000.0000   5144900.0439    907310.2790   4824385.7764
114707  225.0000  45.0000    1000.0000   5144900.0439    907310.2790   4824385.7764
114847  225.0000  45.0000    1000.0000   5144900.0439    907310.2790   4824385.7764
115027  225.0000  45.0000    1000.0000   5144900.0439    907310.2790   4824385.7764
115207  225.0000  45.0000    1000.0000   5144900.0439    907310.2790   4824385.7764
115347  225.0000  45.0000    1000.0000   5144900.0439    907310.2790   4824385.7764
115527  225.0000  45.0000    1000.0000   5144900.0439    907310.2790   4824385.7764
115707  225.0000  45.0000    1000.0000   5144900.0439    907310.2790   4824385.7764
115847  225.0000  45.0000    1000.0000   5144900.0439    907310.2790   4824385.7764
120027  225.0000  45.0000    1000.0000   5144900.0439    907310.2790   4824385.7764
120207  225.0000  45.0000    1000.0000   5144900.0439    907310.2790   4824385.7764
120347  225.0000  45.0000    1000.0000   5144900.0439    907310.2790   4824385.7764
120527  225.0000  45.0000    1000.0000   5144900.0439    907310.2790   4824385.7764
120707  225.0000  45.0000    1000.0000   5144900.0439    907310.2790   4824385.7764
120847  225.0000  45.0000    1000.0000   5144900.0439    907310.2790   4824385.7764
121027  225.0000  45.0000    1000.0000   5144900.0439    907310.2790   4824385.7764
121207  225.0000  45.0000    1000.0000   5144900.0439    907310.2790   4824385.7764
121347  225.0000  45.0000    1000.0000   5144900.0439    907310.2790   4824385.7764
121527  225.0000  45.0000    1000.0000   5144900.0439    907310.2790   4824385.7764
121707  225.0000  45.0000    1000.0000   5144900.0439    907310.2790   4824385.7764
121847  225.0000  45.0000    1000.0000   5144900.0439    907310.2790   4824385.7764
122027  225.0000  45.0000    1000.0000   5144900.0439    907310.2790   4824385.7764
122207  225.0000  45.0000    1000.0000   5144900.0439    907310.2790   4824385.7764
122347  225.0000  45.0000    1000.0000   5144900.0439    907310.2790   4824385.7764
122527  225.0000  45.0000    1000.0000   5144900.0439    907310.2790   4824385.7764
122707  225.0000  45.0000    1000.0000   5144900.0439    907310.2790   4824385.7764
122847  225.0000  45.0000    1000.0000   5144900.0439    907310.2790   4824385.7764
123027  225.0000  45.0000    1000.0000   5144900.0439    907310.2790   4824385.7764
123207  225.0000  45.0000    1000.0000   5144900.0439    907310.2790   4824385.7764
123347  225.0000  45.0000    1000.0000   5144900.0439    907310.2790   4824385.7764
123527  225.0000  45.0000    1000.0000   5144900.0439    907310.2790   4824385.7764
123707  225.0000  45.0000    1000.0000   5144900.0439    907310.2790   4824385.7764
123847  225.0000  45.0000    1000.0000   5144900.0439    907310.2790   4824385.7764
124027  225.0000  45.0000    1000.0000   5144900.0439    907310.2790   4824385.7764
124207  225.0000  45.0000    1000.0000   5144900.0439    907310.2790   4824385.7764
124347  225.0000  45.0000    1000.0000   5144900.0439    907310.2790   4824385.7764
124527  225.0000  45.0000    1000.0000   5144900.0439    907310.2790   4824385.7764
124707  225.0000  45.0000    1000.0000   5144900.0439    907310.2790   4824385.7764
124847  225.0000  45.0000    1000.0000   5144900.0439    907310.2790   4824385.7764
125027  225.0000  45.0000    1000.0000   5144900.0439    907310.2790   4824385.7764
125207  225.0000  45.0000    1000.0000   5144900.0439    907310.2790   4824385.7764
125347  225.0000  45.0000    1000.0000   5144900.0439    907310.2790   4824385.7764
125527  225.0000  45.0000    1000.0000   5144900.0439    907310.2790   4824385.7764
125707  225.0000  45.0000    1000.0000   5144900.0439    907310.2790   4824385.7764
125847  225.0000  45.0000    1000.0000   5144900.0439    907310.2790   4824385.7764
130027  225.0000  45.0000    1000.0000   5144900.0439    907310.2790   4824385.7764
130207  225.0000  45.0000    1000.0000   5144900.0439    907310.2790   4824385.7764
130347  225.0000  45.0000    1000.0000   5144900.0439    907310.2790   4824385.7764
130527  225.0000  45.0000    1000.0000   5144900.0439    907310.2790   4824385.7764
130707  225.0000  45.0000    1000.0000   5144900.0439    907310.2790   4824385.7764
130847  225.0000  45.0000    1000.0000   5144900.0439    907310.2790   4824385.7764
131027  225.0000  45.0000    1000.0000   5144900.0439    907310.2790   4824385.7764
