X4316110 R_PNT     RP_TEST 1808 0000000  225 60.0 2025 161 102527 300 100   0   0 1     -1
102527  225.0000  60.0000    1000.0000   5106768.0383   1048709.0412   5040489.1952
102707  225.0000  60.0000    1000.0000   5106768.0383   1048709.0412   5040489.1952
102847  225.0000  60.0000    1000.0000   5106768.0383   1048709.0412   5040489.1952
103027  225.0000  60.0000    1000.0000   5106768.0383   1048709.0412   5040489.1952
103207  225.0000  60.0000    1000.0000   5106768.0383   1048709.0412   5040489.1952
103347  225.0000  60.0000    1000.0000   5106768.0383   1048709.0412   5040489.1952
103527  225.0000  60.0000    1000.0000   5106768.0383   1048709.0412   5040489.1952
103707  225.0000  60.0000    1000.0000   5106768.0383   1048709.0412   5040489.1952
103847  225.0000  60.0000    1000.0000   5106768.0383   1048709.0412   5040489.1952
104027  225.0000  60.0000    1000.0000   5106768.0383   1048709.0412   5040489.1952
104207  225.0000  60.0000    1000.0000   5106768.0383   1048709.0412   5040489.1952
104347  225.0000  60.0000    1000.0000   5106768.0383   1048709.0412   5040489.1952
104527  225.0000  60.0000    1000.0000   5106768.0383   1048709.0412   5040489.1952
104707  225.0000  60.0000    1000.0000   5106768.0383   1048709.0412   5040489.1952
104847  225.0000  60.0000    1000.0000   5106768.0383   1048709.0412   5040489.1952
105027  225.0000  60.0000    1000.0000   5106768.0383   1048709.0412   5040489.1952
105207  225.0000  60.0000    1000.0000   5106768.0383   1048709.0412   5040489.1952
105347  225.0000  60.0000    1000.0000   5106768.0383   1048709.0412   5040489.1952
105527  225.0000  60.0000    1000.0000   5106768.0383   1048709.0412   5040489.1952
105707  225.0000  60.0000    1000.0000   5106768.0383   1048709.0412   5040489.1952
105847  225.0000  60.0000    1000.0000   5106768.0383   1048709.0412   5040489.1952
110027  225.0000  60.0000    1000.0000   5106768.0383   1048709.0412   5040489.1952
110207  225.0000  60.0000    1000.0000   5106768.0383   1048709.0412   5040489.1952
110347  225.0000  60.0000    1000.0000   5106768.0383   1048709.0412   5040489.1952
110527  225.0000  60.0000    1000.0000   5106768.0383   1048709.0412   5040489.1952
110707  225.0000  60.0000    1000.0000   5106768.0383   1048709.0412   5040489.1952
110847  225.0000  60.0000    1000.0000   5106768.0383   1048709.0412   5040489.1952
111027  225.0000  60.0000    1000.0000   5106768.0383   1048709.0412   5040489.1952
111207  225.0000  60.0000    1000.0000   5106768.0383   1048709.0412   5040489.1952
111347  225.0000  60.0000    1000.0000   5106768.0383   1048709.0412   5040489.1952
111527  225.0000  60.0000    1000.0000   5106768.0383   1048709.0412   5040489.1952
111707  225.0000  60.0000    1000.0000   5106768.0383   1048709.0412   5040489.1952
111847  225.0000  60.0000    1000.0000   5106768.0383   1048709.0412   5040489.1952
112027  225.0000  60.0000    1000.0000   5106768.0383   1048709.0412   5040489.1952
112207  225.0000  60.0000    1000.0000   5106768.0383   1048709.0412   5040489.1952
112347  225.0000  60.0000    1000.0000   5106768.0383   1048709.0412   5040489.1952
112527  225.0000  60.0000    1000.0000   5106768.0383   1048709.0412   5040489.1952
112707  225.0000  60.0000    1000.0000   5106768.0383   1048709.0412   5040489.1952
112847  225.0000  60.0000    1000.0000   5106768.0383   1048709.0412   5040489.1952
113027  225.0000  60.0000    1000.0000   5106768.0383   1048709.0412   5040489.1952
113207  225.0000  60.0000    1000.0000   5106768.0383   1048709.0412   5040489.1952
113347  225.0000  60.0000    1000.0000   5106768.0383   1048709.0412   5040489.1952
113527  225.0000  60.0000    1000.0000   5106768.0383   1048709.0412   5040489.1952
113707  225.0000  60.0000    1000.0000   5106768.0383   1048709.0412   5040489.1952
113847  225.0000  60.0000    1000.0000   5106768.0383   1048709.0412   5040489.1952
114027  225.0000  60.0000    1000.0000   5106768.0383   1048709.0412   5040489.1952
114207  225.0000  60.0000    1000.0000   5106768.0383   1048709.0412   5040489.1952
114347  225.0000  60.0000    1000.0000   5106768.0383   1048709.0412   5040489.1952
114527  225.0000  60.0000    1000.0000   5106768.0383   1048709.0412   5040489.1952
114707  225.0000  60.0000    1000.0000   5106768.0383   1048709.0412   5040489.1952
114847  225.0000  60.0000    1000.0000   5106768.0383   1048709.0412   5040489.1952
115027  225.0000  60.0000    1000.0000   5106768.0383   1048709.0412   5040489.1952
115207  225.0000  60.0000    1000.0000   5106768.0383   1048709.0412   5040489.1952
115347  225.0000  60.0000    1000.0000   5106768.0383   1048709.0412   5040489.1952
115527  225.0000  60.0000    1000.0000   5106768.0383   1048709.0412   5040489.1952
115707  225.0000  60.0000    1000.0000   5106768.0383   1048709.0412   5040489.1952
115847  225.0000  60.0000    1000.0000   5106768.0383   1048709.0412   5040489.1952
120027  225.0000  60.0000    1000.0000   5106768.0383   1048709.0412   5040489.1952
120207  225.0000  60.0000    1000.0000   5106768.0383   1048709.0412   5040489.1952
120347  225.0000  60.0000    1000.0000   5106768.0383   1048709.0412   5040489.1952
120527  225.0000  60.0000    1000.0000   5106768.0383   1048709.0412   5040489.1952
120707  225.0000  60.0000    1000.0000   5106768.0383   1048709.0412   5040489.1952
120847  225.0000  60.0000    1000.0000   5106768.0383   1048709.0412   5040489.1952
121027  225.0000  60.0000    1000.0000   5106768.0383   1048709.0412   5040489.1952
121207  225.0000  60.0000    1000.0000   5106768.0383   1048709.0412   5040489.1952
121347  225.0000  60.0000    1000.0000   5106768.0383   1048709.0412   5040489.1952
121527  225.0000  60.0000    1000.0000   5106768.0383   1048709.0412   5040489.1952
121707  225.0000  60.0000    1000.0000   5106768.0383   1048709.0412   5040489.1952
121847  225.0000  60.0000    1000.0000   5106768.0383   1048709.0412   5040489.1952
122027  225.0000  60.0000    1000.0000   5106768.0383   1048709.0412   5040489.1952
122207  225.0000  60.0000    1000.0000   5106768.0383   1048709.0412   5040489.1952
122347  225.0000  60.0000    1000.0000   5106768.0383   1048709.0412   5040489.1952
122527  225.0000  60.0000    1000.0000   5106768.0383   1048709.0412   5040489.1952
122707  225.0000  60.0000    1000.0000   5106768.0383   1048709.0412   5040489.1952
122847  225.0000  60.0000    1000.0000   5106768.0383   1048709.0412   5040489.1952
123027  225.0000  60.0000    1000.0000   5106768.0383   1048709.0412   5040489.1952
123207  225.0000  60.0000    1000.0000   5106768.0383   1048709.0412   5040489.1952
123347  225.0000  60.0000    1000.0000   5106768.0383   1048709.0412   5040489.1952
123527  225.0000  60.0000    1000.0000   5106768.0383   1048709.0412   5040489.1952
123707  225.0000  60.0000    1000.0000   5106768.0383   1048709.0412   5040489.1952
123847  225.0000  60.0000    1000.0000   5106768.0383   1048709.0412   5040489.1952
124027  225.0000  60.0000    1000.0000   5106768.0383   1048709.0412   5040489.1952
124207  225.0000  60.0000    1000.0000   5106768.0383   1048709.0412   5040489.1952
124347  225.0000  60.0000    1000.0000   5106768.0383   1048709.0412   5040489.1952
124527  225.0000  60.0000    1000.0000   5106768.0383   1048709.0412   5040489.1952
124707  225.0000  60.0000    1000.0000   5106768.0383   1048709.0412   5040489.1952
124847  225.0000  60.0000    1000.0000   5106768.0383   1048709.0412   5040489.1952
125027  225.0000  60.0000    1000.0000   5106768.0383   1048709.0412   5040489.1952
125207  225.0000  60.0000    1000.0000   5106768.0383   1048709.0412   5040489.1952
125347  225.0000  60.0000    1000.0000   5106768.0383   1048709.0412   5040489.1952
125527  225.0000  60.0000    1000.0000   5106768.0383   1048709.0412   5040489.1952
125707  225.0000  60.0000    1000.0000   5106768.0383   1048709.0412   5040489.1952
125847  225.0000  60.0000    1000.0000   5106768.0383   1048709.0412   5040489.1952
130027  225.0000  60.0000    1000.0000   5106768.0383   1048709.0412   5040489.1952
130207  225.0000  60.0000    1000.0000   5106768.0383   1048709.0412   5040489.1952
130347  225.0000  60.0000    1000.0000   5106768.0383   1048709.0412   5040489.1952
130527  225.0000  60.0000    1000.0000   5106768.0383   1048709.0412   5040489.1952
130707  225.0000  60.0000    1000.0000   5106768.0383   1048709.0412   5040489.1952
130847  225.0000  60.0000    1000.0000   5106768.0383   1048709.0412   5040489.1952
131027  225.0000  60.0000    1000.0000   5106768.0383   1048709.0412   5040489.1952
