X4312708 R_PNT     RP_TEST 1808 0000000  225 60.0 2025 127 085341 300 100   0   0 1     -1
085341  225.0000  60.0000    1000.0000   3948167.8881   2071171.3070   4984908.0674
085841  225.0000  60.0000    1000.0000   3948167.8881   2071171.3070   4984908.0674
090341  225.0000  60.0000    1000.0000   3948167.8881   2071171.3070   4984908.0674
090841  225.0000  60.0000    1000.0000   3948167.8881   2071171.3070   4984908.0674
091341  225.0000  60.0000    1000.0000   3948167.8881   2071171.3070   4984908.0674
091841  225.0000  60.0000    1000.0000   3948167.8881   2071171.3070   4984908.0674
092341  225.0000  60.0000    1000.0000   3948167.8881   2071171.3070   4984908.0674
092841  225.0000  60.0000    1000.0000   3948167.8881   2071171.3070   4984908.0674
093341  225.0000  60.0000    1000.0000   3948167.8881   2071171.3070   4984908.0674
093841  225.0000  60.0000    1000.0000   3948167.8881   2071171.3070   4984908.0674
094341  225.0000  60.0000    1000.0000   3948167.8881   2071171.3070   4984908.0674
094841  225.0000  60.0000    1000.0000   3948167.8881   2071171.3070   4984908.0674
095341  225.0000  60.0000    1000.0000   3948167.8881   2071171.3070   4984908.0674
095841  225.0000  60.0000    1000.0000   3948167.8881   2071171.3070   4984908.0674
100341  225.0000  60.0000    1000.0000   3948167.8881   2071171.3070   4984908.0674
100841  225.0000  60.0000    1000.0000   3948167.8881   2071171.3070   4984908.0674
101341  225.0000  60.0000    1000.0000   3948167.8881   2071171.3070   4984908.0674
101841  225.0000  60.0000    1000.0000   3948167.8881   2071171.3070   4984908.0674
102341  225.0000  60.0000    1000.0000   3948167.8881   2071171.3070   4984908.0674
102841  225.0000  60.0000    1000.0000   3948167.8881   2071171.3070   4984908.0674
103341  225.0000  60.0000    1000.0000   3948167.8881   2071171.3070   4984908.0674
103841  225.0000  60.0000    1000.0000   3948167.8881   2071171.3070   4984908.0674
104341  225.0000  60.0000    1000.0000   3948167.8881   2071171.3070   4984908.0674
104841  225.0000  60.0000    1000.0000   3948167.8881   2071171.3070   4984908.0674
105341  225.0000  60.0000    1000.0000   3948167.8881   2071171.3070   4984908.0674
105841  225.0000  60.0000    1000.0000   3948167.8881   2071171.3070   4984908.0674
110341  225.0000  60.0000    1000.0000   3948167.8881   2071171.3070   4984908.0674
110841  225.0000  60.0000    1000.0000   3948167.8881   2071171.3070   4984908.0674
111341  225.0000  60.0000    1000.0000   3948167.8881   2071171.3070   4984908.0674
111841  225.0000  60.0000    1000.0000   3948167.8881   2071171.3070   4984908.0674
112341  225.0000  60.0000    1000.0000   3948167.8881   2071171.3070   4984908.0674
112841  225.0000  60.0000    1000.0000   3948167.8881   2071171.3070   4984908.0674
113341  225.0000  60.0000    1000.0000   3948167.8881   2071171.3070   4984908.0674
113841  225.0000  60.0000    1000.0000   3948167.8881   2071171.3070   4984908.0674
114341  225.0000  60.0000    1000.0000   3948167.8881   2071171.3070   4984908.0674
114841  225.0000  60.0000    1000.0000   3948167.8881   2071171.3070   4984908.0674
115341  225.0000  60.0000    1000.0000   3948167.8881   2071171.3070   4984908.0674
115841  225.0000  60.0000    1000.0000   3948167.8881   2071171.3070   4984908.0674
120341  225.0000  60.0000    1000.0000   3948167.8881   2071171.3070   4984908.0674
120841  225.0000  60.0000    1000.0000   3948167.8881   2071171.3070   4984908.0674
121341  225.0000  60.0000    1000.0000   3948167.8881   2071171.3070   4984908.0674
121841  225.0000  60.0000    1000.0000   3948167.8881   2071171.3070   4984908.0674
122341  225.0000  60.0000    1000.0000   3948167.8881   2071171.3070   4984908.0674
122841  225.0000  60.0000    1000.0000   3948167.8881   2071171.3070   4984908.0674
123341  225.0000  60.0000    1000.0000   3948167.8881   2071171.3070   4984908.0674
123841  225.0000  60.0000    1000.0000   3948167.8881   2071171.3070   4984908.0674
124341  225.0000  60.0000    1000.0000   3948167.8881   2071171.3070   4984908.0674
124841  225.0000  60.0000    1000.0000   3948167.8881   2071171.3070   4984908.0674
125341  225.0000  60.0000    1000.0000   3948167.8881   2071171.3070   4984908.0674
125841  225.0000  60.0000    1000.0000   3948167.8881   2071171.3070   4984908.0674
130341  225.0000  60.0000    1000.0000   3948167.8881   2071171.3070   4984908.0674
130841  225.0000  60.0000    1000.0000   3948167.8881   2071171.3070   4984908.0674
131341  225.0000  60.0000    1000.0000   3948167.8881   2071171.3070   4984908.0674
131841  225.0000  60.0000    1000.0000   3948167.8881   2071171.3070   4984908.0674
132341  225.0000  60.0000    1000.0000   3948167.8881   2071171.3070   4984908.0674
132841  225.0000  60.0000    1000.0000   3948167.8881   2071171.3070   4984908.0674
133341  225.0000  60.0000    1000.0000   3948167.8881   2071171.3070   4984908.0674
133841  225.0000  60.0000    1000.0000   3948167.8881   2071171.3070   4984908.0674
134341  225.0000  60.0000    1000.0000   3948167.8881   2071171.3070   4984908.0674
134841  225.0000  60.0000    1000.0000   3948167.8881   2071171.3070   4984908.0674
135341  225.0000  60.0000    1000.0000   3948167.8881   2071171.3070   4984908.0674
135841  225.0000  60.0000    1000.0000   3948167.8881   2071171.3070   4984908.0674
140341  225.0000  60.0000    1000.0000   3948167.8881   2071171.3070   4984908.0674
140841  225.0000  60.0000    1000.0000   3948167.8881   2071171.3070   4984908.0674
141341  225.0000  60.0000    1000.0000   3948167.8881   2071171.3070   4984908.0674
141841  225.0000  60.0000    1000.0000   3948167.8881   2071171.3070   4984908.0674
142341  225.0000  60.0000    1000.0000   3948167.8881   2071171.3070   4984908.0674
142841  225.0000  60.0000    1000.0000   3948167.8881   2071171.3070   4984908.0674
143341  225.0000  60.0000    1000.0000   3948167.8881   2071171.3070   4984908.0674
143841  225.0000  60.0000    1000.0000   3948167.8881   2071171.3070   4984908.0674
144341  225.0000  60.0000    1000.0000   3948167.8881   2071171.3070   4984908.0674
144841  225.0000  60.0000    1000.0000   3948167.8881   2071171.3070   4984908.0674
145341  225.0000  60.0000    1000.0000   3948167.8881   2071171.3070   4984908.0674
145841  225.0000  60.0000    1000.0000   3948167.8881   2071171.3070   4984908.0674
150341  225.0000  60.0000    1000.0000   3948167.8881   2071171.3070   4984908.0674
150841  225.0000  60.0000    1000.0000   3948167.8881   2071171.3070   4984908.0674
151341  225.0000  60.0000    1000.0000   3948167.8881   2071171.3070   4984908.0674
151841  225.0000  60.0000    1000.0000   3948167.8881   2071171.3070   4984908.0674
152341  225.0000  60.0000    1000.0000   3948167.8881   2071171.3070   4984908.0674
152841  225.0000  60.0000    1000.0000   3948167.8881   2071171.3070   4984908.0674
153341  225.0000  60.0000    1000.0000   3948167.8881   2071171.3070   4984908.0674
153841  225.0000  60.0000    1000.0000   3948167.8881   2071171.3070   4984908.0674
154341  225.0000  60.0000    1000.0000   3948167.8881   2071171.3070   4984908.0674
154841  225.0000  60.0000    1000.0000   3948167.8881   2071171.3070   4984908.0674
155341  225.0000  60.0000    1000.0000   3948167.8881   2071171.3070   4984908.0674
155841  225.0000  60.0000    1000.0000   3948167.8881   2071171.3070   4984908.0674
160341  225.0000  60.0000    1000.0000   3948167.8881   2071171.3070   4984908.0674
160841  225.0000  60.0000    1000.0000   3948167.8881   2071171.3070   4984908.0674
161341  225.0000  60.0000    1000.0000   3948167.8881   2071171.3070   4984908.0674
161841  225.0000  60.0000    1000.0000   3948167.8881   2071171.3070   4984908.0674
162341  225.0000  60.0000    1000.0000   3948167.8881   2071171.3070   4984908.0674
162841  225.0000  60.0000    1000.0000   3948167.8881   2071171.3070   4984908.0674
163341  225.0000  60.0000    1000.0000   3948167.8881   2071171.3070   4984908.0674
163841  225.0000  60.0000    1000.0000   3948167.8881   2071171.3070   4984908.0674
164341  225.0000  60.0000    1000.0000   3948167.8881   2071171.3070   4984908.0674
164841  225.0000  60.0000    1000.0000   3948167.8881   2071171.3070   4984908.0674
165341  225.0000  60.0000    1000.0000   3948167.8881   2071171.3070   4984908.0674
165841  225.0000  60.0000    1000.0000   3948167.8881   2071171.3070   4984908.0674
170341  225.0000  60.0000    1000.0000   3948167.8881   2071171.3070   4984908.0674
170841  225.0000  60.0000    1000.0000   3948167.8881   2071171.3070   4984908.0674
