X4312711 R_PNT     RP_TEST 1808 0000000  225 60.0 2025 127 115550 300 100   0   0 1     -1
115550  225.0000  60.0000    1000.0000   5106768.0383   1048709.0412   5040489.1952
120050  225.0000  60.0000    1000.0000   5106768.0383   1048709.0412   5040489.1952
120550  225.0000  60.0000    1000.0000   5106768.0383   1048709.0412   5040489.1952
121050  225.0000  60.0000    1000.0000   5106768.0383   1048709.0412   5040489.1952
121550  225.0000  60.0000    1000.0000   5106768.0383   1048709.0412   5040489.1952
122050  225.0000  60.0000    1000.0000   5106768.0383   1048709.0412   5040489.1952
122550  225.0000  60.0000    1000.0000   5106768.0383   1048709.0412   5040489.1952
123050  225.0000  60.0000    1000.0000   5106768.0383   1048709.0412   5040489.1952
123550  225.0000  60.0000    1000.0000   5106768.0383   1048709.0412   5040489.1952
124050  225.0000  60.0000    1000.0000   5106768.0383   1048709.0412   5040489.1952
124550  225.0000  60.0000    1000.0000   5106768.0383   1048709.0412   5040489.1952
125050  225.0000  60.0000    1000.0000   5106768.0383   1048709.0412   5040489.1952
125550  225.0000  60.0000    1000.0000   5106768.0383   1048709.0412   5040489.1952
130050  225.0000  60.0000    1000.0000   5106768.0383   1048709.0412   5040489.1952
130550  225.0000  60.0000    1000.0000   5106768.0383   1048709.0412   5040489.1952
131050  225.0000  60.0000    1000.0000   5106768.0383   1048709.0412   5040489.1952
131550  225.0000  60.0000    1000.0000   5106768.0383   1048709.0412   5040489.1952
132050  225.0000  60.0000    1000.0000   5106768.0383   1048709.0412   5040489.1952
132550  225.0000  60.0000    1000.0000   5106768.0383   1048709.0412   5040489.1952
133050  225.0000  60.0000    1000.0000   5106768.0383   1048709.0412   5040489.1952
133550  225.0000  60.0000    1000.0000   5106768.0383   1048709.0412   5040489.1952
134050  225.0000  60.0000    1000.0000   5106768.0383   1048709.0412   5040489.1952
134550  225.0000  60.0000    1000.0000   5106768.0383   1048709.0412   5040489.1952
135050  225.0000  60.0000    1000.0000   5106768.0383   1048709.0412   5040489.1952
135550  225.0000  60.0000    1000.0000   5106768.0383   1048709.0412   5040489.1952
140050  225.0000  60.0000    1000.0000   5106768.0383   1048709.0412   5040489.1952
140550  225.0000  60.0000    1000.0000   5106768.0383   1048709.0412   5040489.1952
141050  225.0000  60.0000    1000.0000   5106768.0383   1048709.0412   5040489.1952
141550  225.0000  60.0000    1000.0000   5106768.0383   1048709.0412   5040489.1952
142050  225.0000  60.0000    1000.0000   5106768.0383   1048709.0412   5040489.1952
142550  225.0000  60.0000    1000.0000   5106768.0383   1048709.0412   5040489.1952
143050  225.0000  60.0000    1000.0000   5106768.0383   1048709.0412   5040489.1952
143550  225.0000  60.0000    1000.0000   5106768.0383   1048709.0412   5040489.1952
144050  225.0000  60.0000    1000.0000   5106768.0383   1048709.0412   5040489.1952
144550  225.0000  60.0000    1000.0000   5106768.0383   1048709.0412   5040489.1952
145050  225.0000  60.0000    1000.0000   5106768.0383   1048709.0412   5040489.1952
145550  225.0000  60.0000    1000.0000   5106768.0383   1048709.0412   5040489.1952
150050  225.0000  60.0000    1000.0000   5106768.0383   1048709.0412   5040489.1952
150550  225.0000  60.0000    1000.0000   5106768.0383   1048709.0412   5040489.1952
151050  225.0000  60.0000    1000.0000   5106768.0383   1048709.0412   5040489.1952
151550  225.0000  60.0000    1000.0000   5106768.0383   1048709.0412   5040489.1952
152050  225.0000  60.0000    1000.0000   5106768.0383   1048709.0412   5040489.1952
152550  225.0000  60.0000    1000.0000   5106768.0383   1048709.0412   5040489.1952
153050  225.0000  60.0000    1000.0000   5106768.0383   1048709.0412   5040489.1952
153550  225.0000  60.0000    1000.0000   5106768.0383   1048709.0412   5040489.1952
154050  225.0000  60.0000    1000.0000   5106768.0383   1048709.0412   5040489.1952
154550  225.0000  60.0000    1000.0000   5106768.0383   1048709.0412   5040489.1952
155050  225.0000  60.0000    1000.0000   5106768.0383   1048709.0412   5040489.1952
155550  225.0000  60.0000    1000.0000   5106768.0383   1048709.0412   5040489.1952
160050  225.0000  60.0000    1000.0000   5106768.0383   1048709.0412   5040489.1952
160550  225.0000  60.0000    1000.0000   5106768.0383   1048709.0412   5040489.1952
161050  225.0000  60.0000    1000.0000   5106768.0383   1048709.0412   5040489.1952
161550  225.0000  60.0000    1000.0000   5106768.0383   1048709.0412   5040489.1952
162050  225.0000  60.0000    1000.0000   5106768.0383   1048709.0412   5040489.1952
162550  225.0000  60.0000    1000.0000   5106768.0383   1048709.0412   5040489.1952
163050  225.0000  60.0000    1000.0000   5106768.0383   1048709.0412   5040489.1952
163550  225.0000  60.0000    1000.0000   5106768.0383   1048709.0412   5040489.1952
164050  225.0000  60.0000    1000.0000   5106768.0383   1048709.0412   5040489.1952
164550  225.0000  60.0000    1000.0000   5106768.0383   1048709.0412   5040489.1952
165050  225.0000  60.0000    1000.0000   5106768.0383   1048709.0412   5040489.1952
165550  225.0000  60.0000    1000.0000   5106768.0383   1048709.0412   5040489.1952
170050  225.0000  60.0000    1000.0000   5106768.0383   1048709.0412   5040489.1952
170550  225.0000  60.0000    1000.0000   5106768.0383   1048709.0412   5040489.1952
171050  225.0000  60.0000    1000.0000   5106768.0383   1048709.0412   5040489.1952
171550  225.0000  60.0000    1000.0000   5106768.0383   1048709.0412   5040489.1952
172050  225.0000  60.0000    1000.0000   5106768.0383   1048709.0412   5040489.1952
172550  225.0000  60.0000    1000.0000   5106768.0383   1048709.0412   5040489.1952
173050  225.0000  60.0000    1000.0000   5106768.0383   1048709.0412   5040489.1952
173550  225.0000  60.0000    1000.0000   5106768.0383   1048709.0412   5040489.1952
174050  225.0000  60.0000    1000.0000   5106768.0383   1048709.0412   5040489.1952
174550  225.0000  60.0000    1000.0000   5106768.0383   1048709.0412   5040489.1952
175050  225.0000  60.0000    1000.0000   5106768.0383   1048709.0412   5040489.1952
175550  225.0000  60.0000    1000.0000   5106768.0383   1048709.0412   5040489.1952
180050  225.0000  60.0000    1000.0000   5106768.0383   1048709.0412   5040489.1952
180550  225.0000  60.0000    1000.0000   5106768.0383   1048709.0412   5040489.1952
181050  225.0000  60.0000    1000.0000   5106768.0383   1048709.0412   5040489.1952
181550  225.0000  60.0000    1000.0000   5106768.0383   1048709.0412   5040489.1952
182050  225.0000  60.0000    1000.0000   5106768.0383   1048709.0412   5040489.1952
182550  225.0000  60.0000    1000.0000   5106768.0383   1048709.0412   5040489.1952
183050  225.0000  60.0000    1000.0000   5106768.0383   1048709.0412   5040489.1952
183550  225.0000  60.0000    1000.0000   5106768.0383   1048709.0412   5040489.1952
184050  225.0000  60.0000    1000.0000   5106768.0383   1048709.0412   5040489.1952
184550  225.0000  60.0000    1000.0000   5106768.0383   1048709.0412   5040489.1952
185050  225.0000  60.0000    1000.0000   5106768.0383   1048709.0412   5040489.1952
185550  225.0000  60.0000    1000.0000   5106768.0383   1048709.0412   5040489.1952
190050  225.0000  60.0000    1000.0000   5106768.0383   1048709.0412   5040489.1952
190550  225.0000  60.0000    1000.0000   5106768.0383   1048709.0412   5040489.1952
191050  225.0000  60.0000    1000.0000   5106768.0383   1048709.0412   5040489.1952
191550  225.0000  60.0000    1000.0000   5106768.0383   1048709.0412   5040489.1952
192050  225.0000  60.0000    1000.0000   5106768.0383   1048709.0412   5040489.1952
192550  225.0000  60.0000    1000.0000   5106768.0383   1048709.0412   5040489.1952
193050  225.0000  60.0000    1000.0000   5106768.0383   1048709.0412   5040489.1952
193550  225.0000  60.0000    1000.0000   5106768.0383   1048709.0412   5040489.1952
194050  225.0000  60.0000    1000.0000   5106768.0383   1048709.0412   5040489.1952
194550  225.0000  60.0000    1000.0000   5106768.0383   1048709.0412   5040489.1952
195050  225.0000  60.0000    1000.0000   5106768.0383   1048709.0412   5040489.1952
195550  225.0000  60.0000    1000.0000   5106768.0383   1048709.0412   5040489.1952
200050  225.0000  60.0000    1000.0000   5106768.0383   1048709.0412   5040489.1952
200550  225.0000  60.0000    1000.0000   5106768.0383   1048709.0412   5040489.1952
201050  225.0000  60.0000    1000.0000   5106768.0383   1048709.0412   5040489.1952
