X4412711 R_PNT     RP_TEST 1808 0000000  225 75.0 2025 127 115550 300 100   0   0 1     -1
115550  225.0000  75.0000    1000.0000   5006461.4374   1197875.7240   5229793.8014
120050  225.0000  75.0000    1000.0000   5006461.4374   1197875.7240   5229793.8014
120550  225.0000  75.0000    1000.0000   5006461.4374   1197875.7240   5229793.8014
121050  225.0000  75.0000    1000.0000   5006461.4374   1197875.7240   5229793.8014
121550  225.0000  75.0000    1000.0000   5006461.4374   1197875.7240   5229793.8014
122050  225.0000  75.0000    1000.0000   5006461.4374   1197875.7240   5229793.8014
122550  225.0000  75.0000    1000.0000   5006461.4374   1197875.7240   5229793.8014
123050  225.0000  75.0000    1000.0000   5006461.4374   1197875.7240   5229793.8014
123550  225.0000  75.0000    1000.0000   5006461.4374   1197875.7240   5229793.8014
124050  225.0000  75.0000    1000.0000   5006461.4374   1197875.7240   5229793.8014
124550  225.0000  75.0000    1000.0000   5006461.4374   1197875.7240   5229793.8014
125050  225.0000  75.0000    1000.0000   5006461.4374   1197875.7240   5229793.8014
125550  225.0000  75.0000    1000.0000   5006461.4374   1197875.7240   5229793.8014
130050  225.0000  75.0000    1000.0000   5006461.4374   1197875.7240   5229793.8014
130550  225.0000  75.0000    1000.0000   5006461.4374   1197875.7240   5229793.8014
131050  225.0000  75.0000    1000.0000   5006461.4374   1197875.7240   5229793.8014
131550  225.0000  75.0000    1000.0000   5006461.4374   1197875.7240   5229793.8014
132050  225.0000  75.0000    1000.0000   5006461.4374   1197875.7240   5229793.8014
132550  225.0000  75.0000    1000.0000   5006461.4374   1197875.7240   5229793.8014
133050  225.0000  75.0000    1000.0000   5006461.4374   1197875.7240   5229793.8014
133550  225.0000  75.0000    1000.0000   5006461.4374   1197875.7240   5229793.8014
134050  225.0000  75.0000    1000.0000   5006461.4374   1197875.7240   5229793.8014
134550  225.0000  75.0000    1000.0000   5006461.4374   1197875.7240   5229793.8014
135050  225.0000  75.0000    1000.0000   5006461.4374   1197875.7240   5229793.8014
135550  225.0000  75.0000    1000.0000   5006461.4374   1197875.7240   5229793.8014
140050  225.0000  75.0000    1000.0000   5006461.4374   1197875.7240   5229793.8014
140550  225.0000  75.0000    1000.0000   5006461.4374   1197875.7240   5229793.8014
141050  225.0000  75.0000    1000.0000   5006461.4374   1197875.7240   5229793.8014
141550  225.0000  75.0000    1000.0000   5006461.4374   1197875.7240   5229793.8014
142050  225.0000  75.0000    1000.0000   5006461.4374   1197875.7240   5229793.8014
142550  225.0000  75.0000    1000.0000   5006461.4374   1197875.7240   5229793.8014
143050  225.0000  75.0000    1000.0000   5006461.4374   1197875.7240   5229793.8014
143550  225.0000  75.0000    1000.0000   5006461.4374   1197875.7240   5229793.8014
144050  225.0000  75.0000    1000.0000   5006461.4374   1197875.7240   5229793.8014
144550  225.0000  75.0000    1000.0000   5006461.4374   1197875.7240   5229793.8014
145050  225.0000  75.0000    1000.0000   5006461.4374   1197875.7240   5229793.8014
145550  225.0000  75.0000    1000.0000   5006461.4374   1197875.7240   5229793.8014
150050  225.0000  75.0000    1000.0000   5006461.4374   1197875.7240   5229793.8014
150550  225.0000  75.0000    1000.0000   5006461.4374   1197875.7240   5229793.8014
151050  225.0000  75.0000    1000.0000   5006461.4374   1197875.7240   5229793.8014
151550  225.0000  75.0000    1000.0000   5006461.4374   1197875.7240   5229793.8014
152050  225.0000  75.0000    1000.0000   5006461.4374   1197875.7240   5229793.8014
152550  225.0000  75.0000    1000.0000   5006461.4374   1197875.7240   5229793.8014
153050  225.0000  75.0000    1000.0000   5006461.4374   1197875.7240   5229793.8014
153550  225.0000  75.0000    1000.0000   5006461.4374   1197875.7240   5229793.8014
154050  225.0000  75.0000    1000.0000   5006461.4374   1197875.7240   5229793.8014
154550  225.0000  75.0000    1000.0000   5006461.4374   1197875.7240   5229793.8014
155050  225.0000  75.0000    1000.0000   5006461.4374   1197875.7240   5229793.8014
155550  225.0000  75.0000    1000.0000   5006461.4374   1197875.7240   5229793.8014
160050  225.0000  75.0000    1000.0000   5006461.4374   1197875.7240   5229793.8014
160550  225.0000  75.0000    1000.0000   5006461.4374   1197875.7240   5229793.8014
161050  225.0000  75.0000    1000.0000   5006461.4374   1197875.7240   5229793.8014
161550  225.0000  75.0000    1000.0000   5006461.4374   1197875.7240   5229793.8014
162050  225.0000  75.0000    1000.0000   5006461.4374   1197875.7240   5229793.8014
162550  225.0000  75.0000    1000.0000   5006461.4374   1197875.7240   5229793.8014
163050  225.0000  75.0000    1000.0000   5006461.4374   1197875.7240   5229793.8014
163550  225.0000  75.0000    1000.0000   5006461.4374   1197875.7240   5229793.8014
164050  225.0000  75.0000    1000.0000   5006461.4374   1197875.7240   5229793.8014
164550  225.0000  75.0000    1000.0000   5006461.4374   1197875.7240   5229793.8014
165050  225.0000  75.0000    1000.0000   5006461.4374   1197875.7240   5229793.8014
165550  225.0000  75.0000    1000.0000   5006461.4374   1197875.7240   5229793.8014
170050  225.0000  75.0000    1000.0000   5006461.4374   1197875.7240   5229793.8014
170550  225.0000  75.0000    1000.0000   5006461.4374   1197875.7240   5229793.8014
171050  225.0000  75.0000    1000.0000   5006461.4374   1197875.7240   5229793.8014
171550  225.0000  75.0000    1000.0000   5006461.4374   1197875.7240   5229793.8014
172050  225.0000  75.0000    1000.0000   5006461.4374   1197875.7240   5229793.8014
172550  225.0000  75.0000    1000.0000   5006461.4374   1197875.7240   5229793.8014
173050  225.0000  75.0000    1000.0000   5006461.4374   1197875.7240   5229793.8014
173550  225.0000  75.0000    1000.0000   5006461.4374   1197875.7240   5229793.8014
174050  225.0000  75.0000    1000.0000   5006461.4374   1197875.7240   5229793.8014
174550  225.0000  75.0000    1000.0000   5006461.4374   1197875.7240   5229793.8014
175050  225.0000  75.0000    1000.0000   5006461.4374   1197875.7240   5229793.8014
175550  225.0000  75.0000    1000.0000   5006461.4374   1197875.7240   5229793.8014
180050  225.0000  75.0000    1000.0000   5006461.4374   1197875.7240   5229793.8014
180550  225.0000  75.0000    1000.0000   5006461.4374   1197875.7240   5229793.8014
181050  225.0000  75.0000    1000.0000   5006461.4374   1197875.7240   5229793.8014
181550  225.0000  75.0000    1000.0000   5006461.4374   1197875.7240   5229793.8014
182050  225.0000  75.0000    1000.0000   5006461.4374   1197875.7240   5229793.8014
182550  225.0000  75.0000    1000.0000   5006461.4374   1197875.7240   5229793.8014
183050  225.0000  75.0000    1000.0000   5006461.4374   1197875.7240   5229793.8014
183550  225.0000  75.0000    1000.0000   5006461.4374   1197875.7240   5229793.8014
184050  225.0000  75.0000    1000.0000   5006461.4374   1197875.7240   5229793.8014
184550  225.0000  75.0000    1000.0000   5006461.4374   1197875.7240   5229793.8014
185050  225.0000  75.0000    1000.0000   5006461.4374   1197875.7240   5229793.8014
185550  225.0000  75.0000    1000.0000   5006461.4374   1197875.7240   5229793.8014
190050  225.0000  75.0000    1000.0000   5006461.4374   1197875.7240   5229793.8014
190550  225.0000  75.0000    1000.0000   5006461.4374   1197875.7240   5229793.8014
191050  225.0000  75.0000    1000.0000   5006461.4374   1197875.7240   5229793.8014
191550  225.0000  75.0000    1000.0000   5006461.4374   1197875.7240   5229793.8014
192050  225.0000  75.0000    1000.0000   5006461.4374   1197875.7240   5229793.8014
192550  225.0000  75.0000    1000.0000   5006461.4374   1197875.7240   5229793.8014
193050  225.0000  75.0000    1000.0000   5006461.4374   1197875.7240   5229793.8014
193550  225.0000  75.0000    1000.0000   5006461.4374   1197875.7240   5229793.8014
194050  225.0000  75.0000    1000.0000   5006461.4374   1197875.7240   5229793.8014
194550  225.0000  75.0000    1000.0000   5006461.4374   1197875.7240   5229793.8014
195050  225.0000  75.0000    1000.0000   5006461.4374   1197875.7240   5229793.8014
195550  225.0000  75.0000    1000.0000   5006461.4374   1197875.7240   5229793.8014
200050  225.0000  75.0000    1000.0000   5006461.4374   1197875.7240   5229793.8014
200550  225.0000  75.0000    1000.0000   5006461.4374   1197875.7240   5229793.8014
201050  225.0000  75.0000    1000.0000   5006461.4374   1197875.7240   5229793.8014
