X4412708 R_PNT     RP_TEST 1808 0000000  225 75.0 2025 127 085341 300 100   0   0 1     -1
085341  225.0000  75.0000    1000.0000   4066955.6184   1985539.4278   5201021.4724
085841  225.0000  75.0000    1000.0000   4066955.6184   1985539.4278   5201021.4724
090341  225.0000  75.0000    1000.0000   4066955.6184   1985539.4278   5201021.4724
090841  225.0000  75.0000    1000.0000   4066955.6184   1985539.4278   5201021.4724
091341  225.0000  75.0000    1000.0000   4066955.6184   1985539.4278   5201021.4724
091841  225.0000  75.0000    1000.0000   4066955.6184   1985539.4278   5201021.4724
092341  225.0000  75.0000    1000.0000   4066955.6184   1985539.4278   5201021.4724
092841  225.0000  75.0000    1000.0000   4066955.6184   1985539.4278   5201021.4724
093341  225.0000  75.0000    1000.0000   4066955.6184   1985539.4278   5201021.4724
093841  225.0000  75.0000    1000.0000   4066955.6184   1985539.4278   5201021.4724
094341  225.0000  75.0000    1000.0000   4066955.6184   1985539.4278   5201021.4724
094841  225.0000  75.0000    1000.0000   4066955.6184   1985539.4278   5201021.4724
095341  225.0000  75.0000    1000.0000   4066955.6184   1985539.4278   5201021.4724
095841  225.0000  75.0000    1000.0000   4066955.6184   1985539.4278   5201021.4724
100341  225.0000  75.0000    1000.0000   4066955.6184   1985539.4278   5201021.4724
100841  225.0000  75.0000    1000.0000   4066955.6184   1985539.4278   5201021.4724
101341  225.0000  75.0000    1000.0000   4066955.6184   1985539.4278   5201021.4724
101841  225.0000  75.0000    1000.0000   4066955.6184   1985539.4278   5201021.4724
102341  225.0000  75.0000    1000.0000   4066955.6184   1985539.4278   5201021.4724
102841  225.0000  75.0000    1000.0000   4066955.6184   1985539.4278   5201021.4724
103341  225.0000  75.0000    1000.0000   4066955.6184   1985539.4278   5201021.4724
103841  225.0000  75.0000    1000.0000   4066955.6184   1985539.4278   5201021.4724
104341  225.0000  75.0000    1000.0000   4066955.6184   1985539.4278   5201021.4724
104841  225.0000  75.0000    1000.0000   4066955.6184   1985539.4278   5201021.4724
105341  225.0000  75.0000    1000.0000   4066955.6184   1985539.4278   5201021.4724
105841  225.0000  75.0000    1000.0000   4066955.6184   1985539.4278   5201021.4724
110341  225.0000  75.0000    1000.0000   4066955.6184   1985539.4278   5201021.4724
110841  225.0000  75.0000    1000.0000   4066955.6184   1985539.4278   5201021.4724
111341  225.0000  75.0000    1000.0000   4066955.6184   1985539.4278   5201021.4724
111841  225.0000  75.0000    1000.0000   4066955.6184   1985539.4278   5201021.4724
112341  225.0000  75.0000    1000.0000   4066955.6184   1985539.4278   5201021.4724
112841  225.0000  75.0000    1000.0000   4066955.6184   1985539.4278   5201021.4724
113341  225.0000  75.0000    1000.0000   4066955.6184   1985539.4278   5201021.4724
113841  225.0000  75.0000    1000.0000   4066955.6184   1985539.4278   5201021.4724
114341  225.0000  75.0000    1000.0000   4066955.6184   1985539.4278   5201021.4724
114841  225.0000  75.0000    1000.0000   4066955.6184   1985539.4278   5201021.4724
115341  225.0000  75.0000    1000.0000   4066955.6184   1985539.4278   5201021.4724
115841  225.0000  75.0000    1000.0000   4066955.6184   1985539.4278   5201021.4724
120341  225.0000  75.0000    1000.0000   4066955.6184   1985539.4278   5201021.4724
120841  225.0000  75.0000    1000.0000   4066955.6184   1985539.4278   5201021.4724
121341  225.0000  75.0000    1000.0000   4066955.6184   1985539.4278   5201021.4724
121841  225.0000  75.0000    1000.0000   4066955.6184   1985539.4278   5201021.4724
122341  225.0000  75.0000    1000.0000   4066955.6184   1985539.4278   5201021.4724
122841  225.0000  75.0000    1000.0000   4066955.6184   1985539.4278   5201021.4724
123341  225.0000  75.0000    1000.0000   4066955.6184   1985539.4278   5201021.4724
123841  225.0000  75.0000    1000.0000   4066955.6184   1985539.4278   5201021.4724
124341  225.0000  75.0000    1000.0000   4066955.6184   1985539.4278   5201021.4724
124841  225.0000  75.0000    1000.0000   4066955.6184   1985539.4278   5201021.4724
125341  225.0000  75.0000    1000.0000   4066955.6184   1985539.4278   5201021.4724
125841  225.0000  75.0000    1000.0000   4066955.6184   1985539.4278   5201021.4724
130341  225.0000  75.0000    1000.0000   4066955.6184   1985539.4278   5201021.4724
130841  225.0000  75.0000    1000.0000   4066955.6184   1985539.4278   5201021.4724
131341  225.0000  75.0000    1000.0000   4066955.6184   1985539.4278   5201021.4724
131841  225.0000  75.0000    1000.0000   4066955.6184   1985539.4278   5201021.4724
132341  225.0000  75.0000    1000.0000   4066955.6184   1985539.4278   5201021.4724
132841  225.0000  75.0000    1000.0000   4066955.6184   1985539.4278   5201021.4724
133341  225.0000  75.0000    1000.0000   4066955.6184   1985539.4278   5201021.4724
133841  225.0000  75.0000    1000.0000   4066955.6184   1985539.4278   5201021.4724
134341  225.0000  75.0000    1000.0000   4066955.6184   1985539.4278   5201021.4724
134841  225.0000  75.0000    1000.0000   4066955.6184   1985539.4278   5201021.4724
135341  225.0000  75.0000    1000.0000   4066955.6184   1985539.4278   5201021.4724
135841  225.0000  75.0000    1000.0000   4066955.6184   1985539.4278   5201021.4724
140341  225.0000  75.0000    1000.0000   4066955.6184   1985539.4278   5201021.4724
140841  225.0000  75.0000    1000.0000   4066955.6184   1985539.4278   5201021.4724
141341  225.0000  75.0000    1000.0000   4066955.6184   1985539.4278   5201021.4724
141841  225.0000  75.0000    1000.0000   4066955.6184   1985539.4278   5201021.4724
142341  225.0000  75.0000    1000.0000   4066955.6184   1985539.4278   5201021.4724
142841  225.0000  75.0000    1000.0000   4066955.6184   1985539.4278   5201021.4724
143341  225.0000  75.0000    1000.0000   4066955.6184   1985539.4278   5201021.4724
143841  225.0000  75.0000    1000.0000   4066955.6184   1985539.4278   5201021.4724
144341  225.0000  75.0000    1000.0000   4066955.6184   1985539.4278   5201021.4724
144841  225.0000  75.0000    1000.0000   4066955.6184   1985539.4278   5201021.4724
145341  225.0000  75.0000    1000.0000   4066955.6184   1985539.4278   5201021.4724
145841  225.0000  75.0000    1000.0000   4066955.6184   1985539.4278   5201021.4724
150341  225.0000  75.0000    1000.0000   4066955.6184   1985539.4278   5201021.4724
150841  225.0000  75.0000    1000.0000   4066955.6184   1985539.4278   5201021.4724
151341  225.0000  75.0000    1000.0000   4066955.6184   1985539.4278   5201021.4724
151841  225.0000  75.0000    1000.0000   4066955.6184   1985539.4278   5201021.4724
152341  225.0000  75.0000    1000.0000   4066955.6184   1985539.4278   5201021.4724
152841  225.0000  75.0000    1000.0000   4066955.6184   1985539.4278   5201021.4724
153341  225.0000  75.0000    1000.0000   4066955.6184   1985539.4278   5201021.4724
153841  225.0000  75.0000    1000.0000   4066955.6184   1985539.4278   5201021.4724
154341  225.0000  75.0000    1000.0000   4066955.6184   1985539.4278   5201021.4724
154841  225.0000  75.0000    1000.0000   4066955.6184   1985539.4278   5201021.4724
155341  225.0000  75.0000    1000.0000   4066955.6184   1985539.4278   5201021.4724
155841  225.0000  75.0000    1000.0000   4066955.6184   1985539.4278   5201021.4724
160341  225.0000  75.0000    1000.0000   4066955.6184   1985539.4278   5201021.4724
160841  225.0000  75.0000    1000.0000   4066955.6184   1985539.4278   5201021.4724
161341  225.0000  75.0000    1000.0000   4066955.6184   1985539.4278   5201021.4724
161841  225.0000  75.0000    1000.0000   4066955.6184   1985539.4278   5201021.4724
162341  225.0000  75.0000    1000.0000   4066955.6184   1985539.4278   5201021.4724
162841  225.0000  75.0000    1000.0000   4066955.6184   1985539.4278   5201021.4724
163341  225.0000  75.0000    1000.0000   4066955.6184   1985539.4278   5201021.4724
163841  225.0000  75.0000    1000.0000   4066955.6184   1985539.4278   5201021.4724
164341  225.0000  75.0000    1000.0000   4066955.6184   1985539.4278   5201021.4724
164841  225.0000  75.0000    1000.0000   4066955.6184   1985539.4278   5201021.4724
165341  225.0000  75.0000    1000.0000   4066955.6184   1985539.4278   5201021.4724
165841  225.0000  75.0000    1000.0000   4066955.6184   1985539.4278   5201021.4724
170341  225.0000  75.0000    1000.0000   4066955.6184   1985539.4278   5201021.4724
170841  225.0000  75.0000    1000.0000   4066955.6184   1985539.4278   5201021.4724
