X4416110 R_PNT     RP_TEST 1808 0000000  225 75.0 2025 161 102527 300 100   0   0 1     -1
102527  225.0000  75.0000    1000.0000   5006461.4374   1197875.7240   5229793.8014
102707  225.0000  75.0000    1000.0000   5006461.4374   1197875.7240   5229793.8014
102847  225.0000  75.0000    1000.0000   5006461.4374   1197875.7240   5229793.8014
103027  225.0000  75.0000    1000.0000   5006461.4374   1197875.7240   5229793.8014
103207  225.0000  75.0000    1000.0000   5006461.4374   1197875.7240   5229793.8014
103347  225.0000  75.0000    1000.0000   5006461.4374   1197875.7240   5229793.8014
103527  225.0000  75.0000    1000.0000   5006461.4374   1197875.7240   5229793.8014
103707  225.0000  75.0000    1000.0000   5006461.4374   1197875.7240   5229793.8014
103847  225.0000  75.0000    1000.0000   5006461.4374   1197875.7240   5229793.8014
104027  225.0000  75.0000    1000.0000   5006461.4374   1197875.7240   5229793.8014
104207  225.0000  75.0000    1000.0000   5006461.4374   1197875.7240   5229793.8014
104347  225.0000  75.0000    1000.0000   5006461.4374   1197875.7240   5229793.8014
104527  225.0000  75.0000    1000.0000   5006461.4374   1197875.7240   5229793.8014
104707  225.0000  75.0000    1000.0000   5006461.4374   1197875.7240   5229793.8014
104847  225.0000  75.0000    1000.0000   5006461.4374   1197875.7240   5229793.8014
105027  225.0000  75.0000    1000.0000   5006461.4374   1197875.7240   5229793.8014
105207  225.0000  75.0000    1000.0000   5006461.4374   1197875.7240   5229793.8014
105347  225.0000  75.0000    1000.0000   5006461.4374   1197875.7240   5229793.8014
105527  225.0000  75.0000    1000.0000   5006461.4374   1197875.7240   5229793.8014
105707  225.0000  75.0000    1000.0000   5006461.4374   1197875.7240   5229793.8014
105847  225.0000  75.0000    1000.0000   5006461.4374   1197875.7240   5229793.8014
110027  225.0000  75.0000    1000.0000   5006461.4374   1197875.7240   5229793.8014
110207  225.0000  75.0000    1000.0000   5006461.4374   1197875.7240   5229793.8014
110347  225.0000  75.0000    1000.0000   5006461.4374   1197875.7240   5229793.8014
110527  225.0000  75.0000    1000.0000   5006461.4374   1197875.7240   5229793.8014
110707  225.0000  75.0000    1000.0000   5006461.4374   1197875.7240   5229793.8014
110847  225.0000  75.0000    1000.0000   5006461.4374   1197875.7240   5229793.8014
111027  225.0000  75.0000    1000.0000   5006461.4374   1197875.7240   5229793.8014
111207  225.0000  75.0000    1000.0000   5006461.4374   1197875.7240   5229793.8014
111347  225.0000  75.0000    1000.0000   5006461.4374   1197875.7240   5229793.8014
111527  225.0000  75.0000    1000.0000   5006461.4374   1197875.7240   5229793.8014
111707  225.0000  75.0000    1000.0000   5006461.4374   1197875.7240   5229793.8014
111847  225.0000  75.0000    1000.0000   5006461.4374   1197875.7240   5229793.8014
112027  225.0000  75.0000    1000.0000   5006461.4374   1197875.7240   5229793.8014
112207  225.0000  75.0000    1000.0000   5006461.4374   1197875.7240   5229793.8014
112347  225.0000  75.0000    1000.0000   5006461.4374   1197875.7240   5229793.8014
112527  225.0000  75.0000    1000.0000   5006461.4374   1197875.7240   5229793.8014
112707  225.0000  75.0000    1000.0000   5006461.4374   1197875.7240   5229793.8014
112847  225.0000  75.0000    1000.0000   5006461.4374   1197875.7240   5229793.8014
113027  225.0000  75.0000    1000.0000   5006461.4374   1197875.7240   5229793.8014
113207  225.0000  75.0000    1000.0000   5006461.4374   1197875.7240   5229793.8014
113347  225.0000  75.0000    1000.0000   5006461.4374   1197875.7240   5229793.8014
113527  225.0000  75.0000    1000.0000   5006461.4374   1197875.7240   5229793.8014
113707  225.0000  75.0000    1000.0000   5006461.4374   1197875.7240   5229793.8014
113847  225.0000  75.0000    1000.0000   5006461.4374   1197875.7240   5229793.8014
114027  225.0000  75.0000    1000.0000   5006461.4374   1197875.7240   5229793.8014
114207  225.0000  75.0000    1000.0000   5006461.4374   1197875.7240   5229793.8014
114347  225.0000  75.0000    1000.0000   5006461.4374   1197875.7240   5229793.8014
114527  225.0000  75.0000    1000.0000   5006461.4374   1197875.7240   5229793.8014
114707  225.0000  75.0000    1000.0000   5006461.4374   1197875.7240   5229793.8014
114847  225.0000  75.0000    1000.0000   5006461.4374   1197875.7240   5229793.8014
115027  225.0000  75.0000    1000.0000   5006461.4374   1197875.7240   5229793.8014
115207  225.0000  75.0000    1000.0000   5006461.4374   1197875.7240   5229793.8014
115347  225.0000  75.0000    1000.0000   5006461.4374   1197875.7240   5229793.8014
115527  225.0000  75.0000    1000.0000   5006461.4374   1197875.7240   5229793.8014
115707  225.0000  75.0000    1000.0000   5006461.4374   1197875.7240   5229793.8014
115847  225.0000  75.0000    1000.0000   5006461.4374   1197875.7240   5229793.8014
120027  225.0000  75.0000    1000.0000   5006461.4374   1197875.7240   5229793.8014
120207  225.0000  75.0000    1000.0000   5006461.4374   1197875.7240   5229793.8014
120347  225.0000  75.0000    1000.0000   5006461.4374   1197875.7240   5229793.8014
120527  225.0000  75.0000    1000.0000   5006461.4374   1197875.7240   5229793.8014
120707  225.0000  75.0000    1000.0000   5006461.4374   1197875.7240   5229793.8014
120847  225.0000  75.0000    1000.0000   5006461.4374   1197875.7240   5229793.8014
121027  225.0000  75.0000    1000.0000   5006461.4374   1197875.7240   5229793.8014
121207  225.0000  75.0000    1000.0000   5006461.4374   1197875.7240   5229793.8014
121347  225.0000  75.0000    1000.0000   5006461.4374   1197875.7240   5229793.8014
121527  225.0000  75.0000    1000.0000   5006461.4374   1197875.7240   5229793.8014
121707  225.0000  75.0000    1000.0000   5006461.4374   1197875.7240   5229793.8014
121847  225.0000  75.0000    1000.0000   5006461.4374   1197875.7240   5229793.8014
122027  225.0000  75.0000    1000.0000   5006461.4374   1197875.7240   5229793.8014
122207  225.0000  75.0000    1000.0000   5006461.4374   1197875.7240   5229793.8014
122347  225.0000  75.0000    1000.0000   5006461.4374   1197875.7240   5229793.8014
122527  225.0000  75.0000    1000.0000   5006461.4374   1197875.7240   5229793.8014
122707  225.0000  75.0000    1000.0000   5006461.4374   1197875.7240   5229793.8014
122847  225.0000  75.0000    1000.0000   5006461.4374   1197875.7240   5229793.8014
123027  225.0000  75.0000    1000.0000   5006461.4374   1197875.7240   5229793.8014
123207  225.0000  75.0000    1000.0000   5006461.4374   1197875.7240   5229793.8014
123347  225.0000  75.0000    1000.0000   5006461.4374   1197875.7240   5229793.8014
123527  225.0000  75.0000    1000.0000   5006461.4374   1197875.7240   5229793.8014
123707  225.0000  75.0000    1000.0000   5006461.4374   1197875.7240   5229793.8014
123847  225.0000  75.0000    1000.0000   5006461.4374   1197875.7240   5229793.8014
124027  225.0000  75.0000    1000.0000   5006461.4374   1197875.7240   5229793.8014
124207  225.0000  75.0000    1000.0000   5006461.4374   1197875.7240   5229793.8014
124347  225.0000  75.0000    1000.0000   5006461.4374   1197875.7240   5229793.8014
124527  225.0000  75.0000    1000.0000   5006461.4374   1197875.7240   5229793.8014
124707  225.0000  75.0000    1000.0000   5006461.4374   1197875.7240   5229793.8014
124847  225.0000  75.0000    1000.0000   5006461.4374   1197875.7240   5229793.8014
125027  225.0000  75.0000    1000.0000   5006461.4374   1197875.7240   5229793.8014
125207  225.0000  75.0000    1000.0000   5006461.4374   1197875.7240   5229793.8014
125347  225.0000  75.0000    1000.0000   5006461.4374   1197875.7240   5229793.8014
125527  225.0000  75.0000    1000.0000   5006461.4374   1197875.7240   5229793.8014
125707  225.0000  75.0000    1000.0000   5006461.4374   1197875.7240   5229793.8014
125847  225.0000  75.0000    1000.0000   5006461.4374   1197875.7240   5229793.8014
130027  225.0000  75.0000    1000.0000   5006461.4374   1197875.7240   5229793.8014
130207  225.0000  75.0000    1000.0000   5006461.4374   1197875.7240   5229793.8014
130347  225.0000  75.0000    1000.0000   5006461.4374   1197875.7240   5229793.8014
130527  225.0000  75.0000    1000.0000   5006461.4374   1197875.7240   5229793.8014
130707  225.0000  75.0000    1000.0000   5006461.4374   1197875.7240   5229793.8014
130847  225.0000  75.0000    1000.0000   5006461.4374   1197875.7240   5229793.8014
131027  225.0000  75.0000    1000.0000   5006461.4374   1197875.7240   5229793.8014
