X4512708 R_PNT     RP_TEST 1808 0000000  225 90.0 2025 127 085341 300 100   0   0 1     -1
085341  225.0000  90.0000    1000.0000   4194430.5549   1843831.7440   5379395.8549
085841  225.0000  90.0000    1000.0000   4194430.5549   1843831.7440   5379395.8549
090341  225.0000  90.0000    1000.0000   4194430.5549   1843831.7440   5379395.8549
090841  225.0000  90.0000    1000.0000   4194430.5549   1843831.7440   5379395.8549
091341  225.0000  90.0000    1000.0000   4194430.5549   1843831.7440   5379395.8549
091841  225.0000  90.0000    1000.0000   4194430.5549   1843831.7440   5379395.8549
092341  225.0000  90.0000    1000.0000   4194430.5549   1843831.7440   5379395.8549
092841  225.0000  90.0000    1000.0000   4194430.5549   1843831.7440   5379395.8549
093341  225.0000  90.0000    1000.0000   4194430.5549   1843831.7440   5379395.8549
093841  225.0000  90.0000    1000.0000   4194430.5549   1843831.7440   5379395.8549
094341  225.0000  90.0000    1000.0000   4194430.5549   1843831.7440   5379395.8549
094841  225.0000  90.0000    1000.0000   4194430.5549   1843831.7440   5379395.8549
095341  225.0000  90.0000    1000.0000   4194430.5549   1843831.7440   5379395.8549
095841  225.0000  90.0000    1000.0000   4194430.5549   1843831.7440   5379395.8549
100341  225.0000  90.0000    1000.0000   4194430.5549   1843831.7440   5379395.8549
100841  225.0000  90.0000    1000.0000   4194430.5549   1843831.7440   5379395.8549
101341  225.0000  90.0000    1000.0000   4194430.5549   1843831.7440   5379395.8549
101841  225.0000  90.0000    1000.0000   4194430.5549   1843831.7440   5379395.8549
102341  225.0000  90.0000    1000.0000   4194430.5549   1843831.7440   5379395.8549
102841  225.0000  90.0000    1000.0000   4194430.5549   1843831.7440   5379395.8549
103341  225.0000  90.0000    1000.0000   4194430.5549   1843831.7440   5379395.8549
103841  225.0000  90.0000    1000.0000   4194430.5549   1843831.7440   5379395.8549
104341  225.0000  90.0000    1000.0000   4194430.5549   1843831.7440   5379395.8549
104841  225.0000  90.0000    1000.0000   4194430.5549   1843831.7440   5379395.8549
105341  225.0000  90.0000    1000.0000   4194430.5549   1843831.7440   5379395.8549
105841  225.0000  90.0000    1000.0000   4194430.5549   1843831.7440   5379395.8549
110341  225.0000  90.0000    1000.0000   4194430.5549   1843831.7440   5379395.8549
110841  225.0000  90.0000    1000.0000   4194430.5549   1843831.7440   5379395.8549
111341  225.0000  90.0000    1000.0000   4194430.5549   1843831.7440   5379395.8549
111841  225.0000  90.0000    1000.0000   4194430.5549   1843831.7440   5379395.8549
112341  225.0000  90.0000    1000.0000   4194430.5549   1843831.7440   5379395.8549
112841  225.0000  90.0000    1000.0000   4194430.5549   1843831.7440   5379395.8549
113341  225.0000  90.0000    1000.0000   4194430.5549   1843831.7440   5379395.8549
113841  225.0000  90.0000    1000.0000   4194430.5549   1843831.7440   5379395.8549
114341  225.0000  90.0000    1000.0000   4194430.5549   1843831.7440   5379395.8549
114841  225.0000  90.0000    1000.0000   4194430.5549   1843831.7440   5379395.8549
115341  225.0000  90.0000    1000.0000   4194430.5549   1843831.7440   5379395.8549
115841  225.0000  90.0000    1000.0000   4194430.5549   1843831.7440   5379395.8549
120341  225.0000  90.0000    1000.0000   4194430.5549   1843831.7440   5379395.8549
120841  225.0000  90.0000    1000.0000   4194430.5549   1843831.7440   5379395.8549
121341  225.0000  90.0000    1000.0000   4194430.5549   1843831.7440   5379395.8549
121841  225.0000  90.0000    1000.0000   4194430.5549   1843831.7440   5379395.8549
122341  225.0000  90.0000    1000.0000   4194430.5549   1843831.7440   5379395.8549
122841  225.0000  90.0000    1000.0000   4194430.5549   1843831.7440   5379395.8549
123341  225.0000  90.0000    1000.0000   4194430.5549   1843831.7440   5379395.8549
123841  225.0000  90.0000    1000.0000   4194430.5549   1843831.7440   5379395.8549
124341  225.0000  90.0000    1000.0000   4194430.5549   1843831.7440   5379395.8549
124841  225.0000  90.0000    1000.0000   4194430.5549   1843831.7440   5379395.8549
125341  225.0000  90.0000    1000.0000   4194430.5549   1843831.7440   5379395.8549
125841  225.0000  90.0000    1000.0000   4194430.5549   1843831.7440   5379395.8549
130341  225.0000  90.0000    1000.0000   4194430.5549   1843831.7440   5379395.8549
130841  225.0000  90.0000    1000.0000   4194430.5549   1843831.7440   5379395.8549
131341  225.0000  90.0000    1000.0000   4194430.5549   1843831.7440   5379395.8549
131841  225.0000  90.0000    1000.0000   4194430.5549   1843831.7440   5379395.8549
132341  225.0000  90.0000    1000.0000   4194430.5549   1843831.7440   5379395.8549
132841  225.0000  90.0000    1000.0000   4194430.5549   1843831.7440   5379395.8549
133341  225.0000  90.0000    1000.0000   4194430.5549   1843831.7440   5379395.8549
133841  225.0000  90.0000    1000.0000   4194430.5549   1843831.7440   5379395.8549
134341  225.0000  90.0000    1000.0000   4194430.5549   1843831.7440   5379395.8549
134841  225.0000  90.0000    1000.0000   4194430.5549   1843831.7440   5379395.8549
135341  225.0000  90.0000    1000.0000   4194430.5549   1843831.7440   5379395.8549
135841  225.0000  90.0000    1000.0000   4194430.5549   1843831.7440   5379395.8549
140341  225.0000  90.0000    1000.0000   4194430.5549   1843831.7440   5379395.8549
140841  225.0000  90.0000    1000.0000   4194430.5549   1843831.7440   5379395.8549
141341  225.0000  90.0000    1000.0000   4194430.5549   1843831.7440   5379395.8549
141841  225.0000  90.0000    1000.0000   4194430.5549   1843831.7440   5379395.8549
142341  225.0000  90.0000    1000.0000   4194430.5549   1843831.7440   5379395.8549
142841  225.0000  90.0000    1000.0000   4194430.5549   1843831.7440   5379395.8549
143341  225.0000  90.0000    1000.0000   4194430.5549   1843831.7440   5379395.8549
143841  225.0000  90.0000    1000.0000   4194430.5549   1843831.7440   5379395.8549
144341  225.0000  90.0000    1000.0000   4194430.5549   1843831.7440   5379395.8549
144841  225.0000  90.0000    1000.0000   4194430.5549   1843831.7440   5379395.8549
145341  225.0000  90.0000    1000.0000   4194430.5549   1843831.7440   5379395.8549
145841  225.0000  90.0000    1000.0000   4194430.5549   1843831.7440   5379395.8549
150341  225.0000  90.0000    1000.0000   4194430.5549   1843831.7440   5379395.8549
150841  225.0000  90.0000    1000.0000   4194430.5549   1843831.7440   5379395.8549
151341  225.0000  90.0000    1000.0000   4194430.5549   1843831.7440   5379395.8549
151841  225.0000  90.0000    1000.0000   4194430.5549   1843831.7440   5379395.8549
152341  225.0000  90.0000    1000.0000   4194430.5549   1843831.7440   5379395.8549
152841  225.0000  90.0000    1000.0000   4194430.5549   1843831.7440   5379395.8549
153341  225.0000  90.0000    1000.0000   4194430.5549   1843831.7440   5379395.8549
153841  225.0000  90.0000    1000.0000   4194430.5549   1843831.7440   5379395.8549
154341  225.0000  90.0000    1000.0000   4194430.5549   1843831.7440   5379395.8549
154841  225.0000  90.0000    1000.0000   4194430.5549   1843831.7440   5379395.8549
155341  225.0000  90.0000    1000.0000   4194430.5549   1843831.7440   5379395.8549
155841  225.0000  90.0000    1000.0000   4194430.5549   1843831.7440   5379395.8549
160341  225.0000  90.0000    1000.0000   4194430.5549   1843831.7440   5379395.8549
160841  225.0000  90.0000    1000.0000   4194430.5549   1843831.7440   5379395.8549
161341  225.0000  90.0000    1000.0000   4194430.5549   1843831.7440   5379395.8549
161841  225.0000  90.0000    1000.0000   4194430.5549   1843831.7440   5379395.8549
162341  225.0000  90.0000    1000.0000   4194430.5549   1843831.7440   5379395.8549
162841  225.0000  90.0000    1000.0000   4194430.5549   1843831.7440   5379395.8549
163341  225.0000  90.0000    1000.0000   4194430.5549   1843831.7440   5379395.8549
163841  225.0000  90.0000    1000.0000   4194430.5549   1843831.7440   5379395.8549
164341  225.0000  90.0000    1000.0000   4194430.5549   1843831.7440   5379395.8549
164841  225.0000  90.0000    1000.0000   4194430.5549   1843831.7440   5379395.8549
165341  225.0000  90.0000    1000.0000   4194430.5549   1843831.7440   5379395.8549
165841  225.0000  90.0000    1000.0000   4194430.5549   1843831.7440   5379395.8549
170341  225.0000  90.0000    1000.0000   4194430.5549   1843831.7440   5379395.8549
170841  225.0000  90.0000    1000.0000   4194430.5549   1843831.7440   5379395.8549
