X4516110 R_PNT     RP_TEST 1808 0000000  225 89.0 2025 161 102527 300 100   0   0 1     -1
102527  225.0000  89.0000    1000.0000   4862719.4719   1335138.4332   5370881.5170
102707  225.0000  89.0000    1000.0000   4862719.4719   1335138.4332   5370881.5170
102847  225.0000  89.0000    1000.0000   4862719.4719   1335138.4332   5370881.5170
103027  225.0000  89.0000    1000.0000   4862719.4719   1335138.4332   5370881.5170
103207  225.0000  89.0000    1000.0000   4862719.4719   1335138.4332   5370881.5170
103347  225.0000  89.0000    1000.0000   4862719.4719   1335138.4332   5370881.5170
103527  225.0000  89.0000    1000.0000   4862719.4719   1335138.4332   5370881.5170
103707  225.0000  89.0000    1000.0000   4862719.4719   1335138.4332   5370881.5170
103847  225.0000  89.0000    1000.0000   4862719.4719   1335138.4332   5370881.5170
104027  225.0000  89.0000    1000.0000   4862719.4719   1335138.4332   5370881.5170
104207  225.0000  89.0000    1000.0000   4862719.4719   1335138.4332   5370881.5170
104347  225.0000  89.0000    1000.0000   4862719.4719   1335138.4332   5370881.5170
104527  225.0000  89.0000    1000.0000   4862719.4719   1335138.4332   5370881.5170
104707  225.0000  89.0000    1000.0000   4862719.4719   1335138.4332   5370881.5170
104847  225.0000  89.0000    1000.0000   4862719.4719   1335138.4332   5370881.5170
105027  225.0000  89.0000    1000.0000   4862719.4719   1335138.4332   5370881.5170
105207  225.0000  89.0000    1000.0000   4862719.4719   1335138.4332   5370881.5170
105347  225.0000  89.0000    1000.0000   4862719.4719   1335138.4332   5370881.5170
105527  225.0000  89.0000    1000.0000   4862719.4719   1335138.4332   5370881.5170
105707  225.0000  89.0000    1000.0000   4862719.4719   1335138.4332   5370881.5170
105847  225.0000  89.0000    1000.0000   4862719.4719   1335138.4332   5370881.5170
110027  225.0000  89.0000    1000.0000   4862719.4719   1335138.4332   5370881.5170
110207  225.0000  89.0000    1000.0000   4862719.4719   1335138.4332   5370881.5170
110347  225.0000  89.0000    1000.0000   4862719.4719   1335138.4332   5370881.5170
110527  225.0000  89.0000    1000.0000   4862719.4719   1335138.4332   5370881.5170
110707  225.0000  89.0000    1000.0000   4862719.4719   1335138.4332   5370881.5170
110847  225.0000  89.0000    1000.0000   4862719.4719   1335138.4332   5370881.5170
111027  225.0000  89.0000    1000.0000   4862719.4719   1335138.4332   5370881.5170
111207  225.0000  89.0000    1000.0000   4862719.4719   1335138.4332   5370881.5170
111347  225.0000  89.0000    1000.0000   4862719.4719   1335138.4332   5370881.5170
111527  225.0000  89.0000    1000.0000   4862719.4719   1335138.4332   5370881.5170
111707  225.0000  89.0000    1000.0000   4862719.4719   1335138.4332   5370881.5170
111847  225.0000  89.0000    1000.0000   4862719.4719   1335138.4332   5370881.5170
112027  225.0000  89.0000    1000.0000   4862719.4719   1335138.4332   5370881.5170
112207  225.0000  89.0000    1000.0000   4862719.4719   1335138.4332   5370881.5170
112347  225.0000  89.0000    1000.0000   4862719.4719   1335138.4332   5370881.5170
112527  225.0000  89.0000    1000.0000   4862719.4719   1335138.4332   5370881.5170
112707  225.0000  89.0000    1000.0000   4862719.4719   1335138.4332   5370881.5170
112847  225.0000  89.0000    1000.0000   4862719.4719   1335138.4332   5370881.5170
113027  225.0000  89.0000    1000.0000   4862719.4719   1335138.4332   5370881.5170
113207  225.0000  89.0000    1000.0000   4862719.4719   1335138.4332   5370881.5170
113347  225.0000  89.0000    1000.0000   4862719.4719   1335138.4332   5370881.5170
113527  225.0000  89.0000    1000.0000   4862719.4719   1335138.4332   5370881.5170
113707  225.0000  89.0000    1000.0000   4862719.4719   1335138.4332   5370881.5170
113847  225.0000  89.0000    1000.0000   4862719.4719   1335138.4332   5370881.5170
114027  225.0000  89.0000    1000.0000   4862719.4719   1335138.4332   5370881.5170
114207  225.0000  89.0000    1000.0000   4862719.4719   1335138.4332   5370881.5170
114347  225.0000  89.0000    1000.0000   4862719.4719   1335138.4332   5370881.5170
114527  225.0000  89.0000    1000.0000   4862719.4719   1335138.4332   5370881.5170
114707  225.0000  89.0000    1000.0000   4862719.4719   1335138.4332   5370881.5170
114847  225.0000  89.0000    1000.0000   4862719.4719   1335138.4332   5370881.5170
115027  225.0000  89.0000    1000.0000   4862719.4719   1335138.4332   5370881.5170
115207  225.0000  89.0000    1000.0000   4862719.4719   1335138.4332   5370881.5170
115347  225.0000  89.0000    1000.0000   4862719.4719   1335138.4332   5370881.5170
115527  225.0000  89.0000    1000.0000   4862719.4719   1335138.4332   5370881.5170
115707  225.0000  89.0000    1000.0000   4862719.4719   1335138.4332   5370881.5170
115847  225.0000  89.0000    1000.0000   4862719.4719   1335138.4332   5370881.5170
120027  225.0000  89.0000    1000.0000   4862719.4719   1335138.4332   5370881.5170
120207  225.0000  89.0000    1000.0000   4862719.4719   1335138.4332   5370881.5170
120347  225.0000  89.0000    1000.0000   4862719.4719   1335138.4332   5370881.5170
120527  225.0000  89.0000    1000.0000   4862719.4719   1335138.4332   5370881.5170
120707  225.0000  89.0000    1000.0000   4862719.4719   1335138.4332   5370881.5170
120847  225.0000  89.0000    1000.0000   4862719.4719   1335138.4332   5370881.5170
121027  225.0000  89.0000    1000.0000   4862719.4719   1335138.4332   5370881.5170
121207  225.0000  89.0000    1000.0000   4862719.4719   1335138.4332   5370881.5170
121347  225.0000  89.0000    1000.0000   4862719.4719   1335138.4332   5370881.5170
121527  225.0000  89.0000    1000.0000   4862719.4719   1335138.4332   5370881.5170
121707  225.0000  89.0000    1000.0000   4862719.4719   1335138.4332   5370881.5170
121847  225.0000  89.0000    1000.0000   4862719.4719   1335138.4332   5370881.5170
122027  225.0000  89.0000    1000.0000   4862719.4719   1335138.4332   5370881.5170
122207  225.0000  89.0000    1000.0000   4862719.4719   1335138.4332   5370881.5170
122347  225.0000  89.0000    1000.0000   4862719.4719   1335138.4332   5370881.5170
122527  225.0000  89.0000    1000.0000   4862719.4719   1335138.4332   5370881.5170
122707  225.0000  89.0000    1000.0000   4862719.4719   1335138.4332   5370881.5170
122847  225.0000  89.0000    1000.0000   4862719.4719   1335138.4332   5370881.5170
123027  225.0000  89.0000    1000.0000   4862719.4719   1335138.4332   5370881.5170
123207  225.0000  89.0000    1000.0000   4862719.4719   1335138.4332   5370881.5170
123347  225.0000  89.0000    1000.0000   4862719.4719   1335138.4332   5370881.5170
123527  225.0000  89.0000    1000.0000   4862719.4719   1335138.4332   5370881.5170
123707  225.0000  89.0000    1000.0000   4862719.4719   1335138.4332   5370881.5170
123847  225.0000  89.0000    1000.0000   4862719.4719   1335138.4332   5370881.5170
124027  225.0000  89.0000    1000.0000   4862719.4719   1335138.4332   5370881.5170
124207  225.0000  89.0000    1000.0000   4862719.4719   1335138.4332   5370881.5170
124347  225.0000  89.0000    1000.0000   4862719.4719   1335138.4332   5370881.5170
124527  225.0000  89.0000    1000.0000   4862719.4719   1335138.4332   5370881.5170
124707  225.0000  89.0000    1000.0000   4862719.4719   1335138.4332   5370881.5170
124847  225.0000  89.0000    1000.0000   4862719.4719   1335138.4332   5370881.5170
125027  225.0000  89.0000    1000.0000   4862719.4719   1335138.4332   5370881.5170
125207  225.0000  89.0000    1000.0000   4862719.4719   1335138.4332   5370881.5170
125347  225.0000  89.0000    1000.0000   4862719.4719   1335138.4332   5370881.5170
125527  225.0000  89.0000    1000.0000   4862719.4719   1335138.4332   5370881.5170
125707  225.0000  89.0000    1000.0000   4862719.4719   1335138.4332   5370881.5170
125847  225.0000  89.0000    1000.0000   4862719.4719   1335138.4332   5370881.5170
130027  225.0000  89.0000    1000.0000   4862719.4719   1335138.4332   5370881.5170
130207  225.0000  89.0000    1000.0000   4862719.4719   1335138.4332   5370881.5170
130347  225.0000  89.0000    1000.0000   4862719.4719   1335138.4332   5370881.5170
130527  225.0000  89.0000    1000.0000   4862719.4719   1335138.4332   5370881.5170
130707  225.0000  89.0000    1000.0000   4862719.4719   1335138.4332   5370881.5170
130847  225.0000  89.0000    1000.0000   4862719.4719   1335138.4332   5370881.5170
131027  225.0000  89.0000    1000.0000   4862719.4719   1335138.4332   5370881.5170
