X4512711 R_PNT     RP_TEST 1808 0000000  225 90.0 2025 127 115550 300 100   0   0 1     -1
115550  225.0000  90.0000    1000.0000   4850815.9701   1344644.8646   5379398.7990
120050  225.0000  90.0000    1000.0000   4850815.9701   1344644.8646   5379398.7990
120550  225.0000  90.0000    1000.0000   4850815.9701   1344644.8646   5379398.7990
121050  225.0000  90.0000    1000.0000   4850815.9701   1344644.8646   5379398.7990
121550  225.0000  90.0000    1000.0000   4850815.9701   1344644.8646   5379398.7990
122050  225.0000  90.0000    1000.0000   4850815.9701   1344644.8646   5379398.7990
122550  225.0000  90.0000    1000.0000   4850815.9701   1344644.8646   5379398.7990
123050  225.0000  90.0000    1000.0000   4850815.9701   1344644.8646   5379398.7990
123550  225.0000  90.0000    1000.0000   4850815.9701   1344644.8646   5379398.7990
124050  225.0000  90.0000    1000.0000   4850815.9701   1344644.8646   5379398.7990
124550  225.0000  90.0000    1000.0000   4850815.9701   1344644.8646   5379398.7990
125050  225.0000  90.0000    1000.0000   4850815.9701   1344644.8646   5379398.7990
125550  225.0000  90.0000    1000.0000   4850815.9701   1344644.8646   5379398.7990
130050  225.0000  90.0000    1000.0000   4850815.9701   1344644.8646   5379398.7990
130550  225.0000  90.0000    1000.0000   4850815.9701   1344644.8646   5379398.7990
131050  225.0000  90.0000    1000.0000   4850815.9701   1344644.8646   5379398.7990
131550  225.0000  90.0000    1000.0000   4850815.9701   1344644.8646   5379398.7990
132050  225.0000  90.0000    1000.0000   4850815.9701   1344644.8646   5379398.7990
132550  225.0000  90.0000    1000.0000   4850815.9701   1344644.8646   5379398.7990
133050  225.0000  90.0000    1000.0000   4850815.9701   1344644.8646   5379398.7990
133550  225.0000  90.0000    1000.0000   4850815.9701   1344644.8646   5379398.7990
134050  225.0000  90.0000    1000.0000   4850815.9701   1344644.8646   5379398.7990
134550  225.0000  90.0000    1000.0000   4850815.9701   1344644.8646   5379398.7990
135050  225.0000  90.0000    1000.0000   4850815.9701   1344644.8646   5379398.7990
135550  225.0000  90.0000    1000.0000   4850815.9701   1344644.8646   5379398.7990
140050  225.0000  90.0000    1000.0000   4850815.9701   1344644.8646   5379398.7990
140550  225.0000  90.0000    1000.0000   4850815.9701   1344644.8646   5379398.7990
141050  225.0000  90.0000    1000.0000   4850815.9701   1344644.8646   5379398.7990
141550  225.0000  90.0000    1000.0000   4850815.9701   1344644.8646   5379398.7990
142050  225.0000  90.0000    1000.0000   4850815.9701   1344644.8646   5379398.7990
142550  225.0000  90.0000    1000.0000   4850815.9701   1344644.8646   5379398.7990
143050  225.0000  90.0000    1000.0000   4850815.9701   1344644.8646   5379398.7990
143550  225.0000  90.0000    1000.0000   4850815.9701   1344644.8646   5379398.7990
144050  225.0000  90.0000    1000.0000   4850815.9701   1344644.8646   5379398.7990
144550  225.0000  90.0000    1000.0000   4850815.9701   1344644.8646   5379398.7990
145050  225.0000  90.0000    1000.0000   4850815.9701   1344644.8646   5379398.7990
145550  225.0000  90.0000    1000.0000   4850815.9701   1344644.8646   5379398.7990
150050  225.0000  90.0000    1000.0000   4850815.9701   1344644.8646   5379398.7990
150550  225.0000  90.0000    1000.0000   4850815.9701   1344644.8646   5379398.7990
151050  225.0000  90.0000    1000.0000   4850815.9701   1344644.8646   5379398.7990
151550  225.0000  90.0000    1000.0000   4850815.9701   1344644.8646   5379398.7990
152050  225.0000  90.0000    1000.0000   4850815.9701   1344644.8646   5379398.7990
152550  225.0000  90.0000    1000.0000   4850815.9701   1344644.8646   5379398.7990
153050  225.0000  90.0000    1000.0000   4850815.9701   1344644.8646   5379398.7990
153550  225.0000  90.0000    1000.0000   4850815.9701   1344644.8646   5379398.7990
154050  225.0000  90.0000    1000.0000   4850815.9701   1344644.8646   5379398.7990
154550  225.0000  90.0000    1000.0000   4850815.9701   1344644.8646   5379398.7990
155050  225.0000  90.0000    1000.0000   4850815.9701   1344644.8646   5379398.7990
155550  225.0000  90.0000    1000.0000   4850815.9701   1344644.8646   5379398.7990
160050  225.0000  90.0000    1000.0000   4850815.9701   1344644.8646   5379398.7990
160550  225.0000  90.0000    1000.0000   4850815.9701   1344644.8646   5379398.7990
161050  225.0000  90.0000    1000.0000   4850815.9701   1344644.8646   5379398.7990
161550  225.0000  90.0000    1000.0000   4850815.9701   1344644.8646   5379398.7990
162050  225.0000  90.0000    1000.0000   4850815.9701   1344644.8646   5379398.7990
162550  225.0000  90.0000    1000.0000   4850815.9701   1344644.8646   5379398.7990
163050  225.0000  90.0000    1000.0000   4850815.9701   1344644.8646   5379398.7990
163550  225.0000  90.0000    1000.0000   4850815.9701   1344644.8646   5379398.7990
164050  225.0000  90.0000    1000.0000   4850815.9701   1344644.8646   5379398.7990
164550  225.0000  90.0000    1000.0000   4850815.9701   1344644.8646   5379398.7990
165050  225.0000  90.0000    1000.0000   4850815.9701   1344644.8646   5379398.7990
165550  225.0000  90.0000    1000.0000   4850815.9701   1344644.8646   5379398.7990
170050  225.0000  90.0000    1000.0000   4850815.9701   1344644.8646   5379398.7990
170550  225.0000  90.0000    1000.0000   4850815.9701   1344644.8646   5379398.7990
171050  225.0000  90.0000    1000.0000   4850815.9701   1344644.8646   5379398.7990
171550  225.0000  90.0000    1000.0000   4850815.9701   1344644.8646   5379398.7990
172050  225.0000  90.0000    1000.0000   4850815.9701   1344644.8646   5379398.7990
172550  225.0000  90.0000    1000.0000   4850815.9701   1344644.8646   5379398.7990
173050  225.0000  90.0000    1000.0000   4850815.9701   1344644.8646   5379398.7990
173550  225.0000  90.0000    1000.0000   4850815.9701   1344644.8646   5379398.7990
174050  225.0000  90.0000    1000.0000   4850815.9701   1344644.8646   5379398.7990
174550  225.0000  90.0000    1000.0000   4850815.9701   1344644.8646   5379398.7990
175050  225.0000  90.0000    1000.0000   4850815.9701   1344644.8646   5379398.7990
175550  225.0000  90.0000    1000.0000   4850815.9701   1344644.8646   5379398.7990
180050  225.0000  90.0000    1000.0000   4850815.9701   1344644.8646   5379398.7990
180550  225.0000  90.0000    1000.0000   4850815.9701   1344644.8646   5379398.7990
181050  225.0000  90.0000    1000.0000   4850815.9701   1344644.8646   5379398.7990
181550  225.0000  90.0000    1000.0000   4850815.9701   1344644.8646   5379398.7990
182050  225.0000  90.0000    1000.0000   4850815.9701   1344644.8646   5379398.7990
182550  225.0000  90.0000    1000.0000   4850815.9701   1344644.8646   5379398.7990
183050  225.0000  90.0000    1000.0000   4850815.9701   1344644.8646   5379398.7990
183550  225.0000  90.0000    1000.0000   4850815.9701   1344644.8646   5379398.7990
184050  225.0000  90.0000    1000.0000   4850815.9701   1344644.8646   5379398.7990
184550  225.0000  90.0000    1000.0000   4850815.9701   1344644.8646   5379398.7990
185050  225.0000  90.0000    1000.0000   4850815.9701   1344644.8646   5379398.7990
185550  225.0000  90.0000    1000.0000   4850815.9701   1344644.8646   5379398.7990
190050  225.0000  90.0000    1000.0000   4850815.9701   1344644.8646   5379398.7990
190550  225.0000  90.0000    1000.0000   4850815.9701   1344644.8646   5379398.7990
191050  225.0000  90.0000    1000.0000   4850815.9701   1344644.8646   5379398.7990
191550  225.0000  90.0000    1000.0000   4850815.9701   1344644.8646   5379398.7990
192050  225.0000  90.0000    1000.0000   4850815.9701   1344644.8646   5379398.7990
192550  225.0000  90.0000    1000.0000   4850815.9701   1344644.8646   5379398.7990
193050  225.0000  90.0000    1000.0000   4850815.9701   1344644.8646   5379398.7990
193550  225.0000  90.0000    1000.0000   4850815.9701   1344644.8646   5379398.7990
194050  225.0000  90.0000    1000.0000   4850815.9701   1344644.8646   5379398.7990
194550  225.0000  90.0000    1000.0000   4850815.9701   1344644.8646   5379398.7990
195050  225.0000  90.0000    1000.0000   4850815.9701   1344644.8646   5379398.7990
195550  225.0000  90.0000    1000.0000   4850815.9701   1344644.8646   5379398.7990
200050  225.0000  90.0000    1000.0000   4850815.9701   1344644.8646   5379398.7990
200550  225.0000  90.0000    1000.0000   4850815.9701   1344644.8646   5379398.7990
201050  225.0000  90.0000    1000.0000   4850815.9701   1344644.8646   5379398.7990
