X4612708 R_PNT     RP_TEST 1808 0000000  270 15.0 2025 127 085341 300 100   0   0 1     -1
085341  270.0000  15.0000    1000.0000   4452454.1579   2020488.5352   4202714.8836
085841  270.0000  15.0000    1000.0000   4452454.1579   2020488.5352   4202714.8836
090341  270.0000  15.0000    1000.0000   4452454.1579   2020488.5352   4202714.8836
090841  270.0000  15.0000    1000.0000   4452454.1579   2020488.5352   4202714.8836
091341  270.0000  15.0000    1000.0000   4452454.1579   2020488.5352   4202714.8836
091841  270.0000  15.0000    1000.0000   4452454.1579   2020488.5352   4202714.8836
092341  270.0000  15.0000    1000.0000   4452454.1579   2020488.5352   4202714.8836
092841  270.0000  15.0000    1000.0000   4452454.1579   2020488.5352   4202714.8836
093341  270.0000  15.0000    1000.0000   4452454.1579   2020488.5352   4202714.8836
093841  270.0000  15.0000    1000.0000   4452454.1579   2020488.5352   4202714.8836
094341  270.0000  15.0000    1000.0000   4452454.1579   2020488.5352   4202714.8836
094841  270.0000  15.0000    1000.0000   4452454.1579   2020488.5352   4202714.8836
095341  270.0000  15.0000    1000.0000   4452454.1579   2020488.5352   4202714.8836
095841  270.0000  15.0000    1000.0000   4452454.1579   2020488.5352   4202714.8836
100341  270.0000  15.0000    1000.0000   4452454.1579   2020488.5352   4202714.8836
100841  270.0000  15.0000    1000.0000   4452454.1579   2020488.5352   4202714.8836
101341  270.0000  15.0000    1000.0000   4452454.1579   2020488.5352   4202714.8836
101841  270.0000  15.0000    1000.0000   4452454.1579   2020488.5352   4202714.8836
102341  270.0000  15.0000    1000.0000   4452454.1579   2020488.5352   4202714.8836
102841  270.0000  15.0000    1000.0000   4452454.1579   2020488.5352   4202714.8836
103341  270.0000  15.0000    1000.0000   4452454.1579   2020488.5352   4202714.8836
103841  270.0000  15.0000    1000.0000   4452454.1579   2020488.5352   4202714.8836
104341  270.0000  15.0000    1000.0000   4452454.1579   2020488.5352   4202714.8836
104841  270.0000  15.0000    1000.0000   4452454.1579   2020488.5352   4202714.8836
105341  270.0000  15.0000    1000.0000   4452454.1579   2020488.5352   4202714.8836
105841  270.0000  15.0000    1000.0000   4452454.1579   2020488.5352   4202714.8836
110341  270.0000  15.0000    1000.0000   4452454.1579   2020488.5352   4202714.8836
110841  270.0000  15.0000    1000.0000   4452454.1579   2020488.5352   4202714.8836
111341  270.0000  15.0000    1000.0000   4452454.1579   2020488.5352   4202714.8836
111841  270.0000  15.0000    1000.0000   4452454.1579   2020488.5352   4202714.8836
112341  270.0000  15.0000    1000.0000   4452454.1579   2020488.5352   4202714.8836
112841  270.0000  15.0000    1000.0000   4452454.1579   2020488.5352   4202714.8836
113341  270.0000  15.0000    1000.0000   4452454.1579   2020488.5352   4202714.8836
113841  270.0000  15.0000    1000.0000   4452454.1579   2020488.5352   4202714.8836
114341  270.0000  15.0000    1000.0000   4452454.1579   2020488.5352   4202714.8836
114841  270.0000  15.0000    1000.0000   4452454.1579   2020488.5352   4202714.8836
115341  270.0000  15.0000    1000.0000   4452454.1579   2020488.5352   4202714.8836
115841  270.0000  15.0000    1000.0000   4452454.1579   2020488.5352   4202714.8836
120341  270.0000  15.0000    1000.0000   4452454.1579   2020488.5352   4202714.8836
120841  270.0000  15.0000    1000.0000   4452454.1579   2020488.5352   4202714.8836
121341  270.0000  15.0000    1000.0000   4452454.1579   2020488.5352   4202714.8836
121841  270.0000  15.0000    1000.0000   4452454.1579   2020488.5352   4202714.8836
122341  270.0000  15.0000    1000.0000   4452454.1579   2020488.5352   4202714.8836
122841  270.0000  15.0000    1000.0000   4452454.1579   2020488.5352   4202714.8836
123341  270.0000  15.0000    1000.0000   4452454.1579   2020488.5352   4202714.8836
123841  270.0000  15.0000    1000.0000   4452454.1579   2020488.5352   4202714.8836
124341  270.0000  15.0000    1000.0000   4452454.1579   2020488.5352   4202714.8836
124841  270.0000  15.0000    1000.0000   4452454.1579   2020488.5352   4202714.8836
125341  270.0000  15.0000    1000.0000   4452454.1579   2020488.5352   4202714.8836
125841  270.0000  15.0000    1000.0000   4452454.1579   2020488.5352   4202714.8836
130341  270.0000  15.0000    1000.0000   4452454.1579   2020488.5352   4202714.8836
130841  270.0000  15.0000    1000.0000   4452454.1579   2020488.5352   4202714.8836
131341  270.0000  15.0000    1000.0000   4452454.1579   2020488.5352   4202714.8836
131841  270.0000  15.0000    1000.0000   4452454.1579   2020488.5352   4202714.8836
132341  270.0000  15.0000    1000.0000   4452454.1579   2020488.5352   4202714.8836
132841  270.0000  15.0000    1000.0000   4452454.1579   2020488.5352   4202714.8836
133341  270.0000  15.0000    1000.0000   4452454.1579   2020488.5352   4202714.8836
133841  270.0000  15.0000    1000.0000   4452454.1579   2020488.5352   4202714.8836
134341  270.0000  15.0000    1000.0000   4452454.1579   2020488.5352   4202714.8836
134841  270.0000  15.0000    1000.0000   4452454.1579   2020488.5352   4202714.8836
135341  270.0000  15.0000    1000.0000   4452454.1579   2020488.5352   4202714.8836
135841  270.0000  15.0000    1000.0000   4452454.1579   2020488.5352   4202714.8836
140341  270.0000  15.0000    1000.0000   4452454.1579   2020488.5352   4202714.8836
140841  270.0000  15.0000    1000.0000   4452454.1579   2020488.5352   4202714.8836
141341  270.0000  15.0000    1000.0000   4452454.1579   2020488.5352   4202714.8836
141841  270.0000  15.0000    1000.0000   4452454.1579   2020488.5352   4202714.8836
142341  270.0000  15.0000    1000.0000   4452454.1579   2020488.5352   4202714.8836
142841  270.0000  15.0000    1000.0000   4452454.1579   2020488.5352   4202714.8836
143341  270.0000  15.0000    1000.0000   4452454.1579   2020488.5352   4202714.8836
143841  270.0000  15.0000    1000.0000   4452454.1579   2020488.5352   4202714.8836
144341  270.0000  15.0000    1000.0000   4452454.1579   2020488.5352   4202714.8836
144841  270.0000  15.0000    1000.0000   4452454.1579   2020488.5352   4202714.8836
145341  270.0000  15.0000    1000.0000   4452454.1579   2020488.5352   4202714.8836
145841  270.0000  15.0000    1000.0000   4452454.1579   2020488.5352   4202714.8836
150341  270.0000  15.0000    1000.0000   4452454.1579   2020488.5352   4202714.8836
150841  270.0000  15.0000    1000.0000   4452454.1579   2020488.5352   4202714.8836
151341  270.0000  15.0000    1000.0000   4452454.1579   2020488.5352   4202714.8836
151841  270.0000  15.0000    1000.0000   4452454.1579   2020488.5352   4202714.8836
152341  270.0000  15.0000    1000.0000   4452454.1579   2020488.5352   4202714.8836
152841  270.0000  15.0000    1000.0000   4452454.1579   2020488.5352   4202714.8836
153341  270.0000  15.0000    1000.0000   4452454.1579   2020488.5352   4202714.8836
153841  270.0000  15.0000    1000.0000   4452454.1579   2020488.5352   4202714.8836
154341  270.0000  15.0000    1000.0000   4452454.1579   2020488.5352   4202714.8836
154841  270.0000  15.0000    1000.0000   4452454.1579   2020488.5352   4202714.8836
155341  270.0000  15.0000    1000.0000   4452454.1579   2020488.5352   4202714.8836
155841  270.0000  15.0000    1000.0000   4452454.1579   2020488.5352   4202714.8836
160341  270.0000  15.0000    1000.0000   4452454.1579   2020488.5352   4202714.8836
160841  270.0000  15.0000    1000.0000   4452454.1579   2020488.5352   4202714.8836
161341  270.0000  15.0000    1000.0000   4452454.1579   2020488.5352   4202714.8836
161841  270.0000  15.0000    1000.0000   4452454.1579   2020488.5352   4202714.8836
162341  270.0000  15.0000    1000.0000   4452454.1579   2020488.5352   4202714.8836
162841  270.0000  15.0000    1000.0000   4452454.1579   2020488.5352   4202714.8836
163341  270.0000  15.0000    1000.0000   4452454.1579   2020488.5352   4202714.8836
163841  270.0000  15.0000    1000.0000   4452454.1579   2020488.5352   4202714.8836
164341  270.0000  15.0000    1000.0000   4452454.1579   2020488.5352   4202714.8836
164841  270.0000  15.0000    1000.0000   4452454.1579   2020488.5352   4202714.8836
165341  270.0000  15.0000    1000.0000   4452454.1579   2020488.5352   4202714.8836
165841  270.0000  15.0000    1000.0000   4452454.1579   2020488.5352   4202714.8836
170341  270.0000  15.0000    1000.0000   4452454.1579   2020488.5352   4202714.8836
170841  270.0000  15.0000    1000.0000   4452454.1579   2020488.5352   4202714.8836
