X4616110 R_PNT     RP_TEST 1808 0000000  270 15.0 2025 161 102527 300 100   0   0 1     -1
102527  270.0000  15.0000    1000.0000   4622335.9024    278960.9990   4836741.7554
102707  270.0000  15.0000    1000.0000   4622335.9024    278960.9990   4836741.7554
102847  270.0000  15.0000    1000.0000   4622335.9024    278960.9990   4836741.7554
103027  270.0000  15.0000    1000.0000   4622335.9024    278960.9990   4836741.7554
103207  270.0000  15.0000    1000.0000   4622335.9024    278960.9990   4836741.7554
103347  270.0000  15.0000    1000.0000   4622335.9024    278960.9990   4836741.7554
103527  270.0000  15.0000    1000.0000   4622335.9024    278960.9990   4836741.7554
103707  270.0000  15.0000    1000.0000   4622335.9024    278960.9990   4836741.7554
103847  270.0000  15.0000    1000.0000   4622335.9024    278960.9990   4836741.7554
104027  270.0000  15.0000    1000.0000   4622335.9024    278960.9990   4836741.7554
104207  270.0000  15.0000    1000.0000   4622335.9024    278960.9990   4836741.7554
104347  270.0000  15.0000    1000.0000   4622335.9024    278960.9990   4836741.7554
104527  270.0000  15.0000    1000.0000   4622335.9024    278960.9990   4836741.7554
104707  270.0000  15.0000    1000.0000   4622335.9024    278960.9990   4836741.7554
104847  270.0000  15.0000    1000.0000   4622335.9024    278960.9990   4836741.7554
105027  270.0000  15.0000    1000.0000   4622335.9024    278960.9990   4836741.7554
105207  270.0000  15.0000    1000.0000   4622335.9024    278960.9990   4836741.7554
105347  270.0000  15.0000    1000.0000   4622335.9024    278960.9990   4836741.7554
105527  270.0000  15.0000    1000.0000   4622335.9024    278960.9990   4836741.7554
105707  270.0000  15.0000    1000.0000   4622335.9024    278960.9990   4836741.7554
105847  270.0000  15.0000    1000.0000   4622335.9024    278960.9990   4836741.7554
110027  270.0000  15.0000    1000.0000   4622335.9024    278960.9990   4836741.7554
110207  270.0000  15.0000    1000.0000   4622335.9024    278960.9990   4836741.7554
110347  270.0000  15.0000    1000.0000   4622335.9024    278960.9990   4836741.7554
110527  270.0000  15.0000    1000.0000   4622335.9024    278960.9990   4836741.7554
110707  270.0000  15.0000    1000.0000   4622335.9024    278960.9990   4836741.7554
110847  270.0000  15.0000    1000.0000   4622335.9024    278960.9990   4836741.7554
111027  270.0000  15.0000    1000.0000   4622335.9024    278960.9990   4836741.7554
111207  270.0000  15.0000    1000.0000   4622335.9024    278960.9990   4836741.7554
111347  270.0000  15.0000    1000.0000   4622335.9024    278960.9990   4836741.7554
111527  270.0000  15.0000    1000.0000   4622335.9024    278960.9990   4836741.7554
111707  270.0000  15.0000    1000.0000   4622335.9024    278960.9990   4836741.7554
111847  270.0000  15.0000    1000.0000   4622335.9024    278960.9990   4836741.7554
112027  270.0000  15.0000    1000.0000   4622335.9024    278960.9990   4836741.7554
112207  270.0000  15.0000    1000.0000   4622335.9024    278960.9990   4836741.7554
112347  270.0000  15.0000    1000.0000   4622335.9024    278960.9990   4836741.7554
112527  270.0000  15.0000    1000.0000   4622335.9024    278960.9990   4836741.7554
112707  270.0000  15.0000    1000.0000   4622335.9024    278960.9990   4836741.7554
112847  270.0000  15.0000    1000.0000   4622335.9024    278960.9990   4836741.7554
113027  270.0000  15.0000    1000.0000   4622335.9024    278960.9990   4836741.7554
113207  270.0000  15.0000    1000.0000   4622335.9024    278960.9990   4836741.7554
113347  270.0000  15.0000    1000.0000   4622335.9024    278960.9990   4836741.7554
113527  270.0000  15.0000    1000.0000   4622335.9024    278960.9990   4836741.7554
113707  270.0000  15.0000    1000.0000   4622335.9024    278960.9990   4836741.7554
113847  270.0000  15.0000    1000.0000   4622335.9024    278960.9990   4836741.7554
114027  270.0000  15.0000    1000.0000   4622335.9024    278960.9990   4836741.7554
114207  270.0000  15.0000    1000.0000   4622335.9024    278960.9990   4836741.7554
114347  270.0000  15.0000    1000.0000   4622335.9024    278960.9990   4836741.7554
114527  270.0000  15.0000    1000.0000   4622335.9024    278960.9990   4836741.7554
114707  270.0000  15.0000    1000.0000   4622335.9024    278960.9990   4836741.7554
114847  270.0000  15.0000    1000.0000   4622335.9024    278960.9990   4836741.7554
115027  270.0000  15.0000    1000.0000   4622335.9024    278960.9990   4836741.7554
115207  270.0000  15.0000    1000.0000   4622335.9024    278960.9990   4836741.7554
115347  270.0000  15.0000    1000.0000   4622335.9024    278960.9990   4836741.7554
115527  270.0000  15.0000    1000.0000   4622335.9024    278960.9990   4836741.7554
115707  270.0000  15.0000    1000.0000   4622335.9024    278960.9990   4836741.7554
115847  270.0000  15.0000    1000.0000   4622335.9024    278960.9990   4836741.7554
120027  270.0000  15.0000    1000.0000   4622335.9024    278960.9990   4836741.7554
120207  270.0000  15.0000    1000.0000   4622335.9024    278960.9990   4836741.7554
120347  270.0000  15.0000    1000.0000   4622335.9024    278960.9990   4836741.7554
120527  270.0000  15.0000    1000.0000   4622335.9024    278960.9990   4836741.7554
120707  270.0000  15.0000    1000.0000   4622335.9024    278960.9990   4836741.7554
120847  270.0000  15.0000    1000.0000   4622335.9024    278960.9990   4836741.7554
121027  270.0000  15.0000    1000.0000   4622335.9024    278960.9990   4836741.7554
121207  270.0000  15.0000    1000.0000   4622335.9024    278960.9990   4836741.7554
121347  270.0000  15.0000    1000.0000   4622335.9024    278960.9990   4836741.7554
121527  270.0000  15.0000    1000.0000   4622335.9024    278960.9990   4836741.7554
121707  270.0000  15.0000    1000.0000   4622335.9024    278960.9990   4836741.7554
121847  270.0000  15.0000    1000.0000   4622335.9024    278960.9990   4836741.7554
122027  270.0000  15.0000    1000.0000   4622335.9024    278960.9990   4836741.7554
122207  270.0000  15.0000    1000.0000   4622335.9024    278960.9990   4836741.7554
122347  270.0000  15.0000    1000.0000   4622335.9024    278960.9990   4836741.7554
122527  270.0000  15.0000    1000.0000   4622335.9024    278960.9990   4836741.7554
122707  270.0000  15.0000    1000.0000   4622335.9024    278960.9990   4836741.7554
122847  270.0000  15.0000    1000.0000   4622335.9024    278960.9990   4836741.7554
123027  270.0000  15.0000    1000.0000   4622335.9024    278960.9990   4836741.7554
123207  270.0000  15.0000    1000.0000   4622335.9024    278960.9990   4836741.7554
123347  270.0000  15.0000    1000.0000   4622335.9024    278960.9990   4836741.7554
123527  270.0000  15.0000    1000.0000   4622335.9024    278960.9990   4836741.7554
123707  270.0000  15.0000    1000.0000   4622335.9024    278960.9990   4836741.7554
123847  270.0000  15.0000    1000.0000   4622335.9024    278960.9990   4836741.7554
124027  270.0000  15.0000    1000.0000   4622335.9024    278960.9990   4836741.7554
124207  270.0000  15.0000    1000.0000   4622335.9024    278960.9990   4836741.7554
124347  270.0000  15.0000    1000.0000   4622335.9024    278960.9990   4836741.7554
124527  270.0000  15.0000    1000.0000   4622335.9024    278960.9990   4836741.7554
124707  270.0000  15.0000    1000.0000   4622335.9024    278960.9990   4836741.7554
124847  270.0000  15.0000    1000.0000   4622335.9024    278960.9990   4836741.7554
125027  270.0000  15.0000    1000.0000   4622335.9024    278960.9990   4836741.7554
125207  270.0000  15.0000    1000.0000   4622335.9024    278960.9990   4836741.7554
125347  270.0000  15.0000    1000.0000   4622335.9024    278960.9990   4836741.7554
125527  270.0000  15.0000    1000.0000   4622335.9024    278960.9990   4836741.7554
125707  270.0000  15.0000    1000.0000   4622335.9024    278960.9990   4836741.7554
125847  270.0000  15.0000    1000.0000   4622335.9024    278960.9990   4836741.7554
130027  270.0000  15.0000    1000.0000   4622335.9024    278960.9990   4836741.7554
130207  270.0000  15.0000    1000.0000   4622335.9024    278960.9990   4836741.7554
130347  270.0000  15.0000    1000.0000   4622335.9024    278960.9990   4836741.7554
130527  270.0000  15.0000    1000.0000   4622335.9024    278960.9990   4836741.7554
130707  270.0000  15.0000    1000.0000   4622335.9024    278960.9990   4836741.7554
130847  270.0000  15.0000    1000.0000   4622335.9024    278960.9990   4836741.7554
131027  270.0000  15.0000    1000.0000   4622335.9024    278960.9990   4836741.7554
