X4612711 R_PNT     RP_TEST 1808 0000000  270 15.0 2025 127 115550 300 100   0   0 1     -1
115550  270.0000  15.0000    1000.0000   4622335.9024    278960.9990   4836741.7554
120050  270.0000  15.0000    1000.0000   4622335.9024    278960.9990   4836741.7554
120550  270.0000  15.0000    1000.0000   4622335.9024    278960.9990   4836741.7554
121050  270.0000  15.0000    1000.0000   4622335.9024    278960.9990   4836741.7554
121550  270.0000  15.0000    1000.0000   4622335.9024    278960.9990   4836741.7554
122050  270.0000  15.0000    1000.0000   4622335.9024    278960.9990   4836741.7554
122550  270.0000  15.0000    1000.0000   4622335.9024    278960.9990   4836741.7554
123050  270.0000  15.0000    1000.0000   4622335.9024    278960.9990   4836741.7554
123550  270.0000  15.0000    1000.0000   4622335.9024    278960.9990   4836741.7554
124050  270.0000  15.0000    1000.0000   4622335.9024    278960.9990   4836741.7554
124550  270.0000  15.0000    1000.0000   4622335.9024    278960.9990   4836741.7554
125050  270.0000  15.0000    1000.0000   4622335.9024    278960.9990   4836741.7554
125550  270.0000  15.0000    1000.0000   4622335.9024    278960.9990   4836741.7554
130050  270.0000  15.0000    1000.0000   4622335.9024    278960.9990   4836741.7554
130550  270.0000  15.0000    1000.0000   4622335.9024    278960.9990   4836741.7554
131050  270.0000  15.0000    1000.0000   4622335.9024    278960.9990   4836741.7554
131550  270.0000  15.0000    1000.0000   4622335.9024    278960.9990   4836741.7554
132050  270.0000  15.0000    1000.0000   4622335.9024    278960.9990   4836741.7554
132550  270.0000  15.0000    1000.0000   4622335.9024    278960.9990   4836741.7554
133050  270.0000  15.0000    1000.0000   4622335.9024    278960.9990   4836741.7554
133550  270.0000  15.0000    1000.0000   4622335.9024    278960.9990   4836741.7554
134050  270.0000  15.0000    1000.0000   4622335.9024    278960.9990   4836741.7554
134550  270.0000  15.0000    1000.0000   4622335.9024    278960.9990   4836741.7554
135050  270.0000  15.0000    1000.0000   4622335.9024    278960.9990   4836741.7554
135550  270.0000  15.0000    1000.0000   4622335.9024    278960.9990   4836741.7554
140050  270.0000  15.0000    1000.0000   4622335.9024    278960.9990   4836741.7554
140550  270.0000  15.0000    1000.0000   4622335.9024    278960.9990   4836741.7554
141050  270.0000  15.0000    1000.0000   4622335.9024    278960.9990   4836741.7554
141550  270.0000  15.0000    1000.0000   4622335.9024    278960.9990   4836741.7554
142050  270.0000  15.0000    1000.0000   4622335.9024    278960.9990   4836741.7554
142550  270.0000  15.0000    1000.0000   4622335.9024    278960.9990   4836741.7554
143050  270.0000  15.0000    1000.0000   4622335.9024    278960.9990   4836741.7554
143550  270.0000  15.0000    1000.0000   4622335.9024    278960.9990   4836741.7554
144050  270.0000  15.0000    1000.0000   4622335.9024    278960.9990   4836741.7554
144550  270.0000  15.0000    1000.0000   4622335.9024    278960.9990   4836741.7554
145050  270.0000  15.0000    1000.0000   4622335.9024    278960.9990   4836741.7554
145550  270.0000  15.0000    1000.0000   4622335.9024    278960.9990   4836741.7554
150050  270.0000  15.0000    1000.0000   4622335.9024    278960.9990   4836741.7554
150550  270.0000  15.0000    1000.0000   4622335.9024    278960.9990   4836741.7554
151050  270.0000  15.0000    1000.0000   4622335.9024    278960.9990   4836741.7554
151550  270.0000  15.0000    1000.0000   4622335.9024    278960.9990   4836741.7554
152050  270.0000  15.0000    1000.0000   4622335.9024    278960.9990   4836741.7554
152550  270.0000  15.0000    1000.0000   4622335.9024    278960.9990   4836741.7554
153050  270.0000  15.0000    1000.0000   4622335.9024    278960.9990   4836741.7554
153550  270.0000  15.0000    1000.0000   4622335.9024    278960.9990   4836741.7554
154050  270.0000  15.0000    1000.0000   4622335.9024    278960.9990   4836741.7554
154550  270.0000  15.0000    1000.0000   4622335.9024    278960.9990   4836741.7554
155050  270.0000  15.0000    1000.0000   4622335.9024    278960.9990   4836741.7554
155550  270.0000  15.0000    1000.0000   4622335.9024    278960.9990   4836741.7554
160050  270.0000  15.0000    1000.0000   4622335.9024    278960.9990   4836741.7554
160550  270.0000  15.0000    1000.0000   4622335.9024    278960.9990   4836741.7554
161050  270.0000  15.0000    1000.0000   4622335.9024    278960.9990   4836741.7554
161550  270.0000  15.0000    1000.0000   4622335.9024    278960.9990   4836741.7554
162050  270.0000  15.0000    1000.0000   4622335.9024    278960.9990   4836741.7554
162550  270.0000  15.0000    1000.0000   4622335.9024    278960.9990   4836741.7554
163050  270.0000  15.0000    1000.0000   4622335.9024    278960.9990   4836741.7554
163550  270.0000  15.0000    1000.0000   4622335.9024    278960.9990   4836741.7554
164050  270.0000  15.0000    1000.0000   4622335.9024    278960.9990   4836741.7554
164550  270.0000  15.0000    1000.0000   4622335.9024    278960.9990   4836741.7554
165050  270.0000  15.0000    1000.0000   4622335.9024    278960.9990   4836741.7554
165550  270.0000  15.0000    1000.0000   4622335.9024    278960.9990   4836741.7554
170050  270.0000  15.0000    1000.0000   4622335.9024    278960.9990   4836741.7554
170550  270.0000  15.0000    1000.0000   4622335.9024    278960.9990   4836741.7554
171050  270.0000  15.0000    1000.0000   4622335.9024    278960.9990   4836741.7554
171550  270.0000  15.0000    1000.0000   4622335.9024    278960.9990   4836741.7554
172050  270.0000  15.0000    1000.0000   4622335.9024    278960.9990   4836741.7554
172550  270.0000  15.0000    1000.0000   4622335.9024    278960.9990   4836741.7554
173050  270.0000  15.0000    1000.0000   4622335.9024    278960.9990   4836741.7554
173550  270.0000  15.0000    1000.0000   4622335.9024    278960.9990   4836741.7554
174050  270.0000  15.0000    1000.0000   4622335.9024    278960.9990   4836741.7554
174550  270.0000  15.0000    1000.0000   4622335.9024    278960.9990   4836741.7554
175050  270.0000  15.0000    1000.0000   4622335.9024    278960.9990   4836741.7554
175550  270.0000  15.0000    1000.0000   4622335.9024    278960.9990   4836741.7554
180050  270.0000  15.0000    1000.0000   4622335.9024    278960.9990   4836741.7554
180550  270.0000  15.0000    1000.0000   4622335.9024    278960.9990   4836741.7554
181050  270.0000  15.0000    1000.0000   4622335.9024    278960.9990   4836741.7554
181550  270.0000  15.0000    1000.0000   4622335.9024    278960.9990   4836741.7554
182050  270.0000  15.0000    1000.0000   4622335.9024    278960.9990   4836741.7554
182550  270.0000  15.0000    1000.0000   4622335.9024    278960.9990   4836741.7554
183050  270.0000  15.0000    1000.0000   4622335.9024    278960.9990   4836741.7554
183550  270.0000  15.0000    1000.0000   4622335.9024    278960.9990   4836741.7554
184050  270.0000  15.0000    1000.0000   4622335.9024    278960.9990   4836741.7554
184550  270.0000  15.0000    1000.0000   4622335.9024    278960.9990   4836741.7554
185050  270.0000  15.0000    1000.0000   4622335.9024    278960.9990   4836741.7554
185550  270.0000  15.0000    1000.0000   4622335.9024    278960.9990   4836741.7554
190050  270.0000  15.0000    1000.0000   4622335.9024    278960.9990   4836741.7554
190550  270.0000  15.0000    1000.0000   4622335.9024    278960.9990   4836741.7554
191050  270.0000  15.0000    1000.0000   4622335.9024    278960.9990   4836741.7554
191550  270.0000  15.0000    1000.0000   4622335.9024    278960.9990   4836741.7554
192050  270.0000  15.0000    1000.0000   4622335.9024    278960.9990   4836741.7554
192550  270.0000  15.0000    1000.0000   4622335.9024    278960.9990   4836741.7554
193050  270.0000  15.0000    1000.0000   4622335.9024    278960.9990   4836741.7554
193550  270.0000  15.0000    1000.0000   4622335.9024    278960.9990   4836741.7554
194050  270.0000  15.0000    1000.0000   4622335.9024    278960.9990   4836741.7554
194550  270.0000  15.0000    1000.0000   4622335.9024    278960.9990   4836741.7554
195050  270.0000  15.0000    1000.0000   4622335.9024    278960.9990   4836741.7554
195550  270.0000  15.0000    1000.0000   4622335.9024    278960.9990   4836741.7554
200050  270.0000  15.0000    1000.0000   4622335.9024    278960.9990   4836741.7554
200550  270.0000  15.0000    1000.0000   4622335.9024    278960.9990   4836741.7554
201050  270.0000  15.0000    1000.0000   4622335.9024    278960.9990   4836741.7554
