X4712711 R_PNT     RP_TEST 1808 0000000  270 30.0 2025 127 115550 300 100   0   0 1     -1
115550  270.0000  30.0000    1000.0000   4753958.6687    419114.1723   5013322.8495
120050  270.0000  30.0000    1000.0000   4753958.6687    419114.1723   5013322.8495
120550  270.0000  30.0000    1000.0000   4753958.6687    419114.1723   5013322.8495
121050  270.0000  30.0000    1000.0000   4753958.6687    419114.1723   5013322.8495
121550  270.0000  30.0000    1000.0000   4753958.6687    419114.1723   5013322.8495
122050  270.0000  30.0000    1000.0000   4753958.6687    419114.1723   5013322.8495
122550  270.0000  30.0000    1000.0000   4753958.6687    419114.1723   5013322.8495
123050  270.0000  30.0000    1000.0000   4753958.6687    419114.1723   5013322.8495
123550  270.0000  30.0000    1000.0000   4753958.6687    419114.1723   5013322.8495
124050  270.0000  30.0000    1000.0000   4753958.6687    419114.1723   5013322.8495
124550  270.0000  30.0000    1000.0000   4753958.6687    419114.1723   5013322.8495
125050  270.0000  30.0000    1000.0000   4753958.6687    419114.1723   5013322.8495
125550  270.0000  30.0000    1000.0000   4753958.6687    419114.1723   5013322.8495
130050  270.0000  30.0000    1000.0000   4753958.6687    419114.1723   5013322.8495
130550  270.0000  30.0000    1000.0000   4753958.6687    419114.1723   5013322.8495
131050  270.0000  30.0000    1000.0000   4753958.6687    419114.1723   5013322.8495
131550  270.0000  30.0000    1000.0000   4753958.6687    419114.1723   5013322.8495
132050  270.0000  30.0000    1000.0000   4753958.6687    419114.1723   5013322.8495
132550  270.0000  30.0000    1000.0000   4753958.6687    419114.1723   5013322.8495
133050  270.0000  30.0000    1000.0000   4753958.6687    419114.1723   5013322.8495
133550  270.0000  30.0000    1000.0000   4753958.6687    419114.1723   5013322.8495
134050  270.0000  30.0000    1000.0000   4753958.6687    419114.1723   5013322.8495
134550  270.0000  30.0000    1000.0000   4753958.6687    419114.1723   5013322.8495
135050  270.0000  30.0000    1000.0000   4753958.6687    419114.1723   5013322.8495
135550  270.0000  30.0000    1000.0000   4753958.6687    419114.1723   5013322.8495
140050  270.0000  30.0000    1000.0000   4753958.6687    419114.1723   5013322.8495
140550  270.0000  30.0000    1000.0000   4753958.6687    419114.1723   5013322.8495
141050  270.0000  30.0000    1000.0000   4753958.6687    419114.1723   5013322.8495
141550  270.0000  30.0000    1000.0000   4753958.6687    419114.1723   5013322.8495
142050  270.0000  30.0000    1000.0000   4753958.6687    419114.1723   5013322.8495
142550  270.0000  30.0000    1000.0000   4753958.6687    419114.1723   5013322.8495
143050  270.0000  30.0000    1000.0000   4753958.6687    419114.1723   5013322.8495
143550  270.0000  30.0000    1000.0000   4753958.6687    419114.1723   5013322.8495
144050  270.0000  30.0000    1000.0000   4753958.6687    419114.1723   5013322.8495
144550  270.0000  30.0000    1000.0000   4753958.6687    419114.1723   5013322.8495
145050  270.0000  30.0000    1000.0000   4753958.6687    419114.1723   5013322.8495
145550  270.0000  30.0000    1000.0000   4753958.6687    419114.1723   5013322.8495
150050  270.0000  30.0000    1000.0000   4753958.6687    419114.1723   5013322.8495
150550  270.0000  30.0000    1000.0000   4753958.6687    419114.1723   5013322.8495
151050  270.0000  30.0000    1000.0000   4753958.6687    419114.1723   5013322.8495
151550  270.0000  30.0000    1000.0000   4753958.6687    419114.1723   5013322.8495
152050  270.0000  30.0000    1000.0000   4753958.6687    419114.1723   5013322.8495
152550  270.0000  30.0000    1000.0000   4753958.6687    419114.1723   5013322.8495
153050  270.0000  30.0000    1000.0000   4753958.6687    419114.1723   5013322.8495
153550  270.0000  30.0000    1000.0000   4753958.6687    419114.1723   5013322.8495
154050  270.0000  30.0000    1000.0000   4753958.6687    419114.1723   5013322.8495
154550  270.0000  30.0000    1000.0000   4753958.6687    419114.1723   5013322.8495
155050  270.0000  30.0000    1000.0000   4753958.6687    419114.1723   5013322.8495
155550  270.0000  30.0000    1000.0000   4753958.6687    419114.1723   5013322.8495
160050  270.0000  30.0000    1000.0000   4753958.6687    419114.1723   5013322.8495
160550  270.0000  30.0000    1000.0000   4753958.6687    419114.1723   5013322.8495
161050  270.0000  30.0000    1000.0000   4753958.6687    419114.1723   5013322.8495
161550  270.0000  30.0000    1000.0000   4753958.6687    419114.1723   5013322.8495
162050  270.0000  30.0000    1000.0000   4753958.6687    419114.1723   5013322.8495
162550  270.0000  30.0000    1000.0000   4753958.6687    419114.1723   5013322.8495
163050  270.0000  30.0000    1000.0000   4753958.6687    419114.1723   5013322.8495
163550  270.0000  30.0000    1000.0000   4753958.6687    419114.1723   5013322.8495
164050  270.0000  30.0000    1000.0000   4753958.6687    419114.1723   5013322.8495
164550  270.0000  30.0000    1000.0000   4753958.6687    419114.1723   5013322.8495
165050  270.0000  30.0000    1000.0000   4753958.6687    419114.1723   5013322.8495
165550  270.0000  30.0000    1000.0000   4753958.6687    419114.1723   5013322.8495
170050  270.0000  30.0000    1000.0000   4753958.6687    419114.1723   5013322.8495
170550  270.0000  30.0000    1000.0000   4753958.6687    419114.1723   5013322.8495
171050  270.0000  30.0000    1000.0000   4753958.6687    419114.1723   5013322.8495
171550  270.0000  30.0000    1000.0000   4753958.6687    419114.1723   5013322.8495
172050  270.0000  30.0000    1000.0000   4753958.6687    419114.1723   5013322.8495
172550  270.0000  30.0000    1000.0000   4753958.6687    419114.1723   5013322.8495
173050  270.0000  30.0000    1000.0000   4753958.6687    419114.1723   5013322.8495
173550  270.0000  30.0000    1000.0000   4753958.6687    419114.1723   5013322.8495
174050  270.0000  30.0000    1000.0000   4753958.6687    419114.1723   5013322.8495
174550  270.0000  30.0000    1000.0000   4753958.6687    419114.1723   5013322.8495
175050  270.0000  30.0000    1000.0000   4753958.6687    419114.1723   5013322.8495
175550  270.0000  30.0000    1000.0000   4753958.6687    419114.1723   5013322.8495
180050  270.0000  30.0000    1000.0000   4753958.6687    419114.1723   5013322.8495
180550  270.0000  30.0000    1000.0000   4753958.6687    419114.1723   5013322.8495
181050  270.0000  30.0000    1000.0000   4753958.6687    419114.1723   5013322.8495
181550  270.0000  30.0000    1000.0000   4753958.6687    419114.1723   5013322.8495
182050  270.0000  30.0000    1000.0000   4753958.6687    419114.1723   5013322.8495
182550  270.0000  30.0000    1000.0000   4753958.6687    419114.1723   5013322.8495
183050  270.0000  30.0000    1000.0000   4753958.6687    419114.1723   5013322.8495
183550  270.0000  30.0000    1000.0000   4753958.6687    419114.1723   5013322.8495
184050  270.0000  30.0000    1000.0000   4753958.6687    419114.1723   5013322.8495
184550  270.0000  30.0000    1000.0000   4753958.6687    419114.1723   5013322.8495
185050  270.0000  30.0000    1000.0000   4753958.6687    419114.1723   5013322.8495
185550  270.0000  30.0000    1000.0000   4753958.6687    419114.1723   5013322.8495
190050  270.0000  30.0000    1000.0000   4753958.6687    419114.1723   5013322.8495
190550  270.0000  30.0000    1000.0000   4753958.6687    419114.1723   5013322.8495
191050  270.0000  30.0000    1000.0000   4753958.6687    419114.1723   5013322.8495
191550  270.0000  30.0000    1000.0000   4753958.6687    419114.1723   5013322.8495
192050  270.0000  30.0000    1000.0000   4753958.6687    419114.1723   5013322.8495
192550  270.0000  30.0000    1000.0000   4753958.6687    419114.1723   5013322.8495
193050  270.0000  30.0000    1000.0000   4753958.6687    419114.1723   5013322.8495
193550  270.0000  30.0000    1000.0000   4753958.6687    419114.1723   5013322.8495
194050  270.0000  30.0000    1000.0000   4753958.6687    419114.1723   5013322.8495
194550  270.0000  30.0000    1000.0000   4753958.6687    419114.1723   5013322.8495
195050  270.0000  30.0000    1000.0000   4753958.6687    419114.1723   5013322.8495
195550  270.0000  30.0000    1000.0000   4753958.6687    419114.1723   5013322.8495
200050  270.0000  30.0000    1000.0000   4753958.6687    419114.1723   5013322.8495
200550  270.0000  30.0000    1000.0000   4753958.6687    419114.1723   5013322.8495
201050  270.0000  30.0000    1000.0000   4753958.6687    419114.1723   5013322.8495
