X4712708 R_PNT     RP_TEST 1808 0000000  270 30.0 2025 127 085341 300 100   0   0 1     -1
085341  270.0000  30.0000    1000.0000   4425768.1886   2114282.4492   4444869.6031
085841  270.0000  30.0000    1000.0000   4425768.1886   2114282.4492   4444869.6031
090341  270.0000  30.0000    1000.0000   4425768.1886   2114282.4492   4444869.6031
090841  270.0000  30.0000    1000.0000   4425768.1886   2114282.4492   4444869.6031
091341  270.0000  30.0000    1000.0000   4425768.1886   2114282.4492   4444869.6031
091841  270.0000  30.0000    1000.0000   4425768.1886   2114282.4492   4444869.6031
092341  270.0000  30.0000    1000.0000   4425768.1886   2114282.4492   4444869.6031
092841  270.0000  30.0000    1000.0000   4425768.1886   2114282.4492   4444869.6031
093341  270.0000  30.0000    1000.0000   4425768.1886   2114282.4492   4444869.6031
093841  270.0000  30.0000    1000.0000   4425768.1886   2114282.4492   4444869.6031
094341  270.0000  30.0000    1000.0000   4425768.1886   2114282.4492   4444869.6031
094841  270.0000  30.0000    1000.0000   4425768.1886   2114282.4492   4444869.6031
095341  270.0000  30.0000    1000.0000   4425768.1886   2114282.4492   4444869.6031
095841  270.0000  30.0000    1000.0000   4425768.1886   2114282.4492   4444869.6031
100341  270.0000  30.0000    1000.0000   4425768.1886   2114282.4492   4444869.6031
100841  270.0000  30.0000    1000.0000   4425768.1886   2114282.4492   4444869.6031
101341  270.0000  30.0000    1000.0000   4425768.1886   2114282.4492   4444869.6031
101841  270.0000  30.0000    1000.0000   4425768.1886   2114282.4492   4444869.6031
102341  270.0000  30.0000    1000.0000   4425768.1886   2114282.4492   4444869.6031
102841  270.0000  30.0000    1000.0000   4425768.1886   2114282.4492   4444869.6031
103341  270.0000  30.0000    1000.0000   4425768.1886   2114282.4492   4444869.6031
103841  270.0000  30.0000    1000.0000   4425768.1886   2114282.4492   4444869.6031
104341  270.0000  30.0000    1000.0000   4425768.1886   2114282.4492   4444869.6031
104841  270.0000  30.0000    1000.0000   4425768.1886   2114282.4492   4444869.6031
105341  270.0000  30.0000    1000.0000   4425768.1886   2114282.4492   4444869.6031
105841  270.0000  30.0000    1000.0000   4425768.1886   2114282.4492   4444869.6031
110341  270.0000  30.0000    1000.0000   4425768.1886   2114282.4492   4444869.6031
110841  270.0000  30.0000    1000.0000   4425768.1886   2114282.4492   4444869.6031
111341  270.0000  30.0000    1000.0000   4425768.1886   2114282.4492   4444869.6031
111841  270.0000  30.0000    1000.0000   4425768.1886   2114282.4492   4444869.6031
112341  270.0000  30.0000    1000.0000   4425768.1886   2114282.4492   4444869.6031
112841  270.0000  30.0000    1000.0000   4425768.1886   2114282.4492   4444869.6031
113341  270.0000  30.0000    1000.0000   4425768.1886   2114282.4492   4444869.6031
113841  270.0000  30.0000    1000.0000   4425768.1886   2114282.4492   4444869.6031
114341  270.0000  30.0000    1000.0000   4425768.1886   2114282.4492   4444869.6031
114841  270.0000  30.0000    1000.0000   4425768.1886   2114282.4492   4444869.6031
115341  270.0000  30.0000    1000.0000   4425768.1886   2114282.4492   4444869.6031
115841  270.0000  30.0000    1000.0000   4425768.1886   2114282.4492   4444869.6031
120341  270.0000  30.0000    1000.0000   4425768.1886   2114282.4492   4444869.6031
120841  270.0000  30.0000    1000.0000   4425768.1886   2114282.4492   4444869.6031
121341  270.0000  30.0000    1000.0000   4425768.1886   2114282.4492   4444869.6031
121841  270.0000  30.0000    1000.0000   4425768.1886   2114282.4492   4444869.6031
122341  270.0000  30.0000    1000.0000   4425768.1886   2114282.4492   4444869.6031
122841  270.0000  30.0000    1000.0000   4425768.1886   2114282.4492   4444869.6031
123341  270.0000  30.0000    1000.0000   4425768.1886   2114282.4492   4444869.6031
123841  270.0000  30.0000    1000.0000   4425768.1886   2114282.4492   4444869.6031
124341  270.0000  30.0000    1000.0000   4425768.1886   2114282.4492   4444869.6031
124841  270.0000  30.0000    1000.0000   4425768.1886   2114282.4492   4444869.6031
125341  270.0000  30.0000    1000.0000   4425768.1886   2114282.4492   4444869.6031
125841  270.0000  30.0000    1000.0000   4425768.1886   2114282.4492   4444869.6031
130341  270.0000  30.0000    1000.0000   4425768.1886   2114282.4492   4444869.6031
130841  270.0000  30.0000    1000.0000   4425768.1886   2114282.4492   4444869.6031
131341  270.0000  30.0000    1000.0000   4425768.1886   2114282.4492   4444869.6031
131841  270.0000  30.0000    1000.0000   4425768.1886   2114282.4492   4444869.6031
132341  270.0000  30.0000    1000.0000   4425768.1886   2114282.4492   4444869.6031
132841  270.0000  30.0000    1000.0000   4425768.1886   2114282.4492   4444869.6031
133341  270.0000  30.0000    1000.0000   4425768.1886   2114282.4492   4444869.6031
133841  270.0000  30.0000    1000.0000   4425768.1886   2114282.4492   4444869.6031
134341  270.0000  30.0000    1000.0000   4425768.1886   2114282.4492   4444869.6031
134841  270.0000  30.0000    1000.0000   4425768.1886   2114282.4492   4444869.6031
135341  270.0000  30.0000    1000.0000   4425768.1886   2114282.4492   4444869.6031
135841  270.0000  30.0000    1000.0000   4425768.1886   2114282.4492   4444869.6031
140341  270.0000  30.0000    1000.0000   4425768.1886   2114282.4492   4444869.6031
140841  270.0000  30.0000    1000.0000   4425768.1886   2114282.4492   4444869.6031
141341  270.0000  30.0000    1000.0000   4425768.1886   2114282.4492   4444869.6031
141841  270.0000  30.0000    1000.0000   4425768.1886   2114282.4492   4444869.6031
142341  270.0000  30.0000    1000.0000   4425768.1886   2114282.4492   4444869.6031
142841  270.0000  30.0000    1000.0000   4425768.1886   2114282.4492   4444869.6031
143341  270.0000  30.0000    1000.0000   4425768.1886   2114282.4492   4444869.6031
143841  270.0000  30.0000    1000.0000   4425768.1886   2114282.4492   4444869.6031
144341  270.0000  30.0000    1000.0000   4425768.1886   2114282.4492   4444869.6031
144841  270.0000  30.0000    1000.0000   4425768.1886   2114282.4492   4444869.6031
145341  270.0000  30.0000    1000.0000   4425768.1886   2114282.4492   4444869.6031
145841  270.0000  30.0000    1000.0000   4425768.1886   2114282.4492   4444869.6031
150341  270.0000  30.0000    1000.0000   4425768.1886   2114282.4492   4444869.6031
150841  270.0000  30.0000    1000.0000   4425768.1886   2114282.4492   4444869.6031
151341  270.0000  30.0000    1000.0000   4425768.1886   2114282.4492   4444869.6031
151841  270.0000  30.0000    1000.0000   4425768.1886   2114282.4492   4444869.6031
152341  270.0000  30.0000    1000.0000   4425768.1886   2114282.4492   4444869.6031
152841  270.0000  30.0000    1000.0000   4425768.1886   2114282.4492   4444869.6031
153341  270.0000  30.0000    1000.0000   4425768.1886   2114282.4492   4444869.6031
153841  270.0000  30.0000    1000.0000   4425768.1886   2114282.4492   4444869.6031
154341  270.0000  30.0000    1000.0000   4425768.1886   2114282.4492   4444869.6031
154841  270.0000  30.0000    1000.0000   4425768.1886   2114282.4492   4444869.6031
155341  270.0000  30.0000    1000.0000   4425768.1886   2114282.4492   4444869.6031
155841  270.0000  30.0000    1000.0000   4425768.1886   2114282.4492   4444869.6031
160341  270.0000  30.0000    1000.0000   4425768.1886   2114282.4492   4444869.6031
160841  270.0000  30.0000    1000.0000   4425768.1886   2114282.4492   4444869.6031
161341  270.0000  30.0000    1000.0000   4425768.1886   2114282.4492   4444869.6031
161841  270.0000  30.0000    1000.0000   4425768.1886   2114282.4492   4444869.6031
162341  270.0000  30.0000    1000.0000   4425768.1886   2114282.4492   4444869.6031
162841  270.0000  30.0000    1000.0000   4425768.1886   2114282.4492   4444869.6031
163341  270.0000  30.0000    1000.0000   4425768.1886   2114282.4492   4444869.6031
163841  270.0000  30.0000    1000.0000   4425768.1886   2114282.4492   4444869.6031
164341  270.0000  30.0000    1000.0000   4425768.1886   2114282.4492   4444869.6031
164841  270.0000  30.0000    1000.0000   4425768.1886   2114282.4492   4444869.6031
165341  270.0000  30.0000    1000.0000   4425768.1886   2114282.4492   4444869.6031
165841  270.0000  30.0000    1000.0000   4425768.1886   2114282.4492   4444869.6031
170341  270.0000  30.0000    1000.0000   4425768.1886   2114282.4492   4444869.6031
170841  270.0000  30.0000    1000.0000   4425768.1886   2114282.4492   4444869.6031
