X4716110 R_PNT     RP_TEST 1808 0000000  270 30.0 2025 161 102527 300 100   0   0 1     -1
102527  270.0000  30.0000    1000.0000   4753958.6687    419114.1723   5013322.8495
102707  270.0000  30.0000    1000.0000   4753958.6687    419114.1723   5013322.8495
102847  270.0000  30.0000    1000.0000   4753958.6687    419114.1723   5013322.8495
103027  270.0000  30.0000    1000.0000   4753958.6687    419114.1723   5013322.8495
103207  270.0000  30.0000    1000.0000   4753958.6687    419114.1723   5013322.8495
103347  270.0000  30.0000    1000.0000   4753958.6687    419114.1723   5013322.8495
103527  270.0000  30.0000    1000.0000   4753958.6687    419114.1723   5013322.8495
103707  270.0000  30.0000    1000.0000   4753958.6687    419114.1723   5013322.8495
103847  270.0000  30.0000    1000.0000   4753958.6687    419114.1723   5013322.8495
104027  270.0000  30.0000    1000.0000   4753958.6687    419114.1723   5013322.8495
104207  270.0000  30.0000    1000.0000   4753958.6687    419114.1723   5013322.8495
104347  270.0000  30.0000    1000.0000   4753958.6687    419114.1723   5013322.8495
104527  270.0000  30.0000    1000.0000   4753958.6687    419114.1723   5013322.8495
104707  270.0000  30.0000    1000.0000   4753958.6687    419114.1723   5013322.8495
104847  270.0000  30.0000    1000.0000   4753958.6687    419114.1723   5013322.8495
105027  270.0000  30.0000    1000.0000   4753958.6687    419114.1723   5013322.8495
105207  270.0000  30.0000    1000.0000   4753958.6687    419114.1723   5013322.8495
105347  270.0000  30.0000    1000.0000   4753958.6687    419114.1723   5013322.8495
105527  270.0000  30.0000    1000.0000   4753958.6687    419114.1723   5013322.8495
105707  270.0000  30.0000    1000.0000   4753958.6687    419114.1723   5013322.8495
105847  270.0000  30.0000    1000.0000   4753958.6687    419114.1723   5013322.8495
110027  270.0000  30.0000    1000.0000   4753958.6687    419114.1723   5013322.8495
110207  270.0000  30.0000    1000.0000   4753958.6687    419114.1723   5013322.8495
110347  270.0000  30.0000    1000.0000   4753958.6687    419114.1723   5013322.8495
110527  270.0000  30.0000    1000.0000   4753958.6687    419114.1723   5013322.8495
110707  270.0000  30.0000    1000.0000   4753958.6687    419114.1723   5013322.8495
110847  270.0000  30.0000    1000.0000   4753958.6687    419114.1723   5013322.8495
111027  270.0000  30.0000    1000.0000   4753958.6687    419114.1723   5013322.8495
111207  270.0000  30.0000    1000.0000   4753958.6687    419114.1723   5013322.8495
111347  270.0000  30.0000    1000.0000   4753958.6687    419114.1723   5013322.8495
111527  270.0000  30.0000    1000.0000   4753958.6687    419114.1723   5013322.8495
111707  270.0000  30.0000    1000.0000   4753958.6687    419114.1723   5013322.8495
111847  270.0000  30.0000    1000.0000   4753958.6687    419114.1723   5013322.8495
112027  270.0000  30.0000    1000.0000   4753958.6687    419114.1723   5013322.8495
112207  270.0000  30.0000    1000.0000   4753958.6687    419114.1723   5013322.8495
112347  270.0000  30.0000    1000.0000   4753958.6687    419114.1723   5013322.8495
112527  270.0000  30.0000    1000.0000   4753958.6687    419114.1723   5013322.8495
112707  270.0000  30.0000    1000.0000   4753958.6687    419114.1723   5013322.8495
112847  270.0000  30.0000    1000.0000   4753958.6687    419114.1723   5013322.8495
113027  270.0000  30.0000    1000.0000   4753958.6687    419114.1723   5013322.8495
113207  270.0000  30.0000    1000.0000   4753958.6687    419114.1723   5013322.8495
113347  270.0000  30.0000    1000.0000   4753958.6687    419114.1723   5013322.8495
113527  270.0000  30.0000    1000.0000   4753958.6687    419114.1723   5013322.8495
113707  270.0000  30.0000    1000.0000   4753958.6687    419114.1723   5013322.8495
113847  270.0000  30.0000    1000.0000   4753958.6687    419114.1723   5013322.8495
114027  270.0000  30.0000    1000.0000   4753958.6687    419114.1723   5013322.8495
114207  270.0000  30.0000    1000.0000   4753958.6687    419114.1723   5013322.8495
114347  270.0000  30.0000    1000.0000   4753958.6687    419114.1723   5013322.8495
114527  270.0000  30.0000    1000.0000   4753958.6687    419114.1723   5013322.8495
114707  270.0000  30.0000    1000.0000   4753958.6687    419114.1723   5013322.8495
114847  270.0000  30.0000    1000.0000   4753958.6687    419114.1723   5013322.8495
115027  270.0000  30.0000    1000.0000   4753958.6687    419114.1723   5013322.8495
115207  270.0000  30.0000    1000.0000   4753958.6687    419114.1723   5013322.8495
115347  270.0000  30.0000    1000.0000   4753958.6687    419114.1723   5013322.8495
115527  270.0000  30.0000    1000.0000   4753958.6687    419114.1723   5013322.8495
115707  270.0000  30.0000    1000.0000   4753958.6687    419114.1723   5013322.8495
115847  270.0000  30.0000    1000.0000   4753958.6687    419114.1723   5013322.8495
120027  270.0000  30.0000    1000.0000   4753958.6687    419114.1723   5013322.8495
120207  270.0000  30.0000    1000.0000   4753958.6687    419114.1723   5013322.8495
120347  270.0000  30.0000    1000.0000   4753958.6687    419114.1723   5013322.8495
120527  270.0000  30.0000    1000.0000   4753958.6687    419114.1723   5013322.8495
120707  270.0000  30.0000    1000.0000   4753958.6687    419114.1723   5013322.8495
120847  270.0000  30.0000    1000.0000   4753958.6687    419114.1723   5013322.8495
121027  270.0000  30.0000    1000.0000   4753958.6687    419114.1723   5013322.8495
121207  270.0000  30.0000    1000.0000   4753958.6687    419114.1723   5013322.8495
121347  270.0000  30.0000    1000.0000   4753958.6687    419114.1723   5013322.8495
121527  270.0000  30.0000    1000.0000   4753958.6687    419114.1723   5013322.8495
121707  270.0000  30.0000    1000.0000   4753958.6687    419114.1723   5013322.8495
121847  270.0000  30.0000    1000.0000   4753958.6687    419114.1723   5013322.8495
122027  270.0000  30.0000    1000.0000   4753958.6687    419114.1723   5013322.8495
122207  270.0000  30.0000    1000.0000   4753958.6687    419114.1723   5013322.8495
122347  270.0000  30.0000    1000.0000   4753958.6687    419114.1723   5013322.8495
122527  270.0000  30.0000    1000.0000   4753958.6687    419114.1723   5013322.8495
122707  270.0000  30.0000    1000.0000   4753958.6687    419114.1723   5013322.8495
122847  270.0000  30.0000    1000.0000   4753958.6687    419114.1723   5013322.8495
123027  270.0000  30.0000    1000.0000   4753958.6687    419114.1723   5013322.8495
123207  270.0000  30.0000    1000.0000   4753958.6687    419114.1723   5013322.8495
123347  270.0000  30.0000    1000.0000   4753958.6687    419114.1723   5013322.8495
123527  270.0000  30.0000    1000.0000   4753958.6687    419114.1723   5013322.8495
123707  270.0000  30.0000    1000.0000   4753958.6687    419114.1723   5013322.8495
123847  270.0000  30.0000    1000.0000   4753958.6687    419114.1723   5013322.8495
124027  270.0000  30.0000    1000.0000   4753958.6687    419114.1723   5013322.8495
124207  270.0000  30.0000    1000.0000   4753958.6687    419114.1723   5013322.8495
124347  270.0000  30.0000    1000.0000   4753958.6687    419114.1723   5013322.8495
124527  270.0000  30.0000    1000.0000   4753958.6687    419114.1723   5013322.8495
124707  270.0000  30.0000    1000.0000   4753958.6687    419114.1723   5013322.8495
124847  270.0000  30.0000    1000.0000   4753958.6687    419114.1723   5013322.8495
125027  270.0000  30.0000    1000.0000   4753958.6687    419114.1723   5013322.8495
125207  270.0000  30.0000    1000.0000   4753958.6687    419114.1723   5013322.8495
125347  270.0000  30.0000    1000.0000   4753958.6687    419114.1723   5013322.8495
125527  270.0000  30.0000    1000.0000   4753958.6687    419114.1723   5013322.8495
125707  270.0000  30.0000    1000.0000   4753958.6687    419114.1723   5013322.8495
125847  270.0000  30.0000    1000.0000   4753958.6687    419114.1723   5013322.8495
130027  270.0000  30.0000    1000.0000   4753958.6687    419114.1723   5013322.8495
130207  270.0000  30.0000    1000.0000   4753958.6687    419114.1723   5013322.8495
130347  270.0000  30.0000    1000.0000   4753958.6687    419114.1723   5013322.8495
130527  270.0000  30.0000    1000.0000   4753958.6687    419114.1723   5013322.8495
130707  270.0000  30.0000    1000.0000   4753958.6687    419114.1723   5013322.8495
130847  270.0000  30.0000    1000.0000   4753958.6687    419114.1723   5013322.8495
131027  270.0000  30.0000    1000.0000   4753958.6687    419114.1723   5013322.8495
