X4816110 R_PNT     RP_TEST 1808 0000000  270 45.0 2025 161 102527 300 100   0   0 1     -1
102527  270.0000  45.0000    1000.0000   4847450.2152    609941.1161   5164956.4727
102707  270.0000  45.0000    1000.0000   4847450.2152    609941.1161   5164956.4727
102847  270.0000  45.0000    1000.0000   4847450.2152    609941.1161   5164956.4727
103027  270.0000  45.0000    1000.0000   4847450.2152    609941.1161   5164956.4727
103207  270.0000  45.0000    1000.0000   4847450.2152    609941.1161   5164956.4727
103347  270.0000  45.0000    1000.0000   4847450.2152    609941.1161   5164956.4727
103527  270.0000  45.0000    1000.0000   4847450.2152    609941.1161   5164956.4727
103707  270.0000  45.0000    1000.0000   4847450.2152    609941.1161   5164956.4727
103847  270.0000  45.0000    1000.0000   4847450.2152    609941.1161   5164956.4727
104027  270.0000  45.0000    1000.0000   4847450.2152    609941.1161   5164956.4727
104207  270.0000  45.0000    1000.0000   4847450.2152    609941.1161   5164956.4727
104347  270.0000  45.0000    1000.0000   4847450.2152    609941.1161   5164956.4727
104527  270.0000  45.0000    1000.0000   4847450.2152    609941.1161   5164956.4727
104707  270.0000  45.0000    1000.0000   4847450.2152    609941.1161   5164956.4727
104847  270.0000  45.0000    1000.0000   4847450.2152    609941.1161   5164956.4727
105027  270.0000  45.0000    1000.0000   4847450.2152    609941.1161   5164956.4727
105207  270.0000  45.0000    1000.0000   4847450.2152    609941.1161   5164956.4727
105347  270.0000  45.0000    1000.0000   4847450.2152    609941.1161   5164956.4727
105527  270.0000  45.0000    1000.0000   4847450.2152    609941.1161   5164956.4727
105707  270.0000  45.0000    1000.0000   4847450.2152    609941.1161   5164956.4727
105847  270.0000  45.0000    1000.0000   4847450.2152    609941.1161   5164956.4727
110027  270.0000  45.0000    1000.0000   4847450.2152    609941.1161   5164956.4727
110207  270.0000  45.0000    1000.0000   4847450.2152    609941.1161   5164956.4727
110347  270.0000  45.0000    1000.0000   4847450.2152    609941.1161   5164956.4727
110527  270.0000  45.0000    1000.0000   4847450.2152    609941.1161   5164956.4727
110707  270.0000  45.0000    1000.0000   4847450.2152    609941.1161   5164956.4727
110847  270.0000  45.0000    1000.0000   4847450.2152    609941.1161   5164956.4727
111027  270.0000  45.0000    1000.0000   4847450.2152    609941.1161   5164956.4727
111207  270.0000  45.0000    1000.0000   4847450.2152    609941.1161   5164956.4727
111347  270.0000  45.0000    1000.0000   4847450.2152    609941.1161   5164956.4727
111527  270.0000  45.0000    1000.0000   4847450.2152    609941.1161   5164956.4727
111707  270.0000  45.0000    1000.0000   4847450.2152    609941.1161   5164956.4727
111847  270.0000  45.0000    1000.0000   4847450.2152    609941.1161   5164956.4727
112027  270.0000  45.0000    1000.0000   4847450.2152    609941.1161   5164956.4727
112207  270.0000  45.0000    1000.0000   4847450.2152    609941.1161   5164956.4727
112347  270.0000  45.0000    1000.0000   4847450.2152    609941.1161   5164956.4727
112527  270.0000  45.0000    1000.0000   4847450.2152    609941.1161   5164956.4727
112707  270.0000  45.0000    1000.0000   4847450.2152    609941.1161   5164956.4727
112847  270.0000  45.0000    1000.0000   4847450.2152    609941.1161   5164956.4727
113027  270.0000  45.0000    1000.0000   4847450.2152    609941.1161   5164956.4727
113207  270.0000  45.0000    1000.0000   4847450.2152    609941.1161   5164956.4727
113347  270.0000  45.0000    1000.0000   4847450.2152    609941.1161   5164956.4727
113527  270.0000  45.0000    1000.0000   4847450.2152    609941.1161   5164956.4727
113707  270.0000  45.0000    1000.0000   4847450.2152    609941.1161   5164956.4727
113847  270.0000  45.0000    1000.0000   4847450.2152    609941.1161   5164956.4727
114027  270.0000  45.0000    1000.0000   4847450.2152    609941.1161   5164956.4727
114207  270.0000  45.0000    1000.0000   4847450.2152    609941.1161   5164956.4727
114347  270.0000  45.0000    1000.0000   4847450.2152    609941.1161   5164956.4727
114527  270.0000  45.0000    1000.0000   4847450.2152    609941.1161   5164956.4727
114707  270.0000  45.0000    1000.0000   4847450.2152    609941.1161   5164956.4727
114847  270.0000  45.0000    1000.0000   4847450.2152    609941.1161   5164956.4727
115027  270.0000  45.0000    1000.0000   4847450.2152    609941.1161   5164956.4727
115207  270.0000  45.0000    1000.0000   4847450.2152    609941.1161   5164956.4727
115347  270.0000  45.0000    1000.0000   4847450.2152    609941.1161   5164956.4727
115527  270.0000  45.0000    1000.0000   4847450.2152    609941.1161   5164956.4727
115707  270.0000  45.0000    1000.0000   4847450.2152    609941.1161   5164956.4727
115847  270.0000  45.0000    1000.0000   4847450.2152    609941.1161   5164956.4727
120027  270.0000  45.0000    1000.0000   4847450.2152    609941.1161   5164956.4727
120207  270.0000  45.0000    1000.0000   4847450.2152    609941.1161   5164956.4727
120347  270.0000  45.0000    1000.0000   4847450.2152    609941.1161   5164956.4727
120527  270.0000  45.0000    1000.0000   4847450.2152    609941.1161   5164956.4727
120707  270.0000  45.0000    1000.0000   4847450.2152    609941.1161   5164956.4727
120847  270.0000  45.0000    1000.0000   4847450.2152    609941.1161   5164956.4727
121027  270.0000  45.0000    1000.0000   4847450.2152    609941.1161   5164956.4727
121207  270.0000  45.0000    1000.0000   4847450.2152    609941.1161   5164956.4727
121347  270.0000  45.0000    1000.0000   4847450.2152    609941.1161   5164956.4727
121527  270.0000  45.0000    1000.0000   4847450.2152    609941.1161   5164956.4727
121707  270.0000  45.0000    1000.0000   4847450.2152    609941.1161   5164956.4727
121847  270.0000  45.0000    1000.0000   4847450.2152    609941.1161   5164956.4727
122027  270.0000  45.0000    1000.0000   4847450.2152    609941.1161   5164956.4727
122207  270.0000  45.0000    1000.0000   4847450.2152    609941.1161   5164956.4727
122347  270.0000  45.0000    1000.0000   4847450.2152    609941.1161   5164956.4727
122527  270.0000  45.0000    1000.0000   4847450.2152    609941.1161   5164956.4727
122707  270.0000  45.0000    1000.0000   4847450.2152    609941.1161   5164956.4727
122847  270.0000  45.0000    1000.0000   4847450.2152    609941.1161   5164956.4727
123027  270.0000  45.0000    1000.0000   4847450.2152    609941.1161   5164956.4727
123207  270.0000  45.0000    1000.0000   4847450.2152    609941.1161   5164956.4727
123347  270.0000  45.0000    1000.0000   4847450.2152    609941.1161   5164956.4727
123527  270.0000  45.0000    1000.0000   4847450.2152    609941.1161   5164956.4727
123707  270.0000  45.0000    1000.0000   4847450.2152    609941.1161   5164956.4727
123847  270.0000  45.0000    1000.0000   4847450.2152    609941.1161   5164956.4727
124027  270.0000  45.0000    1000.0000   4847450.2152    609941.1161   5164956.4727
124207  270.0000  45.0000    1000.0000   4847450.2152    609941.1161   5164956.4727
124347  270.0000  45.0000    1000.0000   4847450.2152    609941.1161   5164956.4727
124527  270.0000  45.0000    1000.0000   4847450.2152    609941.1161   5164956.4727
124707  270.0000  45.0000    1000.0000   4847450.2152    609941.1161   5164956.4727
124847  270.0000  45.0000    1000.0000   4847450.2152    609941.1161   5164956.4727
125027  270.0000  45.0000    1000.0000   4847450.2152    609941.1161   5164956.4727
125207  270.0000  45.0000    1000.0000   4847450.2152    609941.1161   5164956.4727
125347  270.0000  45.0000    1000.0000   4847450.2152    609941.1161   5164956.4727
125527  270.0000  45.0000    1000.0000   4847450.2152    609941.1161   5164956.4727
125707  270.0000  45.0000    1000.0000   4847450.2152    609941.1161   5164956.4727
125847  270.0000  45.0000    1000.0000   4847450.2152    609941.1161   5164956.4727
130027  270.0000  45.0000    1000.0000   4847450.2152    609941.1161   5164956.4727
130207  270.0000  45.0000    1000.0000   4847450.2152    609941.1161   5164956.4727
130347  270.0000  45.0000    1000.0000   4847450.2152    609941.1161   5164956.4727
130527  270.0000  45.0000    1000.0000   4847450.2152    609941.1161   5164956.4727
130707  270.0000  45.0000    1000.0000   4847450.2152    609941.1161   5164956.4727
130847  270.0000  45.0000    1000.0000   4847450.2152    609941.1161   5164956.4727
131027  270.0000  45.0000    1000.0000   4847450.2152    609941.1161   5164956.4727
