X4812711 R_PNT     RP_TEST 1808 0000000  270 45.0 2025 127 115550 300 100   0   0 1     -1
115550  270.0000  45.0000    1000.0000   4847450.2152    609941.1161   5164956.4727
120050  270.0000  45.0000    1000.0000   4847450.2152    609941.1161   5164956.4727
120550  270.0000  45.0000    1000.0000   4847450.2152    609941.1161   5164956.4727
121050  270.0000  45.0000    1000.0000   4847450.2152    609941.1161   5164956.4727
121550  270.0000  45.0000    1000.0000   4847450.2152    609941.1161   5164956.4727
122050  270.0000  45.0000    1000.0000   4847450.2152    609941.1161   5164956.4727
122550  270.0000  45.0000    1000.0000   4847450.2152    609941.1161   5164956.4727
123050  270.0000  45.0000    1000.0000   4847450.2152    609941.1161   5164956.4727
123550  270.0000  45.0000    1000.0000   4847450.2152    609941.1161   5164956.4727
124050  270.0000  45.0000    1000.0000   4847450.2152    609941.1161   5164956.4727
124550  270.0000  45.0000    1000.0000   4847450.2152    609941.1161   5164956.4727
125050  270.0000  45.0000    1000.0000   4847450.2152    609941.1161   5164956.4727
125550  270.0000  45.0000    1000.0000   4847450.2152    609941.1161   5164956.4727
130050  270.0000  45.0000    1000.0000   4847450.2152    609941.1161   5164956.4727
130550  270.0000  45.0000    1000.0000   4847450.2152    609941.1161   5164956.4727
131050  270.0000  45.0000    1000.0000   4847450.2152    609941.1161   5164956.4727
131550  270.0000  45.0000    1000.0000   4847450.2152    609941.1161   5164956.4727
132050  270.0000  45.0000    1000.0000   4847450.2152    609941.1161   5164956.4727
132550  270.0000  45.0000    1000.0000   4847450.2152    609941.1161   5164956.4727
133050  270.0000  45.0000    1000.0000   4847450.2152    609941.1161   5164956.4727
133550  270.0000  45.0000    1000.0000   4847450.2152    609941.1161   5164956.4727
134050  270.0000  45.0000    1000.0000   4847450.2152    609941.1161   5164956.4727
134550  270.0000  45.0000    1000.0000   4847450.2152    609941.1161   5164956.4727
135050  270.0000  45.0000    1000.0000   4847450.2152    609941.1161   5164956.4727
135550  270.0000  45.0000    1000.0000   4847450.2152    609941.1161   5164956.4727
140050  270.0000  45.0000    1000.0000   4847450.2152    609941.1161   5164956.4727
140550  270.0000  45.0000    1000.0000   4847450.2152    609941.1161   5164956.4727
141050  270.0000  45.0000    1000.0000   4847450.2152    609941.1161   5164956.4727
141550  270.0000  45.0000    1000.0000   4847450.2152    609941.1161   5164956.4727
142050  270.0000  45.0000    1000.0000   4847450.2152    609941.1161   5164956.4727
142550  270.0000  45.0000    1000.0000   4847450.2152    609941.1161   5164956.4727
143050  270.0000  45.0000    1000.0000   4847450.2152    609941.1161   5164956.4727
143550  270.0000  45.0000    1000.0000   4847450.2152    609941.1161   5164956.4727
144050  270.0000  45.0000    1000.0000   4847450.2152    609941.1161   5164956.4727
144550  270.0000  45.0000    1000.0000   4847450.2152    609941.1161   5164956.4727
145050  270.0000  45.0000    1000.0000   4847450.2152    609941.1161   5164956.4727
145550  270.0000  45.0000    1000.0000   4847450.2152    609941.1161   5164956.4727
150050  270.0000  45.0000    1000.0000   4847450.2152    609941.1161   5164956.4727
150550  270.0000  45.0000    1000.0000   4847450.2152    609941.1161   5164956.4727
151050  270.0000  45.0000    1000.0000   4847450.2152    609941.1161   5164956.4727
151550  270.0000  45.0000    1000.0000   4847450.2152    609941.1161   5164956.4727
152050  270.0000  45.0000    1000.0000   4847450.2152    609941.1161   5164956.4727
152550  270.0000  45.0000    1000.0000   4847450.2152    609941.1161   5164956.4727
153050  270.0000  45.0000    1000.0000   4847450.2152    609941.1161   5164956.4727
153550  270.0000  45.0000    1000.0000   4847450.2152    609941.1161   5164956.4727
154050  270.0000  45.0000    1000.0000   4847450.2152    609941.1161   5164956.4727
154550  270.0000  45.0000    1000.0000   4847450.2152    609941.1161   5164956.4727
155050  270.0000  45.0000    1000.0000   4847450.2152    609941.1161   5164956.4727
155550  270.0000  45.0000    1000.0000   4847450.2152    609941.1161   5164956.4727
160050  270.0000  45.0000    1000.0000   4847450.2152    609941.1161   5164956.4727
160550  270.0000  45.0000    1000.0000   4847450.2152    609941.1161   5164956.4727
161050  270.0000  45.0000    1000.0000   4847450.2152    609941.1161   5164956.4727
161550  270.0000  45.0000    1000.0000   4847450.2152    609941.1161   5164956.4727
162050  270.0000  45.0000    1000.0000   4847450.2152    609941.1161   5164956.4727
162550  270.0000  45.0000    1000.0000   4847450.2152    609941.1161   5164956.4727
163050  270.0000  45.0000    1000.0000   4847450.2152    609941.1161   5164956.4727
163550  270.0000  45.0000    1000.0000   4847450.2152    609941.1161   5164956.4727
164050  270.0000  45.0000    1000.0000   4847450.2152    609941.1161   5164956.4727
164550  270.0000  45.0000    1000.0000   4847450.2152    609941.1161   5164956.4727
165050  270.0000  45.0000    1000.0000   4847450.2152    609941.1161   5164956.4727
165550  270.0000  45.0000    1000.0000   4847450.2152    609941.1161   5164956.4727
170050  270.0000  45.0000    1000.0000   4847450.2152    609941.1161   5164956.4727
170550  270.0000  45.0000    1000.0000   4847450.2152    609941.1161   5164956.4727
171050  270.0000  45.0000    1000.0000   4847450.2152    609941.1161   5164956.4727
171550  270.0000  45.0000    1000.0000   4847450.2152    609941.1161   5164956.4727
172050  270.0000  45.0000    1000.0000   4847450.2152    609941.1161   5164956.4727
172550  270.0000  45.0000    1000.0000   4847450.2152    609941.1161   5164956.4727
173050  270.0000  45.0000    1000.0000   4847450.2152    609941.1161   5164956.4727
173550  270.0000  45.0000    1000.0000   4847450.2152    609941.1161   5164956.4727
174050  270.0000  45.0000    1000.0000   4847450.2152    609941.1161   5164956.4727
174550  270.0000  45.0000    1000.0000   4847450.2152    609941.1161   5164956.4727
175050  270.0000  45.0000    1000.0000   4847450.2152    609941.1161   5164956.4727
175550  270.0000  45.0000    1000.0000   4847450.2152    609941.1161   5164956.4727
180050  270.0000  45.0000    1000.0000   4847450.2152    609941.1161   5164956.4727
180550  270.0000  45.0000    1000.0000   4847450.2152    609941.1161   5164956.4727
181050  270.0000  45.0000    1000.0000   4847450.2152    609941.1161   5164956.4727
181550  270.0000  45.0000    1000.0000   4847450.2152    609941.1161   5164956.4727
182050  270.0000  45.0000    1000.0000   4847450.2152    609941.1161   5164956.4727
182550  270.0000  45.0000    1000.0000   4847450.2152    609941.1161   5164956.4727
183050  270.0000  45.0000    1000.0000   4847450.2152    609941.1161   5164956.4727
183550  270.0000  45.0000    1000.0000   4847450.2152    609941.1161   5164956.4727
184050  270.0000  45.0000    1000.0000   4847450.2152    609941.1161   5164956.4727
184550  270.0000  45.0000    1000.0000   4847450.2152    609941.1161   5164956.4727
185050  270.0000  45.0000    1000.0000   4847450.2152    609941.1161   5164956.4727
185550  270.0000  45.0000    1000.0000   4847450.2152    609941.1161   5164956.4727
190050  270.0000  45.0000    1000.0000   4847450.2152    609941.1161   5164956.4727
190550  270.0000  45.0000    1000.0000   4847450.2152    609941.1161   5164956.4727
191050  270.0000  45.0000    1000.0000   4847450.2152    609941.1161   5164956.4727
191550  270.0000  45.0000    1000.0000   4847450.2152    609941.1161   5164956.4727
192050  270.0000  45.0000    1000.0000   4847450.2152    609941.1161   5164956.4727
192550  270.0000  45.0000    1000.0000   4847450.2152    609941.1161   5164956.4727
193050  270.0000  45.0000    1000.0000   4847450.2152    609941.1161   5164956.4727
193550  270.0000  45.0000    1000.0000   4847450.2152    609941.1161   5164956.4727
194050  270.0000  45.0000    1000.0000   4847450.2152    609941.1161   5164956.4727
194550  270.0000  45.0000    1000.0000   4847450.2152    609941.1161   5164956.4727
195050  270.0000  45.0000    1000.0000   4847450.2152    609941.1161   5164956.4727
195550  270.0000  45.0000    1000.0000   4847450.2152    609941.1161   5164956.4727
200050  270.0000  45.0000    1000.0000   4847450.2152    609941.1161   5164956.4727
200550  270.0000  45.0000    1000.0000   4847450.2152    609941.1161   5164956.4727
201050  270.0000  45.0000    1000.0000   4847450.2152    609941.1161   5164956.4727
