X4812708 R_PNT     RP_TEST 1808 0000000  270 45.0 2025 127 085341 300 100   0   0 1     -1
085341  270.0000  45.0000    1000.0000   4383316.9418   2143226.9342   4700815.8002
085841  270.0000  45.0000    1000.0000   4383316.9418   2143226.9342   4700815.8002
090341  270.0000  45.0000    1000.0000   4383316.9418   2143226.9342   4700815.8002
090841  270.0000  45.0000    1000.0000   4383316.9418   2143226.9342   4700815.8002
091341  270.0000  45.0000    1000.0000   4383316.9418   2143226.9342   4700815.8002
091841  270.0000  45.0000    1000.0000   4383316.9418   2143226.9342   4700815.8002
092341  270.0000  45.0000    1000.0000   4383316.9418   2143226.9342   4700815.8002
092841  270.0000  45.0000    1000.0000   4383316.9418   2143226.9342   4700815.8002
093341  270.0000  45.0000    1000.0000   4383316.9418   2143226.9342   4700815.8002
093841  270.0000  45.0000    1000.0000   4383316.9418   2143226.9342   4700815.8002
094341  270.0000  45.0000    1000.0000   4383316.9418   2143226.9342   4700815.8002
094841  270.0000  45.0000    1000.0000   4383316.9418   2143226.9342   4700815.8002
095341  270.0000  45.0000    1000.0000   4383316.9418   2143226.9342   4700815.8002
095841  270.0000  45.0000    1000.0000   4383316.9418   2143226.9342   4700815.8002
100341  270.0000  45.0000    1000.0000   4383316.9418   2143226.9342   4700815.8002
100841  270.0000  45.0000    1000.0000   4383316.9418   2143226.9342   4700815.8002
101341  270.0000  45.0000    1000.0000   4383316.9418   2143226.9342   4700815.8002
101841  270.0000  45.0000    1000.0000   4383316.9418   2143226.9342   4700815.8002
102341  270.0000  45.0000    1000.0000   4383316.9418   2143226.9342   4700815.8002
102841  270.0000  45.0000    1000.0000   4383316.9418   2143226.9342   4700815.8002
103341  270.0000  45.0000    1000.0000   4383316.9418   2143226.9342   4700815.8002
103841  270.0000  45.0000    1000.0000   4383316.9418   2143226.9342   4700815.8002
104341  270.0000  45.0000    1000.0000   4383316.9418   2143226.9342   4700815.8002
104841  270.0000  45.0000    1000.0000   4383316.9418   2143226.9342   4700815.8002
105341  270.0000  45.0000    1000.0000   4383316.9418   2143226.9342   4700815.8002
105841  270.0000  45.0000    1000.0000   4383316.9418   2143226.9342   4700815.8002
110341  270.0000  45.0000    1000.0000   4383316.9418   2143226.9342   4700815.8002
110841  270.0000  45.0000    1000.0000   4383316.9418   2143226.9342   4700815.8002
111341  270.0000  45.0000    1000.0000   4383316.9418   2143226.9342   4700815.8002
111841  270.0000  45.0000    1000.0000   4383316.9418   2143226.9342   4700815.8002
112341  270.0000  45.0000    1000.0000   4383316.9418   2143226.9342   4700815.8002
112841  270.0000  45.0000    1000.0000   4383316.9418   2143226.9342   4700815.8002
113341  270.0000  45.0000    1000.0000   4383316.9418   2143226.9342   4700815.8002
113841  270.0000  45.0000    1000.0000   4383316.9418   2143226.9342   4700815.8002
114341  270.0000  45.0000    1000.0000   4383316.9418   2143226.9342   4700815.8002
114841  270.0000  45.0000    1000.0000   4383316.9418   2143226.9342   4700815.8002
115341  270.0000  45.0000    1000.0000   4383316.9418   2143226.9342   4700815.8002
115841  270.0000  45.0000    1000.0000   4383316.9418   2143226.9342   4700815.8002
120341  270.0000  45.0000    1000.0000   4383316.9418   2143226.9342   4700815.8002
120841  270.0000  45.0000    1000.0000   4383316.9418   2143226.9342   4700815.8002
121341  270.0000  45.0000    1000.0000   4383316.9418   2143226.9342   4700815.8002
121841  270.0000  45.0000    1000.0000   4383316.9418   2143226.9342   4700815.8002
122341  270.0000  45.0000    1000.0000   4383316.9418   2143226.9342   4700815.8002
122841  270.0000  45.0000    1000.0000   4383316.9418   2143226.9342   4700815.8002
123341  270.0000  45.0000    1000.0000   4383316.9418   2143226.9342   4700815.8002
123841  270.0000  45.0000    1000.0000   4383316.9418   2143226.9342   4700815.8002
124341  270.0000  45.0000    1000.0000   4383316.9418   2143226.9342   4700815.8002
124841  270.0000  45.0000    1000.0000   4383316.9418   2143226.9342   4700815.8002
125341  270.0000  45.0000    1000.0000   4383316.9418   2143226.9342   4700815.8002
125841  270.0000  45.0000    1000.0000   4383316.9418   2143226.9342   4700815.8002
130341  270.0000  45.0000    1000.0000   4383316.9418   2143226.9342   4700815.8002
130841  270.0000  45.0000    1000.0000   4383316.9418   2143226.9342   4700815.8002
131341  270.0000  45.0000    1000.0000   4383316.9418   2143226.9342   4700815.8002
131841  270.0000  45.0000    1000.0000   4383316.9418   2143226.9342   4700815.8002
132341  270.0000  45.0000    1000.0000   4383316.9418   2143226.9342   4700815.8002
132841  270.0000  45.0000    1000.0000   4383316.9418   2143226.9342   4700815.8002
133341  270.0000  45.0000    1000.0000   4383316.9418   2143226.9342   4700815.8002
133841  270.0000  45.0000    1000.0000   4383316.9418   2143226.9342   4700815.8002
134341  270.0000  45.0000    1000.0000   4383316.9418   2143226.9342   4700815.8002
134841  270.0000  45.0000    1000.0000   4383316.9418   2143226.9342   4700815.8002
135341  270.0000  45.0000    1000.0000   4383316.9418   2143226.9342   4700815.8002
135841  270.0000  45.0000    1000.0000   4383316.9418   2143226.9342   4700815.8002
140341  270.0000  45.0000    1000.0000   4383316.9418   2143226.9342   4700815.8002
140841  270.0000  45.0000    1000.0000   4383316.9418   2143226.9342   4700815.8002
141341  270.0000  45.0000    1000.0000   4383316.9418   2143226.9342   4700815.8002
141841  270.0000  45.0000    1000.0000   4383316.9418   2143226.9342   4700815.8002
142341  270.0000  45.0000    1000.0000   4383316.9418   2143226.9342   4700815.8002
142841  270.0000  45.0000    1000.0000   4383316.9418   2143226.9342   4700815.8002
143341  270.0000  45.0000    1000.0000   4383316.9418   2143226.9342   4700815.8002
143841  270.0000  45.0000    1000.0000   4383316.9418   2143226.9342   4700815.8002
144341  270.0000  45.0000    1000.0000   4383316.9418   2143226.9342   4700815.8002
144841  270.0000  45.0000    1000.0000   4383316.9418   2143226.9342   4700815.8002
145341  270.0000  45.0000    1000.0000   4383316.9418   2143226.9342   4700815.8002
145841  270.0000  45.0000    1000.0000   4383316.9418   2143226.9342   4700815.8002
150341  270.0000  45.0000    1000.0000   4383316.9418   2143226.9342   4700815.8002
150841  270.0000  45.0000    1000.0000   4383316.9418   2143226.9342   4700815.8002
151341  270.0000  45.0000    1000.0000   4383316.9418   2143226.9342   4700815.8002
151841  270.0000  45.0000    1000.0000   4383316.9418   2143226.9342   4700815.8002
152341  270.0000  45.0000    1000.0000   4383316.9418   2143226.9342   4700815.8002
152841  270.0000  45.0000    1000.0000   4383316.9418   2143226.9342   4700815.8002
153341  270.0000  45.0000    1000.0000   4383316.9418   2143226.9342   4700815.8002
153841  270.0000  45.0000    1000.0000   4383316.9418   2143226.9342   4700815.8002
154341  270.0000  45.0000    1000.0000   4383316.9418   2143226.9342   4700815.8002
154841  270.0000  45.0000    1000.0000   4383316.9418   2143226.9342   4700815.8002
155341  270.0000  45.0000    1000.0000   4383316.9418   2143226.9342   4700815.8002
155841  270.0000  45.0000    1000.0000   4383316.9418   2143226.9342   4700815.8002
160341  270.0000  45.0000    1000.0000   4383316.9418   2143226.9342   4700815.8002
160841  270.0000  45.0000    1000.0000   4383316.9418   2143226.9342   4700815.8002
161341  270.0000  45.0000    1000.0000   4383316.9418   2143226.9342   4700815.8002
161841  270.0000  45.0000    1000.0000   4383316.9418   2143226.9342   4700815.8002
162341  270.0000  45.0000    1000.0000   4383316.9418   2143226.9342   4700815.8002
162841  270.0000  45.0000    1000.0000   4383316.9418   2143226.9342   4700815.8002
163341  270.0000  45.0000    1000.0000   4383316.9418   2143226.9342   4700815.8002
163841  270.0000  45.0000    1000.0000   4383316.9418   2143226.9342   4700815.8002
164341  270.0000  45.0000    1000.0000   4383316.9418   2143226.9342   4700815.8002
164841  270.0000  45.0000    1000.0000   4383316.9418   2143226.9342   4700815.8002
165341  270.0000  45.0000    1000.0000   4383316.9418   2143226.9342   4700815.8002
165841  270.0000  45.0000    1000.0000   4383316.9418   2143226.9342   4700815.8002
170341  270.0000  45.0000    1000.0000   4383316.9418   2143226.9342   4700815.8002
170841  270.0000  45.0000    1000.0000   4383316.9418   2143226.9342   4700815.8002
