X4916110 R_PNT     RP_TEST 1808 0000000  270 60.0 2025 161 102527 300 100   0   0 1     -1
102527  270.0000  60.0000    1000.0000   4896439.2473    838437.2896   5281309.0440
102707  270.0000  60.0000    1000.0000   4896439.2473    838437.2896   5281309.0440
102847  270.0000  60.0000    1000.0000   4896439.2473    838437.2896   5281309.0440
103027  270.0000  60.0000    1000.0000   4896439.2473    838437.2896   5281309.0440
103207  270.0000  60.0000    1000.0000   4896439.2473    838437.2896   5281309.0440
103347  270.0000  60.0000    1000.0000   4896439.2473    838437.2896   5281309.0440
103527  270.0000  60.0000    1000.0000   4896439.2473    838437.2896   5281309.0440
103707  270.0000  60.0000    1000.0000   4896439.2473    838437.2896   5281309.0440
103847  270.0000  60.0000    1000.0000   4896439.2473    838437.2896   5281309.0440
104027  270.0000  60.0000    1000.0000   4896439.2473    838437.2896   5281309.0440
104207  270.0000  60.0000    1000.0000   4896439.2473    838437.2896   5281309.0440
104347  270.0000  60.0000    1000.0000   4896439.2473    838437.2896   5281309.0440
104527  270.0000  60.0000    1000.0000   4896439.2473    838437.2896   5281309.0440
104707  270.0000  60.0000    1000.0000   4896439.2473    838437.2896   5281309.0440
104847  270.0000  60.0000    1000.0000   4896439.2473    838437.2896   5281309.0440
105027  270.0000  60.0000    1000.0000   4896439.2473    838437.2896   5281309.0440
105207  270.0000  60.0000    1000.0000   4896439.2473    838437.2896   5281309.0440
105347  270.0000  60.0000    1000.0000   4896439.2473    838437.2896   5281309.0440
105527  270.0000  60.0000    1000.0000   4896439.2473    838437.2896   5281309.0440
105707  270.0000  60.0000    1000.0000   4896439.2473    838437.2896   5281309.0440
105847  270.0000  60.0000    1000.0000   4896439.2473    838437.2896   5281309.0440
110027  270.0000  60.0000    1000.0000   4896439.2473    838437.2896   5281309.0440
110207  270.0000  60.0000    1000.0000   4896439.2473    838437.2896   5281309.0440
110347  270.0000  60.0000    1000.0000   4896439.2473    838437.2896   5281309.0440
110527  270.0000  60.0000    1000.0000   4896439.2473    838437.2896   5281309.0440
110707  270.0000  60.0000    1000.0000   4896439.2473    838437.2896   5281309.0440
110847  270.0000  60.0000    1000.0000   4896439.2473    838437.2896   5281309.0440
111027  270.0000  60.0000    1000.0000   4896439.2473    838437.2896   5281309.0440
111207  270.0000  60.0000    1000.0000   4896439.2473    838437.2896   5281309.0440
111347  270.0000  60.0000    1000.0000   4896439.2473    838437.2896   5281309.0440
111527  270.0000  60.0000    1000.0000   4896439.2473    838437.2896   5281309.0440
111707  270.0000  60.0000    1000.0000   4896439.2473    838437.2896   5281309.0440
111847  270.0000  60.0000    1000.0000   4896439.2473    838437.2896   5281309.0440
112027  270.0000  60.0000    1000.0000   4896439.2473    838437.2896   5281309.0440
112207  270.0000  60.0000    1000.0000   4896439.2473    838437.2896   5281309.0440
112347  270.0000  60.0000    1000.0000   4896439.2473    838437.2896   5281309.0440
112527  270.0000  60.0000    1000.0000   4896439.2473    838437.2896   5281309.0440
112707  270.0000  60.0000    1000.0000   4896439.2473    838437.2896   5281309.0440
112847  270.0000  60.0000    1000.0000   4896439.2473    838437.2896   5281309.0440
113027  270.0000  60.0000    1000.0000   4896439.2473    838437.2896   5281309.0440
113207  270.0000  60.0000    1000.0000   4896439.2473    838437.2896   5281309.0440
113347  270.0000  60.0000    1000.0000   4896439.2473    838437.2896   5281309.0440
113527  270.0000  60.0000    1000.0000   4896439.2473    838437.2896   5281309.0440
113707  270.0000  60.0000    1000.0000   4896439.2473    838437.2896   5281309.0440
113847  270.0000  60.0000    1000.0000   4896439.2473    838437.2896   5281309.0440
114027  270.0000  60.0000    1000.0000   4896439.2473    838437.2896   5281309.0440
114207  270.0000  60.0000    1000.0000   4896439.2473    838437.2896   5281309.0440
114347  270.0000  60.0000    1000.0000   4896439.2473    838437.2896   5281309.0440
114527  270.0000  60.0000    1000.0000   4896439.2473    838437.2896   5281309.0440
114707  270.0000  60.0000    1000.0000   4896439.2473    838437.2896   5281309.0440
114847  270.0000  60.0000    1000.0000   4896439.2473    838437.2896   5281309.0440
115027  270.0000  60.0000    1000.0000   4896439.2473    838437.2896   5281309.0440
115207  270.0000  60.0000    1000.0000   4896439.2473    838437.2896   5281309.0440
115347  270.0000  60.0000    1000.0000   4896439.2473    838437.2896   5281309.0440
115527  270.0000  60.0000    1000.0000   4896439.2473    838437.2896   5281309.0440
115707  270.0000  60.0000    1000.0000   4896439.2473    838437.2896   5281309.0440
115847  270.0000  60.0000    1000.0000   4896439.2473    838437.2896   5281309.0440
120027  270.0000  60.0000    1000.0000   4896439.2473    838437.2896   5281309.0440
120207  270.0000  60.0000    1000.0000   4896439.2473    838437.2896   5281309.0440
120347  270.0000  60.0000    1000.0000   4896439.2473    838437.2896   5281309.0440
120527  270.0000  60.0000    1000.0000   4896439.2473    838437.2896   5281309.0440
120707  270.0000  60.0000    1000.0000   4896439.2473    838437.2896   5281309.0440
120847  270.0000  60.0000    1000.0000   4896439.2473    838437.2896   5281309.0440
121027  270.0000  60.0000    1000.0000   4896439.2473    838437.2896   5281309.0440
121207  270.0000  60.0000    1000.0000   4896439.2473    838437.2896   5281309.0440
121347  270.0000  60.0000    1000.0000   4896439.2473    838437.2896   5281309.0440
121527  270.0000  60.0000    1000.0000   4896439.2473    838437.2896   5281309.0440
121707  270.0000  60.0000    1000.0000   4896439.2473    838437.2896   5281309.0440
121847  270.0000  60.0000    1000.0000   4896439.2473    838437.2896   5281309.0440
122027  270.0000  60.0000    1000.0000   4896439.2473    838437.2896   5281309.0440
122207  270.0000  60.0000    1000.0000   4896439.2473    838437.2896   5281309.0440
122347  270.0000  60.0000    1000.0000   4896439.2473    838437.2896   5281309.0440
122527  270.0000  60.0000    1000.0000   4896439.2473    838437.2896   5281309.0440
122707  270.0000  60.0000    1000.0000   4896439.2473    838437.2896   5281309.0440
122847  270.0000  60.0000    1000.0000   4896439.2473    838437.2896   5281309.0440
123027  270.0000  60.0000    1000.0000   4896439.2473    838437.2896   5281309.0440
123207  270.0000  60.0000    1000.0000   4896439.2473    838437.2896   5281309.0440
123347  270.0000  60.0000    1000.0000   4896439.2473    838437.2896   5281309.0440
123527  270.0000  60.0000    1000.0000   4896439.2473    838437.2896   5281309.0440
123707  270.0000  60.0000    1000.0000   4896439.2473    838437.2896   5281309.0440
123847  270.0000  60.0000    1000.0000   4896439.2473    838437.2896   5281309.0440
124027  270.0000  60.0000    1000.0000   4896439.2473    838437.2896   5281309.0440
124207  270.0000  60.0000    1000.0000   4896439.2473    838437.2896   5281309.0440
124347  270.0000  60.0000    1000.0000   4896439.2473    838437.2896   5281309.0440
124527  270.0000  60.0000    1000.0000   4896439.2473    838437.2896   5281309.0440
124707  270.0000  60.0000    1000.0000   4896439.2473    838437.2896   5281309.0440
124847  270.0000  60.0000    1000.0000   4896439.2473    838437.2896   5281309.0440
125027  270.0000  60.0000    1000.0000   4896439.2473    838437.2896   5281309.0440
125207  270.0000  60.0000    1000.0000   4896439.2473    838437.2896   5281309.0440
125347  270.0000  60.0000    1000.0000   4896439.2473    838437.2896   5281309.0440
125527  270.0000  60.0000    1000.0000   4896439.2473    838437.2896   5281309.0440
125707  270.0000  60.0000    1000.0000   4896439.2473    838437.2896   5281309.0440
125847  270.0000  60.0000    1000.0000   4896439.2473    838437.2896   5281309.0440
130027  270.0000  60.0000    1000.0000   4896439.2473    838437.2896   5281309.0440
130207  270.0000  60.0000    1000.0000   4896439.2473    838437.2896   5281309.0440
130347  270.0000  60.0000    1000.0000   4896439.2473    838437.2896   5281309.0440
130527  270.0000  60.0000    1000.0000   4896439.2473    838437.2896   5281309.0440
130707  270.0000  60.0000    1000.0000   4896439.2473    838437.2896   5281309.0440
130847  270.0000  60.0000    1000.0000   4896439.2473    838437.2896   5281309.0440
131027  270.0000  60.0000    1000.0000   4896439.2473    838437.2896   5281309.0440
