X4912708 R_PNT     RP_TEST 1808 0000000  270 60.0 2025 127 085341 300 100   0   0 1     -1
085341  270.0000  60.0000    1000.0000   4327993.4000   2105349.4716   4953111.1648
085841  270.0000  60.0000    1000.0000   4327993.4000   2105349.4716   4953111.1648
090341  270.0000  60.0000    1000.0000   4327993.4000   2105349.4716   4953111.1648
090841  270.0000  60.0000    1000.0000   4327993.4000   2105349.4716   4953111.1648
091341  270.0000  60.0000    1000.0000   4327993.4000   2105349.4716   4953111.1648
091841  270.0000  60.0000    1000.0000   4327993.4000   2105349.4716   4953111.1648
092341  270.0000  60.0000    1000.0000   4327993.4000   2105349.4716   4953111.1648
092841  270.0000  60.0000    1000.0000   4327993.4000   2105349.4716   4953111.1648
093341  270.0000  60.0000    1000.0000   4327993.4000   2105349.4716   4953111.1648
093841  270.0000  60.0000    1000.0000   4327993.4000   2105349.4716   4953111.1648
094341  270.0000  60.0000    1000.0000   4327993.4000   2105349.4716   4953111.1648
094841  270.0000  60.0000    1000.0000   4327993.4000   2105349.4716   4953111.1648
095341  270.0000  60.0000    1000.0000   4327993.4000   2105349.4716   4953111.1648
095841  270.0000  60.0000    1000.0000   4327993.4000   2105349.4716   4953111.1648
100341  270.0000  60.0000    1000.0000   4327993.4000   2105349.4716   4953111.1648
100841  270.0000  60.0000    1000.0000   4327993.4000   2105349.4716   4953111.1648
101341  270.0000  60.0000    1000.0000   4327993.4000   2105349.4716   4953111.1648
101841  270.0000  60.0000    1000.0000   4327993.4000   2105349.4716   4953111.1648
102341  270.0000  60.0000    1000.0000   4327993.4000   2105349.4716   4953111.1648
102841  270.0000  60.0000    1000.0000   4327993.4000   2105349.4716   4953111.1648
103341  270.0000  60.0000    1000.0000   4327993.4000   2105349.4716   4953111.1648
103841  270.0000  60.0000    1000.0000   4327993.4000   2105349.4716   4953111.1648
104341  270.0000  60.0000    1000.0000   4327993.4000   2105349.4716   4953111.1648
104841  270.0000  60.0000    1000.0000   4327993.4000   2105349.4716   4953111.1648
105341  270.0000  60.0000    1000.0000   4327993.4000   2105349.4716   4953111.1648
105841  270.0000  60.0000    1000.0000   4327993.4000   2105349.4716   4953111.1648
110341  270.0000  60.0000    1000.0000   4327993.4000   2105349.4716   4953111.1648
110841  270.0000  60.0000    1000.0000   4327993.4000   2105349.4716   4953111.1648
111341  270.0000  60.0000    1000.0000   4327993.4000   2105349.4716   4953111.1648
111841  270.0000  60.0000    1000.0000   4327993.4000   2105349.4716   4953111.1648
112341  270.0000  60.0000    1000.0000   4327993.4000   2105349.4716   4953111.1648
112841  270.0000  60.0000    1000.0000   4327993.4000   2105349.4716   4953111.1648
113341  270.0000  60.0000    1000.0000   4327993.4000   2105349.4716   4953111.1648
113841  270.0000  60.0000    1000.0000   4327993.4000   2105349.4716   4953111.1648
114341  270.0000  60.0000    1000.0000   4327993.4000   2105349.4716   4953111.1648
114841  270.0000  60.0000    1000.0000   4327993.4000   2105349.4716   4953111.1648
115341  270.0000  60.0000    1000.0000   4327993.4000   2105349.4716   4953111.1648
115841  270.0000  60.0000    1000.0000   4327993.4000   2105349.4716   4953111.1648
120341  270.0000  60.0000    1000.0000   4327993.4000   2105349.4716   4953111.1648
120841  270.0000  60.0000    1000.0000   4327993.4000   2105349.4716   4953111.1648
121341  270.0000  60.0000    1000.0000   4327993.4000   2105349.4716   4953111.1648
121841  270.0000  60.0000    1000.0000   4327993.4000   2105349.4716   4953111.1648
122341  270.0000  60.0000    1000.0000   4327993.4000   2105349.4716   4953111.1648
122841  270.0000  60.0000    1000.0000   4327993.4000   2105349.4716   4953111.1648
123341  270.0000  60.0000    1000.0000   4327993.4000   2105349.4716   4953111.1648
123841  270.0000  60.0000    1000.0000   4327993.4000   2105349.4716   4953111.1648
124341  270.0000  60.0000    1000.0000   4327993.4000   2105349.4716   4953111.1648
124841  270.0000  60.0000    1000.0000   4327993.4000   2105349.4716   4953111.1648
125341  270.0000  60.0000    1000.0000   4327993.4000   2105349.4716   4953111.1648
125841  270.0000  60.0000    1000.0000   4327993.4000   2105349.4716   4953111.1648
130341  270.0000  60.0000    1000.0000   4327993.4000   2105349.4716   4953111.1648
130841  270.0000  60.0000    1000.0000   4327993.4000   2105349.4716   4953111.1648
131341  270.0000  60.0000    1000.0000   4327993.4000   2105349.4716   4953111.1648
131841  270.0000  60.0000    1000.0000   4327993.4000   2105349.4716   4953111.1648
132341  270.0000  60.0000    1000.0000   4327993.4000   2105349.4716   4953111.1648
132841  270.0000  60.0000    1000.0000   4327993.4000   2105349.4716   4953111.1648
133341  270.0000  60.0000    1000.0000   4327993.4000   2105349.4716   4953111.1648
133841  270.0000  60.0000    1000.0000   4327993.4000   2105349.4716   4953111.1648
134341  270.0000  60.0000    1000.0000   4327993.4000   2105349.4716   4953111.1648
134841  270.0000  60.0000    1000.0000   4327993.4000   2105349.4716   4953111.1648
135341  270.0000  60.0000    1000.0000   4327993.4000   2105349.4716   4953111.1648
135841  270.0000  60.0000    1000.0000   4327993.4000   2105349.4716   4953111.1648
140341  270.0000  60.0000    1000.0000   4327993.4000   2105349.4716   4953111.1648
140841  270.0000  60.0000    1000.0000   4327993.4000   2105349.4716   4953111.1648
141341  270.0000  60.0000    1000.0000   4327993.4000   2105349.4716   4953111.1648
141841  270.0000  60.0000    1000.0000   4327993.4000   2105349.4716   4953111.1648
142341  270.0000  60.0000    1000.0000   4327993.4000   2105349.4716   4953111.1648
142841  270.0000  60.0000    1000.0000   4327993.4000   2105349.4716   4953111.1648
143341  270.0000  60.0000    1000.0000   4327993.4000   2105349.4716   4953111.1648
143841  270.0000  60.0000    1000.0000   4327993.4000   2105349.4716   4953111.1648
144341  270.0000  60.0000    1000.0000   4327993.4000   2105349.4716   4953111.1648
144841  270.0000  60.0000    1000.0000   4327993.4000   2105349.4716   4953111.1648
145341  270.0000  60.0000    1000.0000   4327993.4000   2105349.4716   4953111.1648
145841  270.0000  60.0000    1000.0000   4327993.4000   2105349.4716   4953111.1648
150341  270.0000  60.0000    1000.0000   4327993.4000   2105349.4716   4953111.1648
150841  270.0000  60.0000    1000.0000   4327993.4000   2105349.4716   4953111.1648
151341  270.0000  60.0000    1000.0000   4327993.4000   2105349.4716   4953111.1648
151841  270.0000  60.0000    1000.0000   4327993.4000   2105349.4716   4953111.1648
152341  270.0000  60.0000    1000.0000   4327993.4000   2105349.4716   4953111.1648
152841  270.0000  60.0000    1000.0000   4327993.4000   2105349.4716   4953111.1648
153341  270.0000  60.0000    1000.0000   4327993.4000   2105349.4716   4953111.1648
153841  270.0000  60.0000    1000.0000   4327993.4000   2105349.4716   4953111.1648
154341  270.0000  60.0000    1000.0000   4327993.4000   2105349.4716   4953111.1648
154841  270.0000  60.0000    1000.0000   4327993.4000   2105349.4716   4953111.1648
155341  270.0000  60.0000    1000.0000   4327993.4000   2105349.4716   4953111.1648
155841  270.0000  60.0000    1000.0000   4327993.4000   2105349.4716   4953111.1648
160341  270.0000  60.0000    1000.0000   4327993.4000   2105349.4716   4953111.1648
160841  270.0000  60.0000    1000.0000   4327993.4000   2105349.4716   4953111.1648
161341  270.0000  60.0000    1000.0000   4327993.4000   2105349.4716   4953111.1648
161841  270.0000  60.0000    1000.0000   4327993.4000   2105349.4716   4953111.1648
162341  270.0000  60.0000    1000.0000   4327993.4000   2105349.4716   4953111.1648
162841  270.0000  60.0000    1000.0000   4327993.4000   2105349.4716   4953111.1648
163341  270.0000  60.0000    1000.0000   4327993.4000   2105349.4716   4953111.1648
163841  270.0000  60.0000    1000.0000   4327993.4000   2105349.4716   4953111.1648
164341  270.0000  60.0000    1000.0000   4327993.4000   2105349.4716   4953111.1648
164841  270.0000  60.0000    1000.0000   4327993.4000   2105349.4716   4953111.1648
165341  270.0000  60.0000    1000.0000   4327993.4000   2105349.4716   4953111.1648
165841  270.0000  60.0000    1000.0000   4327993.4000   2105349.4716   4953111.1648
170341  270.0000  60.0000    1000.0000   4327993.4000   2105349.4716   4953111.1648
170841  270.0000  60.0000    1000.0000   4327993.4000   2105349.4716   4953111.1648
