X4912711 R_PNT     RP_TEST 1808 0000000  270 60.0 2025 127 115550 300 100   0   0 1     -1
115550  270.0000  60.0000    1000.0000   4896439.2473    838437.2896   5281309.0440
120050  270.0000  60.0000    1000.0000   4896439.2473    838437.2896   5281309.0440
120550  270.0000  60.0000    1000.0000   4896439.2473    838437.2896   5281309.0440
121050  270.0000  60.0000    1000.0000   4896439.2473    838437.2896   5281309.0440
121550  270.0000  60.0000    1000.0000   4896439.2473    838437.2896   5281309.0440
122050  270.0000  60.0000    1000.0000   4896439.2473    838437.2896   5281309.0440
122550  270.0000  60.0000    1000.0000   4896439.2473    838437.2896   5281309.0440
123050  270.0000  60.0000    1000.0000   4896439.2473    838437.2896   5281309.0440
123550  270.0000  60.0000    1000.0000   4896439.2473    838437.2896   5281309.0440
124050  270.0000  60.0000    1000.0000   4896439.2473    838437.2896   5281309.0440
124550  270.0000  60.0000    1000.0000   4896439.2473    838437.2896   5281309.0440
125050  270.0000  60.0000    1000.0000   4896439.2473    838437.2896   5281309.0440
125550  270.0000  60.0000    1000.0000   4896439.2473    838437.2896   5281309.0440
130050  270.0000  60.0000    1000.0000   4896439.2473    838437.2896   5281309.0440
130550  270.0000  60.0000    1000.0000   4896439.2473    838437.2896   5281309.0440
131050  270.0000  60.0000    1000.0000   4896439.2473    838437.2896   5281309.0440
131550  270.0000  60.0000    1000.0000   4896439.2473    838437.2896   5281309.0440
132050  270.0000  60.0000    1000.0000   4896439.2473    838437.2896   5281309.0440
132550  270.0000  60.0000    1000.0000   4896439.2473    838437.2896   5281309.0440
133050  270.0000  60.0000    1000.0000   4896439.2473    838437.2896   5281309.0440
133550  270.0000  60.0000    1000.0000   4896439.2473    838437.2896   5281309.0440
134050  270.0000  60.0000    1000.0000   4896439.2473    838437.2896   5281309.0440
134550  270.0000  60.0000    1000.0000   4896439.2473    838437.2896   5281309.0440
135050  270.0000  60.0000    1000.0000   4896439.2473    838437.2896   5281309.0440
135550  270.0000  60.0000    1000.0000   4896439.2473    838437.2896   5281309.0440
140050  270.0000  60.0000    1000.0000   4896439.2473    838437.2896   5281309.0440
140550  270.0000  60.0000    1000.0000   4896439.2473    838437.2896   5281309.0440
141050  270.0000  60.0000    1000.0000   4896439.2473    838437.2896   5281309.0440
141550  270.0000  60.0000    1000.0000   4896439.2473    838437.2896   5281309.0440
142050  270.0000  60.0000    1000.0000   4896439.2473    838437.2896   5281309.0440
142550  270.0000  60.0000    1000.0000   4896439.2473    838437.2896   5281309.0440
143050  270.0000  60.0000    1000.0000   4896439.2473    838437.2896   5281309.0440
143550  270.0000  60.0000    1000.0000   4896439.2473    838437.2896   5281309.0440
144050  270.0000  60.0000    1000.0000   4896439.2473    838437.2896   5281309.0440
144550  270.0000  60.0000    1000.0000   4896439.2473    838437.2896   5281309.0440
145050  270.0000  60.0000    1000.0000   4896439.2473    838437.2896   5281309.0440
145550  270.0000  60.0000    1000.0000   4896439.2473    838437.2896   5281309.0440
150050  270.0000  60.0000    1000.0000   4896439.2473    838437.2896   5281309.0440
150550  270.0000  60.0000    1000.0000   4896439.2473    838437.2896   5281309.0440
151050  270.0000  60.0000    1000.0000   4896439.2473    838437.2896   5281309.0440
151550  270.0000  60.0000    1000.0000   4896439.2473    838437.2896   5281309.0440
152050  270.0000  60.0000    1000.0000   4896439.2473    838437.2896   5281309.0440
152550  270.0000  60.0000    1000.0000   4896439.2473    838437.2896   5281309.0440
153050  270.0000  60.0000    1000.0000   4896439.2473    838437.2896   5281309.0440
153550  270.0000  60.0000    1000.0000   4896439.2473    838437.2896   5281309.0440
154050  270.0000  60.0000    1000.0000   4896439.2473    838437.2896   5281309.0440
154550  270.0000  60.0000    1000.0000   4896439.2473    838437.2896   5281309.0440
155050  270.0000  60.0000    1000.0000   4896439.2473    838437.2896   5281309.0440
155550  270.0000  60.0000    1000.0000   4896439.2473    838437.2896   5281309.0440
160050  270.0000  60.0000    1000.0000   4896439.2473    838437.2896   5281309.0440
160550  270.0000  60.0000    1000.0000   4896439.2473    838437.2896   5281309.0440
161050  270.0000  60.0000    1000.0000   4896439.2473    838437.2896   5281309.0440
161550  270.0000  60.0000    1000.0000   4896439.2473    838437.2896   5281309.0440
162050  270.0000  60.0000    1000.0000   4896439.2473    838437.2896   5281309.0440
162550  270.0000  60.0000    1000.0000   4896439.2473    838437.2896   5281309.0440
163050  270.0000  60.0000    1000.0000   4896439.2473    838437.2896   5281309.0440
163550  270.0000  60.0000    1000.0000   4896439.2473    838437.2896   5281309.0440
164050  270.0000  60.0000    1000.0000   4896439.2473    838437.2896   5281309.0440
164550  270.0000  60.0000    1000.0000   4896439.2473    838437.2896   5281309.0440
165050  270.0000  60.0000    1000.0000   4896439.2473    838437.2896   5281309.0440
165550  270.0000  60.0000    1000.0000   4896439.2473    838437.2896   5281309.0440
170050  270.0000  60.0000    1000.0000   4896439.2473    838437.2896   5281309.0440
170550  270.0000  60.0000    1000.0000   4896439.2473    838437.2896   5281309.0440
171050  270.0000  60.0000    1000.0000   4896439.2473    838437.2896   5281309.0440
171550  270.0000  60.0000    1000.0000   4896439.2473    838437.2896   5281309.0440
172050  270.0000  60.0000    1000.0000   4896439.2473    838437.2896   5281309.0440
172550  270.0000  60.0000    1000.0000   4896439.2473    838437.2896   5281309.0440
173050  270.0000  60.0000    1000.0000   4896439.2473    838437.2896   5281309.0440
173550  270.0000  60.0000    1000.0000   4896439.2473    838437.2896   5281309.0440
174050  270.0000  60.0000    1000.0000   4896439.2473    838437.2896   5281309.0440
174550  270.0000  60.0000    1000.0000   4896439.2473    838437.2896   5281309.0440
175050  270.0000  60.0000    1000.0000   4896439.2473    838437.2896   5281309.0440
175550  270.0000  60.0000    1000.0000   4896439.2473    838437.2896   5281309.0440
180050  270.0000  60.0000    1000.0000   4896439.2473    838437.2896   5281309.0440
180550  270.0000  60.0000    1000.0000   4896439.2473    838437.2896   5281309.0440
181050  270.0000  60.0000    1000.0000   4896439.2473    838437.2896   5281309.0440
181550  270.0000  60.0000    1000.0000   4896439.2473    838437.2896   5281309.0440
182050  270.0000  60.0000    1000.0000   4896439.2473    838437.2896   5281309.0440
182550  270.0000  60.0000    1000.0000   4896439.2473    838437.2896   5281309.0440
183050  270.0000  60.0000    1000.0000   4896439.2473    838437.2896   5281309.0440
183550  270.0000  60.0000    1000.0000   4896439.2473    838437.2896   5281309.0440
184050  270.0000  60.0000    1000.0000   4896439.2473    838437.2896   5281309.0440
184550  270.0000  60.0000    1000.0000   4896439.2473    838437.2896   5281309.0440
185050  270.0000  60.0000    1000.0000   4896439.2473    838437.2896   5281309.0440
185550  270.0000  60.0000    1000.0000   4896439.2473    838437.2896   5281309.0440
190050  270.0000  60.0000    1000.0000   4896439.2473    838437.2896   5281309.0440
190550  270.0000  60.0000    1000.0000   4896439.2473    838437.2896   5281309.0440
191050  270.0000  60.0000    1000.0000   4896439.2473    838437.2896   5281309.0440
191550  270.0000  60.0000    1000.0000   4896439.2473    838437.2896   5281309.0440
192050  270.0000  60.0000    1000.0000   4896439.2473    838437.2896   5281309.0440
192550  270.0000  60.0000    1000.0000   4896439.2473    838437.2896   5281309.0440
193050  270.0000  60.0000    1000.0000   4896439.2473    838437.2896   5281309.0440
193550  270.0000  60.0000    1000.0000   4896439.2473    838437.2896   5281309.0440
194050  270.0000  60.0000    1000.0000   4896439.2473    838437.2896   5281309.0440
194550  270.0000  60.0000    1000.0000   4896439.2473    838437.2896   5281309.0440
195050  270.0000  60.0000    1000.0000   4896439.2473    838437.2896   5281309.0440
195550  270.0000  60.0000    1000.0000   4896439.2473    838437.2896   5281309.0440
200050  270.0000  60.0000    1000.0000   4896439.2473    838437.2896   5281309.0440
200550  270.0000  60.0000    1000.0000   4896439.2473    838437.2896   5281309.0440
201050  270.0000  60.0000    1000.0000   4896439.2473    838437.2896   5281309.0440
