X5012711 R_PNT     RP_TEST 1808 0000000  270 75.0 2025 127 115550 300 100   0   0 1     -1
115550  270.0000  75.0000    1000.0000   4897587.2437   1089031.0561   5354451.3281
120050  270.0000  75.0000    1000.0000   4897587.2437   1089031.0561   5354451.3281
120550  270.0000  75.0000    1000.0000   4897587.2437   1089031.0561   5354451.3281
121050  270.0000  75.0000    1000.0000   4897587.2437   1089031.0561   5354451.3281
121550  270.0000  75.0000    1000.0000   4897587.2437   1089031.0561   5354451.3281
122050  270.0000  75.0000    1000.0000   4897587.2437   1089031.0561   5354451.3281
122550  270.0000  75.0000    1000.0000   4897587.2437   1089031.0561   5354451.3281
123050  270.0000  75.0000    1000.0000   4897587.2437   1089031.0561   5354451.3281
123550  270.0000  75.0000    1000.0000   4897587.2437   1089031.0561   5354451.3281
124050  270.0000  75.0000    1000.0000   4897587.2437   1089031.0561   5354451.3281
124550  270.0000  75.0000    1000.0000   4897587.2437   1089031.0561   5354451.3281
125050  270.0000  75.0000    1000.0000   4897587.2437   1089031.0561   5354451.3281
125550  270.0000  75.0000    1000.0000   4897587.2437   1089031.0561   5354451.3281
130050  270.0000  75.0000    1000.0000   4897587.2437   1089031.0561   5354451.3281
130550  270.0000  75.0000    1000.0000   4897587.2437   1089031.0561   5354451.3281
131050  270.0000  75.0000    1000.0000   4897587.2437   1089031.0561   5354451.3281
131550  270.0000  75.0000    1000.0000   4897587.2437   1089031.0561   5354451.3281
132050  270.0000  75.0000    1000.0000   4897587.2437   1089031.0561   5354451.3281
132550  270.0000  75.0000    1000.0000   4897587.2437   1089031.0561   5354451.3281
133050  270.0000  75.0000    1000.0000   4897587.2437   1089031.0561   5354451.3281
133550  270.0000  75.0000    1000.0000   4897587.2437   1089031.0561   5354451.3281
134050  270.0000  75.0000    1000.0000   4897587.2437   1089031.0561   5354451.3281
134550  270.0000  75.0000    1000.0000   4897587.2437   1089031.0561   5354451.3281
135050  270.0000  75.0000    1000.0000   4897587.2437   1089031.0561   5354451.3281
135550  270.0000  75.0000    1000.0000   4897587.2437   1089031.0561   5354451.3281
140050  270.0000  75.0000    1000.0000   4897587.2437   1089031.0561   5354451.3281
140550  270.0000  75.0000    1000.0000   4897587.2437   1089031.0561   5354451.3281
141050  270.0000  75.0000    1000.0000   4897587.2437   1089031.0561   5354451.3281
141550  270.0000  75.0000    1000.0000   4897587.2437   1089031.0561   5354451.3281
142050  270.0000  75.0000    1000.0000   4897587.2437   1089031.0561   5354451.3281
142550  270.0000  75.0000    1000.0000   4897587.2437   1089031.0561   5354451.3281
143050  270.0000  75.0000    1000.0000   4897587.2437   1089031.0561   5354451.3281
143550  270.0000  75.0000    1000.0000   4897587.2437   1089031.0561   5354451.3281
144050  270.0000  75.0000    1000.0000   4897587.2437   1089031.0561   5354451.3281
144550  270.0000  75.0000    1000.0000   4897587.2437   1089031.0561   5354451.3281
145050  270.0000  75.0000    1000.0000   4897587.2437   1089031.0561   5354451.3281
145550  270.0000  75.0000    1000.0000   4897587.2437   1089031.0561   5354451.3281
150050  270.0000  75.0000    1000.0000   4897587.2437   1089031.0561   5354451.3281
150550  270.0000  75.0000    1000.0000   4897587.2437   1089031.0561   5354451.3281
151050  270.0000  75.0000    1000.0000   4897587.2437   1089031.0561   5354451.3281
151550  270.0000  75.0000    1000.0000   4897587.2437   1089031.0561   5354451.3281
152050  270.0000  75.0000    1000.0000   4897587.2437   1089031.0561   5354451.3281
152550  270.0000  75.0000    1000.0000   4897587.2437   1089031.0561   5354451.3281
153050  270.0000  75.0000    1000.0000   4897587.2437   1089031.0561   5354451.3281
153550  270.0000  75.0000    1000.0000   4897587.2437   1089031.0561   5354451.3281
154050  270.0000  75.0000    1000.0000   4897587.2437   1089031.0561   5354451.3281
154550  270.0000  75.0000    1000.0000   4897587.2437   1089031.0561   5354451.3281
155050  270.0000  75.0000    1000.0000   4897587.2437   1089031.0561   5354451.3281
155550  270.0000  75.0000    1000.0000   4897587.2437   1089031.0561   5354451.3281
160050  270.0000  75.0000    1000.0000   4897587.2437   1089031.0561   5354451.3281
160550  270.0000  75.0000    1000.0000   4897587.2437   1089031.0561   5354451.3281
161050  270.0000  75.0000    1000.0000   4897587.2437   1089031.0561   5354451.3281
161550  270.0000  75.0000    1000.0000   4897587.2437   1089031.0561   5354451.3281
162050  270.0000  75.0000    1000.0000   4897587.2437   1089031.0561   5354451.3281
162550  270.0000  75.0000    1000.0000   4897587.2437   1089031.0561   5354451.3281
163050  270.0000  75.0000    1000.0000   4897587.2437   1089031.0561   5354451.3281
163550  270.0000  75.0000    1000.0000   4897587.2437   1089031.0561   5354451.3281
164050  270.0000  75.0000    1000.0000   4897587.2437   1089031.0561   5354451.3281
164550  270.0000  75.0000    1000.0000   4897587.2437   1089031.0561   5354451.3281
165050  270.0000  75.0000    1000.0000   4897587.2437   1089031.0561   5354451.3281
165550  270.0000  75.0000    1000.0000   4897587.2437   1089031.0561   5354451.3281
170050  270.0000  75.0000    1000.0000   4897587.2437   1089031.0561   5354451.3281
170550  270.0000  75.0000    1000.0000   4897587.2437   1089031.0561   5354451.3281
171050  270.0000  75.0000    1000.0000   4897587.2437   1089031.0561   5354451.3281
171550  270.0000  75.0000    1000.0000   4897587.2437   1089031.0561   5354451.3281
172050  270.0000  75.0000    1000.0000   4897587.2437   1089031.0561   5354451.3281
172550  270.0000  75.0000    1000.0000   4897587.2437   1089031.0561   5354451.3281
173050  270.0000  75.0000    1000.0000   4897587.2437   1089031.0561   5354451.3281
173550  270.0000  75.0000    1000.0000   4897587.2437   1089031.0561   5354451.3281
174050  270.0000  75.0000    1000.0000   4897587.2437   1089031.0561   5354451.3281
174550  270.0000  75.0000    1000.0000   4897587.2437   1089031.0561   5354451.3281
175050  270.0000  75.0000    1000.0000   4897587.2437   1089031.0561   5354451.3281
175550  270.0000  75.0000    1000.0000   4897587.2437   1089031.0561   5354451.3281
180050  270.0000  75.0000    1000.0000   4897587.2437   1089031.0561   5354451.3281
180550  270.0000  75.0000    1000.0000   4897587.2437   1089031.0561   5354451.3281
181050  270.0000  75.0000    1000.0000   4897587.2437   1089031.0561   5354451.3281
181550  270.0000  75.0000    1000.0000   4897587.2437   1089031.0561   5354451.3281
182050  270.0000  75.0000    1000.0000   4897587.2437   1089031.0561   5354451.3281
182550  270.0000  75.0000    1000.0000   4897587.2437   1089031.0561   5354451.3281
183050  270.0000  75.0000    1000.0000   4897587.2437   1089031.0561   5354451.3281
183550  270.0000  75.0000    1000.0000   4897587.2437   1089031.0561   5354451.3281
184050  270.0000  75.0000    1000.0000   4897587.2437   1089031.0561   5354451.3281
184550  270.0000  75.0000    1000.0000   4897587.2437   1089031.0561   5354451.3281
185050  270.0000  75.0000    1000.0000   4897587.2437   1089031.0561   5354451.3281
185550  270.0000  75.0000    1000.0000   4897587.2437   1089031.0561   5354451.3281
190050  270.0000  75.0000    1000.0000   4897587.2437   1089031.0561   5354451.3281
190550  270.0000  75.0000    1000.0000   4897587.2437   1089031.0561   5354451.3281
191050  270.0000  75.0000    1000.0000   4897587.2437   1089031.0561   5354451.3281
191550  270.0000  75.0000    1000.0000   4897587.2437   1089031.0561   5354451.3281
192050  270.0000  75.0000    1000.0000   4897587.2437   1089031.0561   5354451.3281
192550  270.0000  75.0000    1000.0000   4897587.2437   1089031.0561   5354451.3281
193050  270.0000  75.0000    1000.0000   4897587.2437   1089031.0561   5354451.3281
193550  270.0000  75.0000    1000.0000   4897587.2437   1089031.0561   5354451.3281
194050  270.0000  75.0000    1000.0000   4897587.2437   1089031.0561   5354451.3281
194550  270.0000  75.0000    1000.0000   4897587.2437   1089031.0561   5354451.3281
195050  270.0000  75.0000    1000.0000   4897587.2437   1089031.0561   5354451.3281
195550  270.0000  75.0000    1000.0000   4897587.2437   1089031.0561   5354451.3281
200050  270.0000  75.0000    1000.0000   4897587.2437   1089031.0561   5354451.3281
200550  270.0000  75.0000    1000.0000   4897587.2437   1089031.0561   5354451.3281
201050  270.0000  75.0000    1000.0000   4897587.2437   1089031.0561   5354451.3281
