X5012708 R_PNT     RP_TEST 1808 0000000  270 75.0 2025 127 085341 300 100   0   0 1     -1
085341  270.0000  75.0000    1000.0000   4263567.7710   2003231.3477   5184562.1845
085841  270.0000  75.0000    1000.0000   4263567.7710   2003231.3477   5184562.1845
090341  270.0000  75.0000    1000.0000   4263567.7710   2003231.3477   5184562.1845
090841  270.0000  75.0000    1000.0000   4263567.7710   2003231.3477   5184562.1845
091341  270.0000  75.0000    1000.0000   4263567.7710   2003231.3477   5184562.1845
091841  270.0000  75.0000    1000.0000   4263567.7710   2003231.3477   5184562.1845
092341  270.0000  75.0000    1000.0000   4263567.7710   2003231.3477   5184562.1845
092841  270.0000  75.0000    1000.0000   4263567.7710   2003231.3477   5184562.1845
093341  270.0000  75.0000    1000.0000   4263567.7710   2003231.3477   5184562.1845
093841  270.0000  75.0000    1000.0000   4263567.7710   2003231.3477   5184562.1845
094341  270.0000  75.0000    1000.0000   4263567.7710   2003231.3477   5184562.1845
094841  270.0000  75.0000    1000.0000   4263567.7710   2003231.3477   5184562.1845
095341  270.0000  75.0000    1000.0000   4263567.7710   2003231.3477   5184562.1845
095841  270.0000  75.0000    1000.0000   4263567.7710   2003231.3477   5184562.1845
100341  270.0000  75.0000    1000.0000   4263567.7710   2003231.3477   5184562.1845
100841  270.0000  75.0000    1000.0000   4263567.7710   2003231.3477   5184562.1845
101341  270.0000  75.0000    1000.0000   4263567.7710   2003231.3477   5184562.1845
101841  270.0000  75.0000    1000.0000   4263567.7710   2003231.3477   5184562.1845
102341  270.0000  75.0000    1000.0000   4263567.7710   2003231.3477   5184562.1845
102841  270.0000  75.0000    1000.0000   4263567.7710   2003231.3477   5184562.1845
103341  270.0000  75.0000    1000.0000   4263567.7710   2003231.3477   5184562.1845
103841  270.0000  75.0000    1000.0000   4263567.7710   2003231.3477   5184562.1845
104341  270.0000  75.0000    1000.0000   4263567.7710   2003231.3477   5184562.1845
104841  270.0000  75.0000    1000.0000   4263567.7710   2003231.3477   5184562.1845
105341  270.0000  75.0000    1000.0000   4263567.7710   2003231.3477   5184562.1845
105841  270.0000  75.0000    1000.0000   4263567.7710   2003231.3477   5184562.1845
110341  270.0000  75.0000    1000.0000   4263567.7710   2003231.3477   5184562.1845
110841  270.0000  75.0000    1000.0000   4263567.7710   2003231.3477   5184562.1845
111341  270.0000  75.0000    1000.0000   4263567.7710   2003231.3477   5184562.1845
111841  270.0000  75.0000    1000.0000   4263567.7710   2003231.3477   5184562.1845
112341  270.0000  75.0000    1000.0000   4263567.7710   2003231.3477   5184562.1845
112841  270.0000  75.0000    1000.0000   4263567.7710   2003231.3477   5184562.1845
113341  270.0000  75.0000    1000.0000   4263567.7710   2003231.3477   5184562.1845
113841  270.0000  75.0000    1000.0000   4263567.7710   2003231.3477   5184562.1845
114341  270.0000  75.0000    1000.0000   4263567.7710   2003231.3477   5184562.1845
114841  270.0000  75.0000    1000.0000   4263567.7710   2003231.3477   5184562.1845
115341  270.0000  75.0000    1000.0000   4263567.7710   2003231.3477   5184562.1845
115841  270.0000  75.0000    1000.0000   4263567.7710   2003231.3477   5184562.1845
120341  270.0000  75.0000    1000.0000   4263567.7710   2003231.3477   5184562.1845
120841  270.0000  75.0000    1000.0000   4263567.7710   2003231.3477   5184562.1845
121341  270.0000  75.0000    1000.0000   4263567.7710   2003231.3477   5184562.1845
121841  270.0000  75.0000    1000.0000   4263567.7710   2003231.3477   5184562.1845
122341  270.0000  75.0000    1000.0000   4263567.7710   2003231.3477   5184562.1845
122841  270.0000  75.0000    1000.0000   4263567.7710   2003231.3477   5184562.1845
123341  270.0000  75.0000    1000.0000   4263567.7710   2003231.3477   5184562.1845
123841  270.0000  75.0000    1000.0000   4263567.7710   2003231.3477   5184562.1845
124341  270.0000  75.0000    1000.0000   4263567.7710   2003231.3477   5184562.1845
124841  270.0000  75.0000    1000.0000   4263567.7710   2003231.3477   5184562.1845
125341  270.0000  75.0000    1000.0000   4263567.7710   2003231.3477   5184562.1845
125841  270.0000  75.0000    1000.0000   4263567.7710   2003231.3477   5184562.1845
130341  270.0000  75.0000    1000.0000   4263567.7710   2003231.3477   5184562.1845
130841  270.0000  75.0000    1000.0000   4263567.7710   2003231.3477   5184562.1845
131341  270.0000  75.0000    1000.0000   4263567.7710   2003231.3477   5184562.1845
131841  270.0000  75.0000    1000.0000   4263567.7710   2003231.3477   5184562.1845
132341  270.0000  75.0000    1000.0000   4263567.7710   2003231.3477   5184562.1845
132841  270.0000  75.0000    1000.0000   4263567.7710   2003231.3477   5184562.1845
133341  270.0000  75.0000    1000.0000   4263567.7710   2003231.3477   5184562.1845
133841  270.0000  75.0000    1000.0000   4263567.7710   2003231.3477   5184562.1845
134341  270.0000  75.0000    1000.0000   4263567.7710   2003231.3477   5184562.1845
134841  270.0000  75.0000    1000.0000   4263567.7710   2003231.3477   5184562.1845
135341  270.0000  75.0000    1000.0000   4263567.7710   2003231.3477   5184562.1845
135841  270.0000  75.0000    1000.0000   4263567.7710   2003231.3477   5184562.1845
140341  270.0000  75.0000    1000.0000   4263567.7710   2003231.3477   5184562.1845
140841  270.0000  75.0000    1000.0000   4263567.7710   2003231.3477   5184562.1845
141341  270.0000  75.0000    1000.0000   4263567.7710   2003231.3477   5184562.1845
141841  270.0000  75.0000    1000.0000   4263567.7710   2003231.3477   5184562.1845
142341  270.0000  75.0000    1000.0000   4263567.7710   2003231.3477   5184562.1845
142841  270.0000  75.0000    1000.0000   4263567.7710   2003231.3477   5184562.1845
143341  270.0000  75.0000    1000.0000   4263567.7710   2003231.3477   5184562.1845
143841  270.0000  75.0000    1000.0000   4263567.7710   2003231.3477   5184562.1845
144341  270.0000  75.0000    1000.0000   4263567.7710   2003231.3477   5184562.1845
144841  270.0000  75.0000    1000.0000   4263567.7710   2003231.3477   5184562.1845
145341  270.0000  75.0000    1000.0000   4263567.7710   2003231.3477   5184562.1845
145841  270.0000  75.0000    1000.0000   4263567.7710   2003231.3477   5184562.1845
150341  270.0000  75.0000    1000.0000   4263567.7710   2003231.3477   5184562.1845
150841  270.0000  75.0000    1000.0000   4263567.7710   2003231.3477   5184562.1845
151341  270.0000  75.0000    1000.0000   4263567.7710   2003231.3477   5184562.1845
151841  270.0000  75.0000    1000.0000   4263567.7710   2003231.3477   5184562.1845
152341  270.0000  75.0000    1000.0000   4263567.7710   2003231.3477   5184562.1845
152841  270.0000  75.0000    1000.0000   4263567.7710   2003231.3477   5184562.1845
153341  270.0000  75.0000    1000.0000   4263567.7710   2003231.3477   5184562.1845
153841  270.0000  75.0000    1000.0000   4263567.7710   2003231.3477   5184562.1845
154341  270.0000  75.0000    1000.0000   4263567.7710   2003231.3477   5184562.1845
154841  270.0000  75.0000    1000.0000   4263567.7710   2003231.3477   5184562.1845
155341  270.0000  75.0000    1000.0000   4263567.7710   2003231.3477   5184562.1845
155841  270.0000  75.0000    1000.0000   4263567.7710   2003231.3477   5184562.1845
160341  270.0000  75.0000    1000.0000   4263567.7710   2003231.3477   5184562.1845
160841  270.0000  75.0000    1000.0000   4263567.7710   2003231.3477   5184562.1845
161341  270.0000  75.0000    1000.0000   4263567.7710   2003231.3477   5184562.1845
161841  270.0000  75.0000    1000.0000   4263567.7710   2003231.3477   5184562.1845
162341  270.0000  75.0000    1000.0000   4263567.7710   2003231.3477   5184562.1845
162841  270.0000  75.0000    1000.0000   4263567.7710   2003231.3477   5184562.1845
163341  270.0000  75.0000    1000.0000   4263567.7710   2003231.3477   5184562.1845
163841  270.0000  75.0000    1000.0000   4263567.7710   2003231.3477   5184562.1845
164341  270.0000  75.0000    1000.0000   4263567.7710   2003231.3477   5184562.1845
164841  270.0000  75.0000    1000.0000   4263567.7710   2003231.3477   5184562.1845
165341  270.0000  75.0000    1000.0000   4263567.7710   2003231.3477   5184562.1845
165841  270.0000  75.0000    1000.0000   4263567.7710   2003231.3477   5184562.1845
170341  270.0000  75.0000    1000.0000   4263567.7710   2003231.3477   5184562.1845
170841  270.0000  75.0000    1000.0000   4263567.7710   2003231.3477   5184562.1845
