X5016110 R_PNT     RP_TEST 1808 0000000  270 75.0 2025 161 102527 300 100   0   0 1     -1
102527  270.0000  75.0000    1000.0000   4897587.2437   1089031.0561   5354451.3281
102707  270.0000  75.0000    1000.0000   4897587.2437   1089031.0561   5354451.3281
102847  270.0000  75.0000    1000.0000   4897587.2437   1089031.0561   5354451.3281
103027  270.0000  75.0000    1000.0000   4897587.2437   1089031.0561   5354451.3281
103207  270.0000  75.0000    1000.0000   4897587.2437   1089031.0561   5354451.3281
103347  270.0000  75.0000    1000.0000   4897587.2437   1089031.0561   5354451.3281
103527  270.0000  75.0000    1000.0000   4897587.2437   1089031.0561   5354451.3281
103707  270.0000  75.0000    1000.0000   4897587.2437   1089031.0561   5354451.3281
103847  270.0000  75.0000    1000.0000   4897587.2437   1089031.0561   5354451.3281
104027  270.0000  75.0000    1000.0000   4897587.2437   1089031.0561   5354451.3281
104207  270.0000  75.0000    1000.0000   4897587.2437   1089031.0561   5354451.3281
104347  270.0000  75.0000    1000.0000   4897587.2437   1089031.0561   5354451.3281
104527  270.0000  75.0000    1000.0000   4897587.2437   1089031.0561   5354451.3281
104707  270.0000  75.0000    1000.0000   4897587.2437   1089031.0561   5354451.3281
104847  270.0000  75.0000    1000.0000   4897587.2437   1089031.0561   5354451.3281
105027  270.0000  75.0000    1000.0000   4897587.2437   1089031.0561   5354451.3281
105207  270.0000  75.0000    1000.0000   4897587.2437   1089031.0561   5354451.3281
105347  270.0000  75.0000    1000.0000   4897587.2437   1089031.0561   5354451.3281
105527  270.0000  75.0000    1000.0000   4897587.2437   1089031.0561   5354451.3281
105707  270.0000  75.0000    1000.0000   4897587.2437   1089031.0561   5354451.3281
105847  270.0000  75.0000    1000.0000   4897587.2437   1089031.0561   5354451.3281
110027  270.0000  75.0000    1000.0000   4897587.2437   1089031.0561   5354451.3281
110207  270.0000  75.0000    1000.0000   4897587.2437   1089031.0561   5354451.3281
110347  270.0000  75.0000    1000.0000   4897587.2437   1089031.0561   5354451.3281
110527  270.0000  75.0000    1000.0000   4897587.2437   1089031.0561   5354451.3281
110707  270.0000  75.0000    1000.0000   4897587.2437   1089031.0561   5354451.3281
110847  270.0000  75.0000    1000.0000   4897587.2437   1089031.0561   5354451.3281
111027  270.0000  75.0000    1000.0000   4897587.2437   1089031.0561   5354451.3281
111207  270.0000  75.0000    1000.0000   4897587.2437   1089031.0561   5354451.3281
111347  270.0000  75.0000    1000.0000   4897587.2437   1089031.0561   5354451.3281
111527  270.0000  75.0000    1000.0000   4897587.2437   1089031.0561   5354451.3281
111707  270.0000  75.0000    1000.0000   4897587.2437   1089031.0561   5354451.3281
111847  270.0000  75.0000    1000.0000   4897587.2437   1089031.0561   5354451.3281
112027  270.0000  75.0000    1000.0000   4897587.2437   1089031.0561   5354451.3281
112207  270.0000  75.0000    1000.0000   4897587.2437   1089031.0561   5354451.3281
112347  270.0000  75.0000    1000.0000   4897587.2437   1089031.0561   5354451.3281
112527  270.0000  75.0000    1000.0000   4897587.2437   1089031.0561   5354451.3281
112707  270.0000  75.0000    1000.0000   4897587.2437   1089031.0561   5354451.3281
112847  270.0000  75.0000    1000.0000   4897587.2437   1089031.0561   5354451.3281
113027  270.0000  75.0000    1000.0000   4897587.2437   1089031.0561   5354451.3281
113207  270.0000  75.0000    1000.0000   4897587.2437   1089031.0561   5354451.3281
113347  270.0000  75.0000    1000.0000   4897587.2437   1089031.0561   5354451.3281
113527  270.0000  75.0000    1000.0000   4897587.2437   1089031.0561   5354451.3281
113707  270.0000  75.0000    1000.0000   4897587.2437   1089031.0561   5354451.3281
113847  270.0000  75.0000    1000.0000   4897587.2437   1089031.0561   5354451.3281
114027  270.0000  75.0000    1000.0000   4897587.2437   1089031.0561   5354451.3281
114207  270.0000  75.0000    1000.0000   4897587.2437   1089031.0561   5354451.3281
114347  270.0000  75.0000    1000.0000   4897587.2437   1089031.0561   5354451.3281
114527  270.0000  75.0000    1000.0000   4897587.2437   1089031.0561   5354451.3281
114707  270.0000  75.0000    1000.0000   4897587.2437   1089031.0561   5354451.3281
114847  270.0000  75.0000    1000.0000   4897587.2437   1089031.0561   5354451.3281
115027  270.0000  75.0000    1000.0000   4897587.2437   1089031.0561   5354451.3281
115207  270.0000  75.0000    1000.0000   4897587.2437   1089031.0561   5354451.3281
115347  270.0000  75.0000    1000.0000   4897587.2437   1089031.0561   5354451.3281
115527  270.0000  75.0000    1000.0000   4897587.2437   1089031.0561   5354451.3281
115707  270.0000  75.0000    1000.0000   4897587.2437   1089031.0561   5354451.3281
115847  270.0000  75.0000    1000.0000   4897587.2437   1089031.0561   5354451.3281
120027  270.0000  75.0000    1000.0000   4897587.2437   1089031.0561   5354451.3281
120207  270.0000  75.0000    1000.0000   4897587.2437   1089031.0561   5354451.3281
120347  270.0000  75.0000    1000.0000   4897587.2437   1089031.0561   5354451.3281
120527  270.0000  75.0000    1000.0000   4897587.2437   1089031.0561   5354451.3281
120707  270.0000  75.0000    1000.0000   4897587.2437   1089031.0561   5354451.3281
120847  270.0000  75.0000    1000.0000   4897587.2437   1089031.0561   5354451.3281
121027  270.0000  75.0000    1000.0000   4897587.2437   1089031.0561   5354451.3281
121207  270.0000  75.0000    1000.0000   4897587.2437   1089031.0561   5354451.3281
121347  270.0000  75.0000    1000.0000   4897587.2437   1089031.0561   5354451.3281
121527  270.0000  75.0000    1000.0000   4897587.2437   1089031.0561   5354451.3281
121707  270.0000  75.0000    1000.0000   4897587.2437   1089031.0561   5354451.3281
121847  270.0000  75.0000    1000.0000   4897587.2437   1089031.0561   5354451.3281
122027  270.0000  75.0000    1000.0000   4897587.2437   1089031.0561   5354451.3281
122207  270.0000  75.0000    1000.0000   4897587.2437   1089031.0561   5354451.3281
122347  270.0000  75.0000    1000.0000   4897587.2437   1089031.0561   5354451.3281
122527  270.0000  75.0000    1000.0000   4897587.2437   1089031.0561   5354451.3281
122707  270.0000  75.0000    1000.0000   4897587.2437   1089031.0561   5354451.3281
122847  270.0000  75.0000    1000.0000   4897587.2437   1089031.0561   5354451.3281
123027  270.0000  75.0000    1000.0000   4897587.2437   1089031.0561   5354451.3281
123207  270.0000  75.0000    1000.0000   4897587.2437   1089031.0561   5354451.3281
123347  270.0000  75.0000    1000.0000   4897587.2437   1089031.0561   5354451.3281
123527  270.0000  75.0000    1000.0000   4897587.2437   1089031.0561   5354451.3281
123707  270.0000  75.0000    1000.0000   4897587.2437   1089031.0561   5354451.3281
123847  270.0000  75.0000    1000.0000   4897587.2437   1089031.0561   5354451.3281
124027  270.0000  75.0000    1000.0000   4897587.2437   1089031.0561   5354451.3281
124207  270.0000  75.0000    1000.0000   4897587.2437   1089031.0561   5354451.3281
124347  270.0000  75.0000    1000.0000   4897587.2437   1089031.0561   5354451.3281
124527  270.0000  75.0000    1000.0000   4897587.2437   1089031.0561   5354451.3281
124707  270.0000  75.0000    1000.0000   4897587.2437   1089031.0561   5354451.3281
124847  270.0000  75.0000    1000.0000   4897587.2437   1089031.0561   5354451.3281
125027  270.0000  75.0000    1000.0000   4897587.2437   1089031.0561   5354451.3281
125207  270.0000  75.0000    1000.0000   4897587.2437   1089031.0561   5354451.3281
125347  270.0000  75.0000    1000.0000   4897587.2437   1089031.0561   5354451.3281
125527  270.0000  75.0000    1000.0000   4897587.2437   1089031.0561   5354451.3281
125707  270.0000  75.0000    1000.0000   4897587.2437   1089031.0561   5354451.3281
125847  270.0000  75.0000    1000.0000   4897587.2437   1089031.0561   5354451.3281
130027  270.0000  75.0000    1000.0000   4897587.2437   1089031.0561   5354451.3281
130207  270.0000  75.0000    1000.0000   4897587.2437   1089031.0561   5354451.3281
130347  270.0000  75.0000    1000.0000   4897587.2437   1089031.0561   5354451.3281
130527  270.0000  75.0000    1000.0000   4897587.2437   1089031.0561   5354451.3281
130707  270.0000  75.0000    1000.0000   4897587.2437   1089031.0561   5354451.3281
130847  270.0000  75.0000    1000.0000   4897587.2437   1089031.0561   5354451.3281
131027  270.0000  75.0000    1000.0000   4897587.2437   1089031.0561   5354451.3281
