X5116110 R_PNT     RP_TEST 1808 0000000  270 89.0 2025 161 102527 300 100   0   0 1     -1
102527  270.0000  89.0000    1000.0000   4855377.9848   1327798.9371   5379287.2888
102707  270.0000  89.0000    1000.0000   4855377.9848   1327798.9371   5379287.2888
102847  270.0000  89.0000    1000.0000   4855377.9848   1327798.9371   5379287.2888
103027  270.0000  89.0000    1000.0000   4855377.9848   1327798.9371   5379287.2888
103207  270.0000  89.0000    1000.0000   4855377.9848   1327798.9371   5379287.2888
103347  270.0000  89.0000    1000.0000   4855377.9848   1327798.9371   5379287.2888
103527  270.0000  89.0000    1000.0000   4855377.9848   1327798.9371   5379287.2888
103707  270.0000  89.0000    1000.0000   4855377.9848   1327798.9371   5379287.2888
103847  270.0000  89.0000    1000.0000   4855377.9848   1327798.9371   5379287.2888
104027  270.0000  89.0000    1000.0000   4855377.9848   1327798.9371   5379287.2888
104207  270.0000  89.0000    1000.0000   4855377.9848   1327798.9371   5379287.2888
104347  270.0000  89.0000    1000.0000   4855377.9848   1327798.9371   5379287.2888
104527  270.0000  89.0000    1000.0000   4855377.9848   1327798.9371   5379287.2888
104707  270.0000  89.0000    1000.0000   4855377.9848   1327798.9371   5379287.2888
104847  270.0000  89.0000    1000.0000   4855377.9848   1327798.9371   5379287.2888
105027  270.0000  89.0000    1000.0000   4855377.9848   1327798.9371   5379287.2888
105207  270.0000  89.0000    1000.0000   4855377.9848   1327798.9371   5379287.2888
105347  270.0000  89.0000    1000.0000   4855377.9848   1327798.9371   5379287.2888
105527  270.0000  89.0000    1000.0000   4855377.9848   1327798.9371   5379287.2888
105707  270.0000  89.0000    1000.0000   4855377.9848   1327798.9371   5379287.2888
105847  270.0000  89.0000    1000.0000   4855377.9848   1327798.9371   5379287.2888
110027  270.0000  89.0000    1000.0000   4855377.9848   1327798.9371   5379287.2888
110207  270.0000  89.0000    1000.0000   4855377.9848   1327798.9371   5379287.2888
110347  270.0000  89.0000    1000.0000   4855377.9848   1327798.9371   5379287.2888
110527  270.0000  89.0000    1000.0000   4855377.9848   1327798.9371   5379287.2888
110707  270.0000  89.0000    1000.0000   4855377.9848   1327798.9371   5379287.2888
110847  270.0000  89.0000    1000.0000   4855377.9848   1327798.9371   5379287.2888
111027  270.0000  89.0000    1000.0000   4855377.9848   1327798.9371   5379287.2888
111207  270.0000  89.0000    1000.0000   4855377.9848   1327798.9371   5379287.2888
111347  270.0000  89.0000    1000.0000   4855377.9848   1327798.9371   5379287.2888
111527  270.0000  89.0000    1000.0000   4855377.9848   1327798.9371   5379287.2888
111707  270.0000  89.0000    1000.0000   4855377.9848   1327798.9371   5379287.2888
111847  270.0000  89.0000    1000.0000   4855377.9848   1327798.9371   5379287.2888
112027  270.0000  89.0000    1000.0000   4855377.9848   1327798.9371   5379287.2888
112207  270.0000  89.0000    1000.0000   4855377.9848   1327798.9371   5379287.2888
112347  270.0000  89.0000    1000.0000   4855377.9848   1327798.9371   5379287.2888
112527  270.0000  89.0000    1000.0000   4855377.9848   1327798.9371   5379287.2888
112707  270.0000  89.0000    1000.0000   4855377.9848   1327798.9371   5379287.2888
112847  270.0000  89.0000    1000.0000   4855377.9848   1327798.9371   5379287.2888
113027  270.0000  89.0000    1000.0000   4855377.9848   1327798.9371   5379287.2888
113207  270.0000  89.0000    1000.0000   4855377.9848   1327798.9371   5379287.2888
113347  270.0000  89.0000    1000.0000   4855377.9848   1327798.9371   5379287.2888
113527  270.0000  89.0000    1000.0000   4855377.9848   1327798.9371   5379287.2888
113707  270.0000  89.0000    1000.0000   4855377.9848   1327798.9371   5379287.2888
113847  270.0000  89.0000    1000.0000   4855377.9848   1327798.9371   5379287.2888
114027  270.0000  89.0000    1000.0000   4855377.9848   1327798.9371   5379287.2888
114207  270.0000  89.0000    1000.0000   4855377.9848   1327798.9371   5379287.2888
114347  270.0000  89.0000    1000.0000   4855377.9848   1327798.9371   5379287.2888
114527  270.0000  89.0000    1000.0000   4855377.9848   1327798.9371   5379287.2888
114707  270.0000  89.0000    1000.0000   4855377.9848   1327798.9371   5379287.2888
114847  270.0000  89.0000    1000.0000   4855377.9848   1327798.9371   5379287.2888
115027  270.0000  89.0000    1000.0000   4855377.9848   1327798.9371   5379287.2888
115207  270.0000  89.0000    1000.0000   4855377.9848   1327798.9371   5379287.2888
115347  270.0000  89.0000    1000.0000   4855377.9848   1327798.9371   5379287.2888
115527  270.0000  89.0000    1000.0000   4855377.9848   1327798.9371   5379287.2888
115707  270.0000  89.0000    1000.0000   4855377.9848   1327798.9371   5379287.2888
115847  270.0000  89.0000    1000.0000   4855377.9848   1327798.9371   5379287.2888
120027  270.0000  89.0000    1000.0000   4855377.9848   1327798.9371   5379287.2888
120207  270.0000  89.0000    1000.0000   4855377.9848   1327798.9371   5379287.2888
120347  270.0000  89.0000    1000.0000   4855377.9848   1327798.9371   5379287.2888
120527  270.0000  89.0000    1000.0000   4855377.9848   1327798.9371   5379287.2888
120707  270.0000  89.0000    1000.0000   4855377.9848   1327798.9371   5379287.2888
120847  270.0000  89.0000    1000.0000   4855377.9848   1327798.9371   5379287.2888
121027  270.0000  89.0000    1000.0000   4855377.9848   1327798.9371   5379287.2888
121207  270.0000  89.0000    1000.0000   4855377.9848   1327798.9371   5379287.2888
121347  270.0000  89.0000    1000.0000   4855377.9848   1327798.9371   5379287.2888
121527  270.0000  89.0000    1000.0000   4855377.9848   1327798.9371   5379287.2888
121707  270.0000  89.0000    1000.0000   4855377.9848   1327798.9371   5379287.2888
121847  270.0000  89.0000    1000.0000   4855377.9848   1327798.9371   5379287.2888
122027  270.0000  89.0000    1000.0000   4855377.9848   1327798.9371   5379287.2888
122207  270.0000  89.0000    1000.0000   4855377.9848   1327798.9371   5379287.2888
122347  270.0000  89.0000    1000.0000   4855377.9848   1327798.9371   5379287.2888
122527  270.0000  89.0000    1000.0000   4855377.9848   1327798.9371   5379287.2888
122707  270.0000  89.0000    1000.0000   4855377.9848   1327798.9371   5379287.2888
122847  270.0000  89.0000    1000.0000   4855377.9848   1327798.9371   5379287.2888
123027  270.0000  89.0000    1000.0000   4855377.9848   1327798.9371   5379287.2888
123207  270.0000  89.0000    1000.0000   4855377.9848   1327798.9371   5379287.2888
123347  270.0000  89.0000    1000.0000   4855377.9848   1327798.9371   5379287.2888
123527  270.0000  89.0000    1000.0000   4855377.9848   1327798.9371   5379287.2888
123707  270.0000  89.0000    1000.0000   4855377.9848   1327798.9371   5379287.2888
123847  270.0000  89.0000    1000.0000   4855377.9848   1327798.9371   5379287.2888
124027  270.0000  89.0000    1000.0000   4855377.9848   1327798.9371   5379287.2888
124207  270.0000  89.0000    1000.0000   4855377.9848   1327798.9371   5379287.2888
124347  270.0000  89.0000    1000.0000   4855377.9848   1327798.9371   5379287.2888
124527  270.0000  89.0000    1000.0000   4855377.9848   1327798.9371   5379287.2888
124707  270.0000  89.0000    1000.0000   4855377.9848   1327798.9371   5379287.2888
124847  270.0000  89.0000    1000.0000   4855377.9848   1327798.9371   5379287.2888
125027  270.0000  89.0000    1000.0000   4855377.9848   1327798.9371   5379287.2888
125207  270.0000  89.0000    1000.0000   4855377.9848   1327798.9371   5379287.2888
125347  270.0000  89.0000    1000.0000   4855377.9848   1327798.9371   5379287.2888
125527  270.0000  89.0000    1000.0000   4855377.9848   1327798.9371   5379287.2888
125707  270.0000  89.0000    1000.0000   4855377.9848   1327798.9371   5379287.2888
125847  270.0000  89.0000    1000.0000   4855377.9848   1327798.9371   5379287.2888
130027  270.0000  89.0000    1000.0000   4855377.9848   1327798.9371   5379287.2888
130207  270.0000  89.0000    1000.0000   4855377.9848   1327798.9371   5379287.2888
130347  270.0000  89.0000    1000.0000   4855377.9848   1327798.9371   5379287.2888
130527  270.0000  89.0000    1000.0000   4855377.9848   1327798.9371   5379287.2888
130707  270.0000  89.0000    1000.0000   4855377.9848   1327798.9371   5379287.2888
130847  270.0000  89.0000    1000.0000   4855377.9848   1327798.9371   5379287.2888
131027  270.0000  89.0000    1000.0000   4855377.9848   1327798.9371   5379287.2888
