X5112708 R_PNT     RP_TEST 1808 0000000  270 90.0 2025 127 085341 300 100   0   0 1     -1
085341  270.0000  90.0000    1000.0000   4194430.5549   1843831.7440   5379395.8549
085841  270.0000  90.0000    1000.0000   4194430.5549   1843831.7440   5379395.8549
090341  270.0000  90.0000    1000.0000   4194430.5549   1843831.7440   5379395.8549
090841  270.0000  90.0000    1000.0000   4194430.5549   1843831.7440   5379395.8549
091341  270.0000  90.0000    1000.0000   4194430.5549   1843831.7440   5379395.8549
091841  270.0000  90.0000    1000.0000   4194430.5549   1843831.7440   5379395.8549
092341  270.0000  90.0000    1000.0000   4194430.5549   1843831.7440   5379395.8549
092841  270.0000  90.0000    1000.0000   4194430.5549   1843831.7440   5379395.8549
093341  270.0000  90.0000    1000.0000   4194430.5549   1843831.7440   5379395.8549
093841  270.0000  90.0000    1000.0000   4194430.5549   1843831.7440   5379395.8549
094341  270.0000  90.0000    1000.0000   4194430.5549   1843831.7440   5379395.8549
094841  270.0000  90.0000    1000.0000   4194430.5549   1843831.7440   5379395.8549
095341  270.0000  90.0000    1000.0000   4194430.5549   1843831.7440   5379395.8549
095841  270.0000  90.0000    1000.0000   4194430.5549   1843831.7440   5379395.8549
100341  270.0000  90.0000    1000.0000   4194430.5549   1843831.7440   5379395.8549
100841  270.0000  90.0000    1000.0000   4194430.5549   1843831.7440   5379395.8549
101341  270.0000  90.0000    1000.0000   4194430.5549   1843831.7440   5379395.8549
101841  270.0000  90.0000    1000.0000   4194430.5549   1843831.7440   5379395.8549
102341  270.0000  90.0000    1000.0000   4194430.5549   1843831.7440   5379395.8549
102841  270.0000  90.0000    1000.0000   4194430.5549   1843831.7440   5379395.8549
103341  270.0000  90.0000    1000.0000   4194430.5549   1843831.7440   5379395.8549
103841  270.0000  90.0000    1000.0000   4194430.5549   1843831.7440   5379395.8549
104341  270.0000  90.0000    1000.0000   4194430.5549   1843831.7440   5379395.8549
104841  270.0000  90.0000    1000.0000   4194430.5549   1843831.7440   5379395.8549
105341  270.0000  90.0000    1000.0000   4194430.5549   1843831.7440   5379395.8549
105841  270.0000  90.0000    1000.0000   4194430.5549   1843831.7440   5379395.8549
110341  270.0000  90.0000    1000.0000   4194430.5549   1843831.7440   5379395.8549
110841  270.0000  90.0000    1000.0000   4194430.5549   1843831.7440   5379395.8549
111341  270.0000  90.0000    1000.0000   4194430.5549   1843831.7440   5379395.8549
111841  270.0000  90.0000    1000.0000   4194430.5549   1843831.7440   5379395.8549
112341  270.0000  90.0000    1000.0000   4194430.5549   1843831.7440   5379395.8549
112841  270.0000  90.0000    1000.0000   4194430.5549   1843831.7440   5379395.8549
113341  270.0000  90.0000    1000.0000   4194430.5549   1843831.7440   5379395.8549
113841  270.0000  90.0000    1000.0000   4194430.5549   1843831.7440   5379395.8549
114341  270.0000  90.0000    1000.0000   4194430.5549   1843831.7440   5379395.8549
114841  270.0000  90.0000    1000.0000   4194430.5549   1843831.7440   5379395.8549
115341  270.0000  90.0000    1000.0000   4194430.5549   1843831.7440   5379395.8549
115841  270.0000  90.0000    1000.0000   4194430.5549   1843831.7440   5379395.8549
120341  270.0000  90.0000    1000.0000   4194430.5549   1843831.7440   5379395.8549
120841  270.0000  90.0000    1000.0000   4194430.5549   1843831.7440   5379395.8549
121341  270.0000  90.0000    1000.0000   4194430.5549   1843831.7440   5379395.8549
121841  270.0000  90.0000    1000.0000   4194430.5549   1843831.7440   5379395.8549
122341  270.0000  90.0000    1000.0000   4194430.5549   1843831.7440   5379395.8549
122841  270.0000  90.0000    1000.0000   4194430.5549   1843831.7440   5379395.8549
123341  270.0000  90.0000    1000.0000   4194430.5549   1843831.7440   5379395.8549
123841  270.0000  90.0000    1000.0000   4194430.5549   1843831.7440   5379395.8549
124341  270.0000  90.0000    1000.0000   4194430.5549   1843831.7440   5379395.8549
124841  270.0000  90.0000    1000.0000   4194430.5549   1843831.7440   5379395.8549
125341  270.0000  90.0000    1000.0000   4194430.5549   1843831.7440   5379395.8549
125841  270.0000  90.0000    1000.0000   4194430.5549   1843831.7440   5379395.8549
130341  270.0000  90.0000    1000.0000   4194430.5549   1843831.7440   5379395.8549
130841  270.0000  90.0000    1000.0000   4194430.5549   1843831.7440   5379395.8549
131341  270.0000  90.0000    1000.0000   4194430.5549   1843831.7440   5379395.8549
131841  270.0000  90.0000    1000.0000   4194430.5549   1843831.7440   5379395.8549
132341  270.0000  90.0000    1000.0000   4194430.5549   1843831.7440   5379395.8549
132841  270.0000  90.0000    1000.0000   4194430.5549   1843831.7440   5379395.8549
133341  270.0000  90.0000    1000.0000   4194430.5549   1843831.7440   5379395.8549
133841  270.0000  90.0000    1000.0000   4194430.5549   1843831.7440   5379395.8549
134341  270.0000  90.0000    1000.0000   4194430.5549   1843831.7440   5379395.8549
134841  270.0000  90.0000    1000.0000   4194430.5549   1843831.7440   5379395.8549
135341  270.0000  90.0000    1000.0000   4194430.5549   1843831.7440   5379395.8549
135841  270.0000  90.0000    1000.0000   4194430.5549   1843831.7440   5379395.8549
140341  270.0000  90.0000    1000.0000   4194430.5549   1843831.7440   5379395.8549
140841  270.0000  90.0000    1000.0000   4194430.5549   1843831.7440   5379395.8549
141341  270.0000  90.0000    1000.0000   4194430.5549   1843831.7440   5379395.8549
141841  270.0000  90.0000    1000.0000   4194430.5549   1843831.7440   5379395.8549
142341  270.0000  90.0000    1000.0000   4194430.5549   1843831.7440   5379395.8549
142841  270.0000  90.0000    1000.0000   4194430.5549   1843831.7440   5379395.8549
143341  270.0000  90.0000    1000.0000   4194430.5549   1843831.7440   5379395.8549
143841  270.0000  90.0000    1000.0000   4194430.5549   1843831.7440   5379395.8549
144341  270.0000  90.0000    1000.0000   4194430.5549   1843831.7440   5379395.8549
144841  270.0000  90.0000    1000.0000   4194430.5549   1843831.7440   5379395.8549
145341  270.0000  90.0000    1000.0000   4194430.5549   1843831.7440   5379395.8549
145841  270.0000  90.0000    1000.0000   4194430.5549   1843831.7440   5379395.8549
150341  270.0000  90.0000    1000.0000   4194430.5549   1843831.7440   5379395.8549
150841  270.0000  90.0000    1000.0000   4194430.5549   1843831.7440   5379395.8549
151341  270.0000  90.0000    1000.0000   4194430.5549   1843831.7440   5379395.8549
151841  270.0000  90.0000    1000.0000   4194430.5549   1843831.7440   5379395.8549
152341  270.0000  90.0000    1000.0000   4194430.5549   1843831.7440   5379395.8549
152841  270.0000  90.0000    1000.0000   4194430.5549   1843831.7440   5379395.8549
153341  270.0000  90.0000    1000.0000   4194430.5549   1843831.7440   5379395.8549
153841  270.0000  90.0000    1000.0000   4194430.5549   1843831.7440   5379395.8549
154341  270.0000  90.0000    1000.0000   4194430.5549   1843831.7440   5379395.8549
154841  270.0000  90.0000    1000.0000   4194430.5549   1843831.7440   5379395.8549
155341  270.0000  90.0000    1000.0000   4194430.5549   1843831.7440   5379395.8549
155841  270.0000  90.0000    1000.0000   4194430.5549   1843831.7440   5379395.8549
160341  270.0000  90.0000    1000.0000   4194430.5549   1843831.7440   5379395.8549
160841  270.0000  90.0000    1000.0000   4194430.5549   1843831.7440   5379395.8549
161341  270.0000  90.0000    1000.0000   4194430.5549   1843831.7440   5379395.8549
161841  270.0000  90.0000    1000.0000   4194430.5549   1843831.7440   5379395.8549
162341  270.0000  90.0000    1000.0000   4194430.5549   1843831.7440   5379395.8549
162841  270.0000  90.0000    1000.0000   4194430.5549   1843831.7440   5379395.8549
163341  270.0000  90.0000    1000.0000   4194430.5549   1843831.7440   5379395.8549
163841  270.0000  90.0000    1000.0000   4194430.5549   1843831.7440   5379395.8549
164341  270.0000  90.0000    1000.0000   4194430.5549   1843831.7440   5379395.8549
164841  270.0000  90.0000    1000.0000   4194430.5549   1843831.7440   5379395.8549
165341  270.0000  90.0000    1000.0000   4194430.5549   1843831.7440   5379395.8549
165841  270.0000  90.0000    1000.0000   4194430.5549   1843831.7440   5379395.8549
170341  270.0000  90.0000    1000.0000   4194430.5549   1843831.7440   5379395.8549
170841  270.0000  90.0000    1000.0000   4194430.5549   1843831.7440   5379395.8549
