X5112711 R_PNT     RP_TEST 1808 0000000  270 90.0 2025 127 115550 300 100   0   0 1     -1
115550  270.0000  90.0000    1000.0000   4850815.9701   1344644.8646   5379398.7990
120050  270.0000  90.0000    1000.0000   4850815.9701   1344644.8646   5379398.7990
120550  270.0000  90.0000    1000.0000   4850815.9701   1344644.8646   5379398.7990
121050  270.0000  90.0000    1000.0000   4850815.9701   1344644.8646   5379398.7990
121550  270.0000  90.0000    1000.0000   4850815.9701   1344644.8646   5379398.7990
122050  270.0000  90.0000    1000.0000   4850815.9701   1344644.8646   5379398.7990
122550  270.0000  90.0000    1000.0000   4850815.9701   1344644.8646   5379398.7990
123050  270.0000  90.0000    1000.0000   4850815.9701   1344644.8646   5379398.7990
123550  270.0000  90.0000    1000.0000   4850815.9701   1344644.8646   5379398.7990
124050  270.0000  90.0000    1000.0000   4850815.9701   1344644.8646   5379398.7990
124550  270.0000  90.0000    1000.0000   4850815.9701   1344644.8646   5379398.7990
125050  270.0000  90.0000    1000.0000   4850815.9701   1344644.8646   5379398.7990
125550  270.0000  90.0000    1000.0000   4850815.9701   1344644.8646   5379398.7990
130050  270.0000  90.0000    1000.0000   4850815.9701   1344644.8646   5379398.7990
130550  270.0000  90.0000    1000.0000   4850815.9701   1344644.8646   5379398.7990
131050  270.0000  90.0000    1000.0000   4850815.9701   1344644.8646   5379398.7990
131550  270.0000  90.0000    1000.0000   4850815.9701   1344644.8646   5379398.7990
132050  270.0000  90.0000    1000.0000   4850815.9701   1344644.8646   5379398.7990
132550  270.0000  90.0000    1000.0000   4850815.9701   1344644.8646   5379398.7990
133050  270.0000  90.0000    1000.0000   4850815.9701   1344644.8646   5379398.7990
133550  270.0000  90.0000    1000.0000   4850815.9701   1344644.8646   5379398.7990
134050  270.0000  90.0000    1000.0000   4850815.9701   1344644.8646   5379398.7990
134550  270.0000  90.0000    1000.0000   4850815.9701   1344644.8646   5379398.7990
135050  270.0000  90.0000    1000.0000   4850815.9701   1344644.8646   5379398.7990
135550  270.0000  90.0000    1000.0000   4850815.9701   1344644.8646   5379398.7990
140050  270.0000  90.0000    1000.0000   4850815.9701   1344644.8646   5379398.7990
140550  270.0000  90.0000    1000.0000   4850815.9701   1344644.8646   5379398.7990
141050  270.0000  90.0000    1000.0000   4850815.9701   1344644.8646   5379398.7990
141550  270.0000  90.0000    1000.0000   4850815.9701   1344644.8646   5379398.7990
142050  270.0000  90.0000    1000.0000   4850815.9701   1344644.8646   5379398.7990
142550  270.0000  90.0000    1000.0000   4850815.9701   1344644.8646   5379398.7990
143050  270.0000  90.0000    1000.0000   4850815.9701   1344644.8646   5379398.7990
143550  270.0000  90.0000    1000.0000   4850815.9701   1344644.8646   5379398.7990
144050  270.0000  90.0000    1000.0000   4850815.9701   1344644.8646   5379398.7990
144550  270.0000  90.0000    1000.0000   4850815.9701   1344644.8646   5379398.7990
145050  270.0000  90.0000    1000.0000   4850815.9701   1344644.8646   5379398.7990
145550  270.0000  90.0000    1000.0000   4850815.9701   1344644.8646   5379398.7990
150050  270.0000  90.0000    1000.0000   4850815.9701   1344644.8646   5379398.7990
150550  270.0000  90.0000    1000.0000   4850815.9701   1344644.8646   5379398.7990
151050  270.0000  90.0000    1000.0000   4850815.9701   1344644.8646   5379398.7990
151550  270.0000  90.0000    1000.0000   4850815.9701   1344644.8646   5379398.7990
152050  270.0000  90.0000    1000.0000   4850815.9701   1344644.8646   5379398.7990
152550  270.0000  90.0000    1000.0000   4850815.9701   1344644.8646   5379398.7990
153050  270.0000  90.0000    1000.0000   4850815.9701   1344644.8646   5379398.7990
153550  270.0000  90.0000    1000.0000   4850815.9701   1344644.8646   5379398.7990
154050  270.0000  90.0000    1000.0000   4850815.9701   1344644.8646   5379398.7990
154550  270.0000  90.0000    1000.0000   4850815.9701   1344644.8646   5379398.7990
155050  270.0000  90.0000    1000.0000   4850815.9701   1344644.8646   5379398.7990
155550  270.0000  90.0000    1000.0000   4850815.9701   1344644.8646   5379398.7990
160050  270.0000  90.0000    1000.0000   4850815.9701   1344644.8646   5379398.7990
160550  270.0000  90.0000    1000.0000   4850815.9701   1344644.8646   5379398.7990
161050  270.0000  90.0000    1000.0000   4850815.9701   1344644.8646   5379398.7990
161550  270.0000  90.0000    1000.0000   4850815.9701   1344644.8646   5379398.7990
162050  270.0000  90.0000    1000.0000   4850815.9701   1344644.8646   5379398.7990
162550  270.0000  90.0000    1000.0000   4850815.9701   1344644.8646   5379398.7990
163050  270.0000  90.0000    1000.0000   4850815.9701   1344644.8646   5379398.7990
163550  270.0000  90.0000    1000.0000   4850815.9701   1344644.8646   5379398.7990
164050  270.0000  90.0000    1000.0000   4850815.9701   1344644.8646   5379398.7990
164550  270.0000  90.0000    1000.0000   4850815.9701   1344644.8646   5379398.7990
165050  270.0000  90.0000    1000.0000   4850815.9701   1344644.8646   5379398.7990
165550  270.0000  90.0000    1000.0000   4850815.9701   1344644.8646   5379398.7990
170050  270.0000  90.0000    1000.0000   4850815.9701   1344644.8646   5379398.7990
170550  270.0000  90.0000    1000.0000   4850815.9701   1344644.8646   5379398.7990
171050  270.0000  90.0000    1000.0000   4850815.9701   1344644.8646   5379398.7990
171550  270.0000  90.0000    1000.0000   4850815.9701   1344644.8646   5379398.7990
172050  270.0000  90.0000    1000.0000   4850815.9701   1344644.8646   5379398.7990
172550  270.0000  90.0000    1000.0000   4850815.9701   1344644.8646   5379398.7990
173050  270.0000  90.0000    1000.0000   4850815.9701   1344644.8646   5379398.7990
173550  270.0000  90.0000    1000.0000   4850815.9701   1344644.8646   5379398.7990
174050  270.0000  90.0000    1000.0000   4850815.9701   1344644.8646   5379398.7990
174550  270.0000  90.0000    1000.0000   4850815.9701   1344644.8646   5379398.7990
175050  270.0000  90.0000    1000.0000   4850815.9701   1344644.8646   5379398.7990
175550  270.0000  90.0000    1000.0000   4850815.9701   1344644.8646   5379398.7990
180050  270.0000  90.0000    1000.0000   4850815.9701   1344644.8646   5379398.7990
180550  270.0000  90.0000    1000.0000   4850815.9701   1344644.8646   5379398.7990
181050  270.0000  90.0000    1000.0000   4850815.9701   1344644.8646   5379398.7990
181550  270.0000  90.0000    1000.0000   4850815.9701   1344644.8646   5379398.7990
182050  270.0000  90.0000    1000.0000   4850815.9701   1344644.8646   5379398.7990
182550  270.0000  90.0000    1000.0000   4850815.9701   1344644.8646   5379398.7990
183050  270.0000  90.0000    1000.0000   4850815.9701   1344644.8646   5379398.7990
183550  270.0000  90.0000    1000.0000   4850815.9701   1344644.8646   5379398.7990
184050  270.0000  90.0000    1000.0000   4850815.9701   1344644.8646   5379398.7990
184550  270.0000  90.0000    1000.0000   4850815.9701   1344644.8646   5379398.7990
185050  270.0000  90.0000    1000.0000   4850815.9701   1344644.8646   5379398.7990
185550  270.0000  90.0000    1000.0000   4850815.9701   1344644.8646   5379398.7990
190050  270.0000  90.0000    1000.0000   4850815.9701   1344644.8646   5379398.7990
190550  270.0000  90.0000    1000.0000   4850815.9701   1344644.8646   5379398.7990
191050  270.0000  90.0000    1000.0000   4850815.9701   1344644.8646   5379398.7990
191550  270.0000  90.0000    1000.0000   4850815.9701   1344644.8646   5379398.7990
192050  270.0000  90.0000    1000.0000   4850815.9701   1344644.8646   5379398.7990
192550  270.0000  90.0000    1000.0000   4850815.9701   1344644.8646   5379398.7990
193050  270.0000  90.0000    1000.0000   4850815.9701   1344644.8646   5379398.7990
193550  270.0000  90.0000    1000.0000   4850815.9701   1344644.8646   5379398.7990
194050  270.0000  90.0000    1000.0000   4850815.9701   1344644.8646   5379398.7990
194550  270.0000  90.0000    1000.0000   4850815.9701   1344644.8646   5379398.7990
195050  270.0000  90.0000    1000.0000   4850815.9701   1344644.8646   5379398.7990
195550  270.0000  90.0000    1000.0000   4850815.9701   1344644.8646   5379398.7990
200050  270.0000  90.0000    1000.0000   4850815.9701   1344644.8646   5379398.7990
200550  270.0000  90.0000    1000.0000   4850815.9701   1344644.8646   5379398.7990
201050  270.0000  90.0000    1000.0000   4850815.9701   1344644.8646   5379398.7990
