X5212711 R_PNT     RP_TEST 1808 0000000  315 15.0 2025 127 115550 300 100   0   0 1     -1
115550  315.0000  15.0000    1000.0000   4064865.1527    418012.2512   5301969.9783
120050  315.0000  15.0000    1000.0000   4064865.1527    418012.2512   5301969.9783
120550  315.0000  15.0000    1000.0000   4064865.1527    418012.2512   5301969.9783
121050  315.0000  15.0000    1000.0000   4064865.1527    418012.2512   5301969.9783
121550  315.0000  15.0000    1000.0000   4064865.1527    418012.2512   5301969.9783
122050  315.0000  15.0000    1000.0000   4064865.1527    418012.2512   5301969.9783
122550  315.0000  15.0000    1000.0000   4064865.1527    418012.2512   5301969.9783
123050  315.0000  15.0000    1000.0000   4064865.1527    418012.2512   5301969.9783
123550  315.0000  15.0000    1000.0000   4064865.1527    418012.2512   5301969.9783
124050  315.0000  15.0000    1000.0000   4064865.1527    418012.2512   5301969.9783
124550  315.0000  15.0000    1000.0000   4064865.1527    418012.2512   5301969.9783
125050  315.0000  15.0000    1000.0000   4064865.1527    418012.2512   5301969.9783
125550  315.0000  15.0000    1000.0000   4064865.1527    418012.2512   5301969.9783
130050  315.0000  15.0000    1000.0000   4064865.1527    418012.2512   5301969.9783
130550  315.0000  15.0000    1000.0000   4064865.1527    418012.2512   5301969.9783
131050  315.0000  15.0000    1000.0000   4064865.1527    418012.2512   5301969.9783
131550  315.0000  15.0000    1000.0000   4064865.1527    418012.2512   5301969.9783
132050  315.0000  15.0000    1000.0000   4064865.1527    418012.2512   5301969.9783
132550  315.0000  15.0000    1000.0000   4064865.1527    418012.2512   5301969.9783
133050  315.0000  15.0000    1000.0000   4064865.1527    418012.2512   5301969.9783
133550  315.0000  15.0000    1000.0000   4064865.1527    418012.2512   5301969.9783
134050  315.0000  15.0000    1000.0000   4064865.1527    418012.2512   5301969.9783
134550  315.0000  15.0000    1000.0000   4064865.1527    418012.2512   5301969.9783
135050  315.0000  15.0000    1000.0000   4064865.1527    418012.2512   5301969.9783
135550  315.0000  15.0000    1000.0000   4064865.1527    418012.2512   5301969.9783
140050  315.0000  15.0000    1000.0000   4064865.1527    418012.2512   5301969.9783
140550  315.0000  15.0000    1000.0000   4064865.1527    418012.2512   5301969.9783
141050  315.0000  15.0000    1000.0000   4064865.1527    418012.2512   5301969.9783
141550  315.0000  15.0000    1000.0000   4064865.1527    418012.2512   5301969.9783
142050  315.0000  15.0000    1000.0000   4064865.1527    418012.2512   5301969.9783
142550  315.0000  15.0000    1000.0000   4064865.1527    418012.2512   5301969.9783
143050  315.0000  15.0000    1000.0000   4064865.1527    418012.2512   5301969.9783
143550  315.0000  15.0000    1000.0000   4064865.1527    418012.2512   5301969.9783
144050  315.0000  15.0000    1000.0000   4064865.1527    418012.2512   5301969.9783
144550  315.0000  15.0000    1000.0000   4064865.1527    418012.2512   5301969.9783
145050  315.0000  15.0000    1000.0000   4064865.1527    418012.2512   5301969.9783
145550  315.0000  15.0000    1000.0000   4064865.1527    418012.2512   5301969.9783
150050  315.0000  15.0000    1000.0000   4064865.1527    418012.2512   5301969.9783
150550  315.0000  15.0000    1000.0000   4064865.1527    418012.2512   5301969.9783
151050  315.0000  15.0000    1000.0000   4064865.1527    418012.2512   5301969.9783
151550  315.0000  15.0000    1000.0000   4064865.1527    418012.2512   5301969.9783
152050  315.0000  15.0000    1000.0000   4064865.1527    418012.2512   5301969.9783
152550  315.0000  15.0000    1000.0000   4064865.1527    418012.2512   5301969.9783
153050  315.0000  15.0000    1000.0000   4064865.1527    418012.2512   5301969.9783
153550  315.0000  15.0000    1000.0000   4064865.1527    418012.2512   5301969.9783
154050  315.0000  15.0000    1000.0000   4064865.1527    418012.2512   5301969.9783
154550  315.0000  15.0000    1000.0000   4064865.1527    418012.2512   5301969.9783
155050  315.0000  15.0000    1000.0000   4064865.1527    418012.2512   5301969.9783
155550  315.0000  15.0000    1000.0000   4064865.1527    418012.2512   5301969.9783
160050  315.0000  15.0000    1000.0000   4064865.1527    418012.2512   5301969.9783
160550  315.0000  15.0000    1000.0000   4064865.1527    418012.2512   5301969.9783
161050  315.0000  15.0000    1000.0000   4064865.1527    418012.2512   5301969.9783
161550  315.0000  15.0000    1000.0000   4064865.1527    418012.2512   5301969.9783
162050  315.0000  15.0000    1000.0000   4064865.1527    418012.2512   5301969.9783
162550  315.0000  15.0000    1000.0000   4064865.1527    418012.2512   5301969.9783
163050  315.0000  15.0000    1000.0000   4064865.1527    418012.2512   5301969.9783
163550  315.0000  15.0000    1000.0000   4064865.1527    418012.2512   5301969.9783
164050  315.0000  15.0000    1000.0000   4064865.1527    418012.2512   5301969.9783
164550  315.0000  15.0000    1000.0000   4064865.1527    418012.2512   5301969.9783
165050  315.0000  15.0000    1000.0000   4064865.1527    418012.2512   5301969.9783
165550  315.0000  15.0000    1000.0000   4064865.1527    418012.2512   5301969.9783
170050  315.0000  15.0000    1000.0000   4064865.1527    418012.2512   5301969.9783
170550  315.0000  15.0000    1000.0000   4064865.1527    418012.2512   5301969.9783
171050  315.0000  15.0000    1000.0000   4064865.1527    418012.2512   5301969.9783
171550  315.0000  15.0000    1000.0000   4064865.1527    418012.2512   5301969.9783
172050  315.0000  15.0000    1000.0000   4064865.1527    418012.2512   5301969.9783
172550  315.0000  15.0000    1000.0000   4064865.1527    418012.2512   5301969.9783
173050  315.0000  15.0000    1000.0000   4064865.1527    418012.2512   5301969.9783
173550  315.0000  15.0000    1000.0000   4064865.1527    418012.2512   5301969.9783
174050  315.0000  15.0000    1000.0000   4064865.1527    418012.2512   5301969.9783
174550  315.0000  15.0000    1000.0000   4064865.1527    418012.2512   5301969.9783
175050  315.0000  15.0000    1000.0000   4064865.1527    418012.2512   5301969.9783
175550  315.0000  15.0000    1000.0000   4064865.1527    418012.2512   5301969.9783
180050  315.0000  15.0000    1000.0000   4064865.1527    418012.2512   5301969.9783
180550  315.0000  15.0000    1000.0000   4064865.1527    418012.2512   5301969.9783
181050  315.0000  15.0000    1000.0000   4064865.1527    418012.2512   5301969.9783
181550  315.0000  15.0000    1000.0000   4064865.1527    418012.2512   5301969.9783
182050  315.0000  15.0000    1000.0000   4064865.1527    418012.2512   5301969.9783
182550  315.0000  15.0000    1000.0000   4064865.1527    418012.2512   5301969.9783
183050  315.0000  15.0000    1000.0000   4064865.1527    418012.2512   5301969.9783
183550  315.0000  15.0000    1000.0000   4064865.1527    418012.2512   5301969.9783
184050  315.0000  15.0000    1000.0000   4064865.1527    418012.2512   5301969.9783
184550  315.0000  15.0000    1000.0000   4064865.1527    418012.2512   5301969.9783
185050  315.0000  15.0000    1000.0000   4064865.1527    418012.2512   5301969.9783
185550  315.0000  15.0000    1000.0000   4064865.1527    418012.2512   5301969.9783
190050  315.0000  15.0000    1000.0000   4064865.1527    418012.2512   5301969.9783
190550  315.0000  15.0000    1000.0000   4064865.1527    418012.2512   5301969.9783
191050  315.0000  15.0000    1000.0000   4064865.1527    418012.2512   5301969.9783
191550  315.0000  15.0000    1000.0000   4064865.1527    418012.2512   5301969.9783
192050  315.0000  15.0000    1000.0000   4064865.1527    418012.2512   5301969.9783
192550  315.0000  15.0000    1000.0000   4064865.1527    418012.2512   5301969.9783
193050  315.0000  15.0000    1000.0000   4064865.1527    418012.2512   5301969.9783
193550  315.0000  15.0000    1000.0000   4064865.1527    418012.2512   5301969.9783
194050  315.0000  15.0000    1000.0000   4064865.1527    418012.2512   5301969.9783
194550  315.0000  15.0000    1000.0000   4064865.1527    418012.2512   5301969.9783
195050  315.0000  15.0000    1000.0000   4064865.1527    418012.2512   5301969.9783
195550  315.0000  15.0000    1000.0000   4064865.1527    418012.2512   5301969.9783
200050  315.0000  15.0000    1000.0000   4064865.1527    418012.2512   5301969.9783
200550  315.0000  15.0000    1000.0000   4064865.1527    418012.2512   5301969.9783
201050  315.0000  15.0000    1000.0000   4064865.1527    418012.2512   5301969.9783
