X5216110 R_PNT     RP_TEST 1808 0000000  315 15.0 2025 161 102527 300 100   0   0 1     -1
102527  315.0000  15.0000    1000.0000   4064865.1527    418012.2512   5301969.9783
102707  315.0000  15.0000    1000.0000   4064865.1527    418012.2512   5301969.9783
102847  315.0000  15.0000    1000.0000   4064865.1527    418012.2512   5301969.9783
103027  315.0000  15.0000    1000.0000   4064865.1527    418012.2512   5301969.9783
103207  315.0000  15.0000    1000.0000   4064865.1527    418012.2512   5301969.9783
103347  315.0000  15.0000    1000.0000   4064865.1527    418012.2512   5301969.9783
103527  315.0000  15.0000    1000.0000   4064865.1527    418012.2512   5301969.9783
103707  315.0000  15.0000    1000.0000   4064865.1527    418012.2512   5301969.9783
103847  315.0000  15.0000    1000.0000   4064865.1527    418012.2512   5301969.9783
104027  315.0000  15.0000    1000.0000   4064865.1527    418012.2512   5301969.9783
104207  315.0000  15.0000    1000.0000   4064865.1527    418012.2512   5301969.9783
104347  315.0000  15.0000    1000.0000   4064865.1527    418012.2512   5301969.9783
104527  315.0000  15.0000    1000.0000   4064865.1527    418012.2512   5301969.9783
104707  315.0000  15.0000    1000.0000   4064865.1527    418012.2512   5301969.9783
104847  315.0000  15.0000    1000.0000   4064865.1527    418012.2512   5301969.9783
105027  315.0000  15.0000    1000.0000   4064865.1527    418012.2512   5301969.9783
105207  315.0000  15.0000    1000.0000   4064865.1527    418012.2512   5301969.9783
105347  315.0000  15.0000    1000.0000   4064865.1527    418012.2512   5301969.9783
105527  315.0000  15.0000    1000.0000   4064865.1527    418012.2512   5301969.9783
105707  315.0000  15.0000    1000.0000   4064865.1527    418012.2512   5301969.9783
105847  315.0000  15.0000    1000.0000   4064865.1527    418012.2512   5301969.9783
110027  315.0000  15.0000    1000.0000   4064865.1527    418012.2512   5301969.9783
110207  315.0000  15.0000    1000.0000   4064865.1527    418012.2512   5301969.9783
110347  315.0000  15.0000    1000.0000   4064865.1527    418012.2512   5301969.9783
110527  315.0000  15.0000    1000.0000   4064865.1527    418012.2512   5301969.9783
110707  315.0000  15.0000    1000.0000   4064865.1527    418012.2512   5301969.9783
110847  315.0000  15.0000    1000.0000   4064865.1527    418012.2512   5301969.9783
111027  315.0000  15.0000    1000.0000   4064865.1527    418012.2512   5301969.9783
111207  315.0000  15.0000    1000.0000   4064865.1527    418012.2512   5301969.9783
111347  315.0000  15.0000    1000.0000   4064865.1527    418012.2512   5301969.9783
111527  315.0000  15.0000    1000.0000   4064865.1527    418012.2512   5301969.9783
111707  315.0000  15.0000    1000.0000   4064865.1527    418012.2512   5301969.9783
111847  315.0000  15.0000    1000.0000   4064865.1527    418012.2512   5301969.9783
112027  315.0000  15.0000    1000.0000   4064865.1527    418012.2512   5301969.9783
112207  315.0000  15.0000    1000.0000   4064865.1527    418012.2512   5301969.9783
112347  315.0000  15.0000    1000.0000   4064865.1527    418012.2512   5301969.9783
112527  315.0000  15.0000    1000.0000   4064865.1527    418012.2512   5301969.9783
112707  315.0000  15.0000    1000.0000   4064865.1527    418012.2512   5301969.9783
112847  315.0000  15.0000    1000.0000   4064865.1527    418012.2512   5301969.9783
113027  315.0000  15.0000    1000.0000   4064865.1527    418012.2512   5301969.9783
113207  315.0000  15.0000    1000.0000   4064865.1527    418012.2512   5301969.9783
113347  315.0000  15.0000    1000.0000   4064865.1527    418012.2512   5301969.9783
113527  315.0000  15.0000    1000.0000   4064865.1527    418012.2512   5301969.9783
113707  315.0000  15.0000    1000.0000   4064865.1527    418012.2512   5301969.9783
113847  315.0000  15.0000    1000.0000   4064865.1527    418012.2512   5301969.9783
114027  315.0000  15.0000    1000.0000   4064865.1527    418012.2512   5301969.9783
114207  315.0000  15.0000    1000.0000   4064865.1527    418012.2512   5301969.9783
114347  315.0000  15.0000    1000.0000   4064865.1527    418012.2512   5301969.9783
114527  315.0000  15.0000    1000.0000   4064865.1527    418012.2512   5301969.9783
114707  315.0000  15.0000    1000.0000   4064865.1527    418012.2512   5301969.9783
114847  315.0000  15.0000    1000.0000   4064865.1527    418012.2512   5301969.9783
115027  315.0000  15.0000    1000.0000   4064865.1527    418012.2512   5301969.9783
115207  315.0000  15.0000    1000.0000   4064865.1527    418012.2512   5301969.9783
115347  315.0000  15.0000    1000.0000   4064865.1527    418012.2512   5301969.9783
115527  315.0000  15.0000    1000.0000   4064865.1527    418012.2512   5301969.9783
115707  315.0000  15.0000    1000.0000   4064865.1527    418012.2512   5301969.9783
115847  315.0000  15.0000    1000.0000   4064865.1527    418012.2512   5301969.9783
120027  315.0000  15.0000    1000.0000   4064865.1527    418012.2512   5301969.9783
120207  315.0000  15.0000    1000.0000   4064865.1527    418012.2512   5301969.9783
120347  315.0000  15.0000    1000.0000   4064865.1527    418012.2512   5301969.9783
120527  315.0000  15.0000    1000.0000   4064865.1527    418012.2512   5301969.9783
120707  315.0000  15.0000    1000.0000   4064865.1527    418012.2512   5301969.9783
120847  315.0000  15.0000    1000.0000   4064865.1527    418012.2512   5301969.9783
121027  315.0000  15.0000    1000.0000   4064865.1527    418012.2512   5301969.9783
121207  315.0000  15.0000    1000.0000   4064865.1527    418012.2512   5301969.9783
121347  315.0000  15.0000    1000.0000   4064865.1527    418012.2512   5301969.9783
121527  315.0000  15.0000    1000.0000   4064865.1527    418012.2512   5301969.9783
121707  315.0000  15.0000    1000.0000   4064865.1527    418012.2512   5301969.9783
121847  315.0000  15.0000    1000.0000   4064865.1527    418012.2512   5301969.9783
122027  315.0000  15.0000    1000.0000   4064865.1527    418012.2512   5301969.9783
122207  315.0000  15.0000    1000.0000   4064865.1527    418012.2512   5301969.9783
122347  315.0000  15.0000    1000.0000   4064865.1527    418012.2512   5301969.9783
122527  315.0000  15.0000    1000.0000   4064865.1527    418012.2512   5301969.9783
122707  315.0000  15.0000    1000.0000   4064865.1527    418012.2512   5301969.9783
122847  315.0000  15.0000    1000.0000   4064865.1527    418012.2512   5301969.9783
123027  315.0000  15.0000    1000.0000   4064865.1527    418012.2512   5301969.9783
123207  315.0000  15.0000    1000.0000   4064865.1527    418012.2512   5301969.9783
123347  315.0000  15.0000    1000.0000   4064865.1527    418012.2512   5301969.9783
123527  315.0000  15.0000    1000.0000   4064865.1527    418012.2512   5301969.9783
123707  315.0000  15.0000    1000.0000   4064865.1527    418012.2512   5301969.9783
123847  315.0000  15.0000    1000.0000   4064865.1527    418012.2512   5301969.9783
124027  315.0000  15.0000    1000.0000   4064865.1527    418012.2512   5301969.9783
124207  315.0000  15.0000    1000.0000   4064865.1527    418012.2512   5301969.9783
124347  315.0000  15.0000    1000.0000   4064865.1527    418012.2512   5301969.9783
124527  315.0000  15.0000    1000.0000   4064865.1527    418012.2512   5301969.9783
124707  315.0000  15.0000    1000.0000   4064865.1527    418012.2512   5301969.9783
124847  315.0000  15.0000    1000.0000   4064865.1527    418012.2512   5301969.9783
125027  315.0000  15.0000    1000.0000   4064865.1527    418012.2512   5301969.9783
125207  315.0000  15.0000    1000.0000   4064865.1527    418012.2512   5301969.9783
125347  315.0000  15.0000    1000.0000   4064865.1527    418012.2512   5301969.9783
125527  315.0000  15.0000    1000.0000   4064865.1527    418012.2512   5301969.9783
125707  315.0000  15.0000    1000.0000   4064865.1527    418012.2512   5301969.9783
125847  315.0000  15.0000    1000.0000   4064865.1527    418012.2512   5301969.9783
130027  315.0000  15.0000    1000.0000   4064865.1527    418012.2512   5301969.9783
130207  315.0000  15.0000    1000.0000   4064865.1527    418012.2512   5301969.9783
130347  315.0000  15.0000    1000.0000   4064865.1527    418012.2512   5301969.9783
130527  315.0000  15.0000    1000.0000   4064865.1527    418012.2512   5301969.9783
130707  315.0000  15.0000    1000.0000   4064865.1527    418012.2512   5301969.9783
130847  315.0000  15.0000    1000.0000   4064865.1527    418012.2512   5301969.9783
131027  315.0000  15.0000    1000.0000   4064865.1527    418012.2512   5301969.9783
