X5212708 R_PNT     RP_TEST 1808 0000000  315 15.0 2025 127 085341 300 100   0   0 1     -1
085341  315.0000  15.0000    1000.0000   5035073.9735   1687298.8130   4512690.6027
085841  315.0000  15.0000    1000.0000   5035073.9735   1687298.8130   4512690.6027
090341  315.0000  15.0000    1000.0000   5035073.9735   1687298.8130   4512690.6027
090841  315.0000  15.0000    1000.0000   5035073.9735   1687298.8130   4512690.6027
091341  315.0000  15.0000    1000.0000   5035073.9735   1687298.8130   4512690.6027
091841  315.0000  15.0000    1000.0000   5035073.9735   1687298.8130   4512690.6027
092341  315.0000  15.0000    1000.0000   5035073.9735   1687298.8130   4512690.6027
092841  315.0000  15.0000    1000.0000   5035073.9735   1687298.8130   4512690.6027
093341  315.0000  15.0000    1000.0000   5035073.9735   1687298.8130   4512690.6027
093841  315.0000  15.0000    1000.0000   5035073.9735   1687298.8130   4512690.6027
094341  315.0000  15.0000    1000.0000   5035073.9735   1687298.8130   4512690.6027
094841  315.0000  15.0000    1000.0000   5035073.9735   1687298.8130   4512690.6027
095341  315.0000  15.0000    1000.0000   5035073.9735   1687298.8130   4512690.6027
095841  315.0000  15.0000    1000.0000   5035073.9735   1687298.8130   4512690.6027
100341  315.0000  15.0000    1000.0000   5035073.9735   1687298.8130   4512690.6027
100841  315.0000  15.0000    1000.0000   5035073.9735   1687298.8130   4512690.6027
101341  315.0000  15.0000    1000.0000   5035073.9735   1687298.8130   4512690.6027
101841  315.0000  15.0000    1000.0000   5035073.9735   1687298.8130   4512690.6027
102341  315.0000  15.0000    1000.0000   5035073.9735   1687298.8130   4512690.6027
102841  315.0000  15.0000    1000.0000   5035073.9735   1687298.8130   4512690.6027
103341  315.0000  15.0000    1000.0000   5035073.9735   1687298.8130   4512690.6027
103841  315.0000  15.0000    1000.0000   5035073.9735   1687298.8130   4512690.6027
104341  315.0000  15.0000    1000.0000   5035073.9735   1687298.8130   4512690.6027
104841  315.0000  15.0000    1000.0000   5035073.9735   1687298.8130   4512690.6027
105341  315.0000  15.0000    1000.0000   5035073.9735   1687298.8130   4512690.6027
105841  315.0000  15.0000    1000.0000   5035073.9735   1687298.8130   4512690.6027
110341  315.0000  15.0000    1000.0000   5035073.9735   1687298.8130   4512690.6027
110841  315.0000  15.0000    1000.0000   5035073.9735   1687298.8130   4512690.6027
111341  315.0000  15.0000    1000.0000   5035073.9735   1687298.8130   4512690.6027
111841  315.0000  15.0000    1000.0000   5035073.9735   1687298.8130   4512690.6027
112341  315.0000  15.0000    1000.0000   5035073.9735   1687298.8130   4512690.6027
112841  315.0000  15.0000    1000.0000   5035073.9735   1687298.8130   4512690.6027
113341  315.0000  15.0000    1000.0000   5035073.9735   1687298.8130   4512690.6027
113841  315.0000  15.0000    1000.0000   5035073.9735   1687298.8130   4512690.6027
114341  315.0000  15.0000    1000.0000   5035073.9735   1687298.8130   4512690.6027
114841  315.0000  15.0000    1000.0000   5035073.9735   1687298.8130   4512690.6027
115341  315.0000  15.0000    1000.0000   5035073.9735   1687298.8130   4512690.6027
115841  315.0000  15.0000    1000.0000   5035073.9735   1687298.8130   4512690.6027
120341  315.0000  15.0000    1000.0000   5035073.9735   1687298.8130   4512690.6027
120841  315.0000  15.0000    1000.0000   5035073.9735   1687298.8130   4512690.6027
121341  315.0000  15.0000    1000.0000   5035073.9735   1687298.8130   4512690.6027
121841  315.0000  15.0000    1000.0000   5035073.9735   1687298.8130   4512690.6027
122341  315.0000  15.0000    1000.0000   5035073.9735   1687298.8130   4512690.6027
122841  315.0000  15.0000    1000.0000   5035073.9735   1687298.8130   4512690.6027
123341  315.0000  15.0000    1000.0000   5035073.9735   1687298.8130   4512690.6027
123841  315.0000  15.0000    1000.0000   5035073.9735   1687298.8130   4512690.6027
124341  315.0000  15.0000    1000.0000   5035073.9735   1687298.8130   4512690.6027
124841  315.0000  15.0000    1000.0000   5035073.9735   1687298.8130   4512690.6027
125341  315.0000  15.0000    1000.0000   5035073.9735   1687298.8130   4512690.6027
125841  315.0000  15.0000    1000.0000   5035073.9735   1687298.8130   4512690.6027
130341  315.0000  15.0000    1000.0000   5035073.9735   1687298.8130   4512690.6027
130841  315.0000  15.0000    1000.0000   5035073.9735   1687298.8130   4512690.6027
131341  315.0000  15.0000    1000.0000   5035073.9735   1687298.8130   4512690.6027
131841  315.0000  15.0000    1000.0000   5035073.9735   1687298.8130   4512690.6027
132341  315.0000  15.0000    1000.0000   5035073.9735   1687298.8130   4512690.6027
132841  315.0000  15.0000    1000.0000   5035073.9735   1687298.8130   4512690.6027
133341  315.0000  15.0000    1000.0000   5035073.9735   1687298.8130   4512690.6027
133841  315.0000  15.0000    1000.0000   5035073.9735   1687298.8130   4512690.6027
134341  315.0000  15.0000    1000.0000   5035073.9735   1687298.8130   4512690.6027
134841  315.0000  15.0000    1000.0000   5035073.9735   1687298.8130   4512690.6027
135341  315.0000  15.0000    1000.0000   5035073.9735   1687298.8130   4512690.6027
135841  315.0000  15.0000    1000.0000   5035073.9735   1687298.8130   4512690.6027
140341  315.0000  15.0000    1000.0000   5035073.9735   1687298.8130   4512690.6027
140841  315.0000  15.0000    1000.0000   5035073.9735   1687298.8130   4512690.6027
141341  315.0000  15.0000    1000.0000   5035073.9735   1687298.8130   4512690.6027
141841  315.0000  15.0000    1000.0000   5035073.9735   1687298.8130   4512690.6027
142341  315.0000  15.0000    1000.0000   5035073.9735   1687298.8130   4512690.6027
142841  315.0000  15.0000    1000.0000   5035073.9735   1687298.8130   4512690.6027
143341  315.0000  15.0000    1000.0000   5035073.9735   1687298.8130   4512690.6027
143841  315.0000  15.0000    1000.0000   5035073.9735   1687298.8130   4512690.6027
144341  315.0000  15.0000    1000.0000   5035073.9735   1687298.8130   4512690.6027
144841  315.0000  15.0000    1000.0000   5035073.9735   1687298.8130   4512690.6027
145341  315.0000  15.0000    1000.0000   5035073.9735   1687298.8130   4512690.6027
145841  315.0000  15.0000    1000.0000   5035073.9735   1687298.8130   4512690.6027
150341  315.0000  15.0000    1000.0000   5035073.9735   1687298.8130   4512690.6027
150841  315.0000  15.0000    1000.0000   5035073.9735   1687298.8130   4512690.6027
151341  315.0000  15.0000    1000.0000   5035073.9735   1687298.8130   4512690.6027
151841  315.0000  15.0000    1000.0000   5035073.9735   1687298.8130   4512690.6027
152341  315.0000  15.0000    1000.0000   5035073.9735   1687298.8130   4512690.6027
152841  315.0000  15.0000    1000.0000   5035073.9735   1687298.8130   4512690.6027
153341  315.0000  15.0000    1000.0000   5035073.9735   1687298.8130   4512690.6027
153841  315.0000  15.0000    1000.0000   5035073.9735   1687298.8130   4512690.6027
154341  315.0000  15.0000    1000.0000   5035073.9735   1687298.8130   4512690.6027
154841  315.0000  15.0000    1000.0000   5035073.9735   1687298.8130   4512690.6027
155341  315.0000  15.0000    1000.0000   5035073.9735   1687298.8130   4512690.6027
155841  315.0000  15.0000    1000.0000   5035073.9735   1687298.8130   4512690.6027
160341  315.0000  15.0000    1000.0000   5035073.9735   1687298.8130   4512690.6027
160841  315.0000  15.0000    1000.0000   5035073.9735   1687298.8130   4512690.6027
161341  315.0000  15.0000    1000.0000   5035073.9735   1687298.8130   4512690.6027
161841  315.0000  15.0000    1000.0000   5035073.9735   1687298.8130   4512690.6027
162341  315.0000  15.0000    1000.0000   5035073.9735   1687298.8130   4512690.6027
162841  315.0000  15.0000    1000.0000   5035073.9735   1687298.8130   4512690.6027
163341  315.0000  15.0000    1000.0000   5035073.9735   1687298.8130   4512690.6027
163841  315.0000  15.0000    1000.0000   5035073.9735   1687298.8130   4512690.6027
164341  315.0000  15.0000    1000.0000   5035073.9735   1687298.8130   4512690.6027
164841  315.0000  15.0000    1000.0000   5035073.9735   1687298.8130   4512690.6027
165341  315.0000  15.0000    1000.0000   5035073.9735   1687298.8130   4512690.6027
165841  315.0000  15.0000    1000.0000   5035073.9735   1687298.8130   4512690.6027
170341  315.0000  15.0000    1000.0000   5035073.9735   1687298.8130   4512690.6027
170841  315.0000  15.0000    1000.0000   5035073.9735   1687298.8130   4512690.6027
