X5312711 R_PNT     RP_TEST 1808 0000000  315 30.0 2025 127 115550 300 100   0   0 1     -1
115550  315.0000  30.0000    1000.0000   4254144.0681    543784.1144   5430435.0632
120050  315.0000  30.0000    1000.0000   4254144.0681    543784.1144   5430435.0632
120550  315.0000  30.0000    1000.0000   4254144.0681    543784.1144   5430435.0632
121050  315.0000  30.0000    1000.0000   4254144.0681    543784.1144   5430435.0632
121550  315.0000  30.0000    1000.0000   4254144.0681    543784.1144   5430435.0632
122050  315.0000  30.0000    1000.0000   4254144.0681    543784.1144   5430435.0632
122550  315.0000  30.0000    1000.0000   4254144.0681    543784.1144   5430435.0632
123050  315.0000  30.0000    1000.0000   4254144.0681    543784.1144   5430435.0632
123550  315.0000  30.0000    1000.0000   4254144.0681    543784.1144   5430435.0632
124050  315.0000  30.0000    1000.0000   4254144.0681    543784.1144   5430435.0632
124550  315.0000  30.0000    1000.0000   4254144.0681    543784.1144   5430435.0632
125050  315.0000  30.0000    1000.0000   4254144.0681    543784.1144   5430435.0632
125550  315.0000  30.0000    1000.0000   4254144.0681    543784.1144   5430435.0632
130050  315.0000  30.0000    1000.0000   4254144.0681    543784.1144   5430435.0632
130550  315.0000  30.0000    1000.0000   4254144.0681    543784.1144   5430435.0632
131050  315.0000  30.0000    1000.0000   4254144.0681    543784.1144   5430435.0632
131550  315.0000  30.0000    1000.0000   4254144.0681    543784.1144   5430435.0632
132050  315.0000  30.0000    1000.0000   4254144.0681    543784.1144   5430435.0632
132550  315.0000  30.0000    1000.0000   4254144.0681    543784.1144   5430435.0632
133050  315.0000  30.0000    1000.0000   4254144.0681    543784.1144   5430435.0632
133550  315.0000  30.0000    1000.0000   4254144.0681    543784.1144   5430435.0632
134050  315.0000  30.0000    1000.0000   4254144.0681    543784.1144   5430435.0632
134550  315.0000  30.0000    1000.0000   4254144.0681    543784.1144   5430435.0632
135050  315.0000  30.0000    1000.0000   4254144.0681    543784.1144   5430435.0632
135550  315.0000  30.0000    1000.0000   4254144.0681    543784.1144   5430435.0632
140050  315.0000  30.0000    1000.0000   4254144.0681    543784.1144   5430435.0632
140550  315.0000  30.0000    1000.0000   4254144.0681    543784.1144   5430435.0632
141050  315.0000  30.0000    1000.0000   4254144.0681    543784.1144   5430435.0632
141550  315.0000  30.0000    1000.0000   4254144.0681    543784.1144   5430435.0632
142050  315.0000  30.0000    1000.0000   4254144.0681    543784.1144   5430435.0632
142550  315.0000  30.0000    1000.0000   4254144.0681    543784.1144   5430435.0632
143050  315.0000  30.0000    1000.0000   4254144.0681    543784.1144   5430435.0632
143550  315.0000  30.0000    1000.0000   4254144.0681    543784.1144   5430435.0632
144050  315.0000  30.0000    1000.0000   4254144.0681    543784.1144   5430435.0632
144550  315.0000  30.0000    1000.0000   4254144.0681    543784.1144   5430435.0632
145050  315.0000  30.0000    1000.0000   4254144.0681    543784.1144   5430435.0632
145550  315.0000  30.0000    1000.0000   4254144.0681    543784.1144   5430435.0632
150050  315.0000  30.0000    1000.0000   4254144.0681    543784.1144   5430435.0632
150550  315.0000  30.0000    1000.0000   4254144.0681    543784.1144   5430435.0632
151050  315.0000  30.0000    1000.0000   4254144.0681    543784.1144   5430435.0632
151550  315.0000  30.0000    1000.0000   4254144.0681    543784.1144   5430435.0632
152050  315.0000  30.0000    1000.0000   4254144.0681    543784.1144   5430435.0632
152550  315.0000  30.0000    1000.0000   4254144.0681    543784.1144   5430435.0632
153050  315.0000  30.0000    1000.0000   4254144.0681    543784.1144   5430435.0632
153550  315.0000  30.0000    1000.0000   4254144.0681    543784.1144   5430435.0632
154050  315.0000  30.0000    1000.0000   4254144.0681    543784.1144   5430435.0632
154550  315.0000  30.0000    1000.0000   4254144.0681    543784.1144   5430435.0632
155050  315.0000  30.0000    1000.0000   4254144.0681    543784.1144   5430435.0632
155550  315.0000  30.0000    1000.0000   4254144.0681    543784.1144   5430435.0632
160050  315.0000  30.0000    1000.0000   4254144.0681    543784.1144   5430435.0632
160550  315.0000  30.0000    1000.0000   4254144.0681    543784.1144   5430435.0632
161050  315.0000  30.0000    1000.0000   4254144.0681    543784.1144   5430435.0632
161550  315.0000  30.0000    1000.0000   4254144.0681    543784.1144   5430435.0632
162050  315.0000  30.0000    1000.0000   4254144.0681    543784.1144   5430435.0632
162550  315.0000  30.0000    1000.0000   4254144.0681    543784.1144   5430435.0632
163050  315.0000  30.0000    1000.0000   4254144.0681    543784.1144   5430435.0632
163550  315.0000  30.0000    1000.0000   4254144.0681    543784.1144   5430435.0632
164050  315.0000  30.0000    1000.0000   4254144.0681    543784.1144   5430435.0632
164550  315.0000  30.0000    1000.0000   4254144.0681    543784.1144   5430435.0632
165050  315.0000  30.0000    1000.0000   4254144.0681    543784.1144   5430435.0632
165550  315.0000  30.0000    1000.0000   4254144.0681    543784.1144   5430435.0632
170050  315.0000  30.0000    1000.0000   4254144.0681    543784.1144   5430435.0632
170550  315.0000  30.0000    1000.0000   4254144.0681    543784.1144   5430435.0632
171050  315.0000  30.0000    1000.0000   4254144.0681    543784.1144   5430435.0632
171550  315.0000  30.0000    1000.0000   4254144.0681    543784.1144   5430435.0632
172050  315.0000  30.0000    1000.0000   4254144.0681    543784.1144   5430435.0632
172550  315.0000  30.0000    1000.0000   4254144.0681    543784.1144   5430435.0632
173050  315.0000  30.0000    1000.0000   4254144.0681    543784.1144   5430435.0632
173550  315.0000  30.0000    1000.0000   4254144.0681    543784.1144   5430435.0632
174050  315.0000  30.0000    1000.0000   4254144.0681    543784.1144   5430435.0632
174550  315.0000  30.0000    1000.0000   4254144.0681    543784.1144   5430435.0632
175050  315.0000  30.0000    1000.0000   4254144.0681    543784.1144   5430435.0632
175550  315.0000  30.0000    1000.0000   4254144.0681    543784.1144   5430435.0632
180050  315.0000  30.0000    1000.0000   4254144.0681    543784.1144   5430435.0632
180550  315.0000  30.0000    1000.0000   4254144.0681    543784.1144   5430435.0632
181050  315.0000  30.0000    1000.0000   4254144.0681    543784.1144   5430435.0632
181550  315.0000  30.0000    1000.0000   4254144.0681    543784.1144   5430435.0632
182050  315.0000  30.0000    1000.0000   4254144.0681    543784.1144   5430435.0632
182550  315.0000  30.0000    1000.0000   4254144.0681    543784.1144   5430435.0632
183050  315.0000  30.0000    1000.0000   4254144.0681    543784.1144   5430435.0632
183550  315.0000  30.0000    1000.0000   4254144.0681    543784.1144   5430435.0632
184050  315.0000  30.0000    1000.0000   4254144.0681    543784.1144   5430435.0632
184550  315.0000  30.0000    1000.0000   4254144.0681    543784.1144   5430435.0632
185050  315.0000  30.0000    1000.0000   4254144.0681    543784.1144   5430435.0632
185550  315.0000  30.0000    1000.0000   4254144.0681    543784.1144   5430435.0632
190050  315.0000  30.0000    1000.0000   4254144.0681    543784.1144   5430435.0632
190550  315.0000  30.0000    1000.0000   4254144.0681    543784.1144   5430435.0632
191050  315.0000  30.0000    1000.0000   4254144.0681    543784.1144   5430435.0632
191550  315.0000  30.0000    1000.0000   4254144.0681    543784.1144   5430435.0632
192050  315.0000  30.0000    1000.0000   4254144.0681    543784.1144   5430435.0632
192550  315.0000  30.0000    1000.0000   4254144.0681    543784.1144   5430435.0632
193050  315.0000  30.0000    1000.0000   4254144.0681    543784.1144   5430435.0632
193550  315.0000  30.0000    1000.0000   4254144.0681    543784.1144   5430435.0632
194050  315.0000  30.0000    1000.0000   4254144.0681    543784.1144   5430435.0632
194550  315.0000  30.0000    1000.0000   4254144.0681    543784.1144   5430435.0632
195050  315.0000  30.0000    1000.0000   4254144.0681    543784.1144   5430435.0632
195550  315.0000  30.0000    1000.0000   4254144.0681    543784.1144   5430435.0632
200050  315.0000  30.0000    1000.0000   4254144.0681    543784.1144   5430435.0632
200550  315.0000  30.0000    1000.0000   4254144.0681    543784.1144   5430435.0632
201050  315.0000  30.0000    1000.0000   4254144.0681    543784.1144   5430435.0632
