X5312708 R_PNT     RP_TEST 1808 0000000  315 30.0 2025 127 085341 300 100   0   0 1     -1
085341  315.0000  30.0000    1000.0000   4948130.8248   1815552.7167   4722786.2298
085841  315.0000  30.0000    1000.0000   4948130.8248   1815552.7167   4722786.2298
090341  315.0000  30.0000    1000.0000   4948130.8248   1815552.7167   4722786.2298
090841  315.0000  30.0000    1000.0000   4948130.8248   1815552.7167   4722786.2298
091341  315.0000  30.0000    1000.0000   4948130.8248   1815552.7167   4722786.2298
091841  315.0000  30.0000    1000.0000   4948130.8248   1815552.7167   4722786.2298
092341  315.0000  30.0000    1000.0000   4948130.8248   1815552.7167   4722786.2298
092841  315.0000  30.0000    1000.0000   4948130.8248   1815552.7167   4722786.2298
093341  315.0000  30.0000    1000.0000   4948130.8248   1815552.7167   4722786.2298
093841  315.0000  30.0000    1000.0000   4948130.8248   1815552.7167   4722786.2298
094341  315.0000  30.0000    1000.0000   4948130.8248   1815552.7167   4722786.2298
094841  315.0000  30.0000    1000.0000   4948130.8248   1815552.7167   4722786.2298
095341  315.0000  30.0000    1000.0000   4948130.8248   1815552.7167   4722786.2298
095841  315.0000  30.0000    1000.0000   4948130.8248   1815552.7167   4722786.2298
100341  315.0000  30.0000    1000.0000   4948130.8248   1815552.7167   4722786.2298
100841  315.0000  30.0000    1000.0000   4948130.8248   1815552.7167   4722786.2298
101341  315.0000  30.0000    1000.0000   4948130.8248   1815552.7167   4722786.2298
101841  315.0000  30.0000    1000.0000   4948130.8248   1815552.7167   4722786.2298
102341  315.0000  30.0000    1000.0000   4948130.8248   1815552.7167   4722786.2298
102841  315.0000  30.0000    1000.0000   4948130.8248   1815552.7167   4722786.2298
103341  315.0000  30.0000    1000.0000   4948130.8248   1815552.7167   4722786.2298
103841  315.0000  30.0000    1000.0000   4948130.8248   1815552.7167   4722786.2298
104341  315.0000  30.0000    1000.0000   4948130.8248   1815552.7167   4722786.2298
104841  315.0000  30.0000    1000.0000   4948130.8248   1815552.7167   4722786.2298
105341  315.0000  30.0000    1000.0000   4948130.8248   1815552.7167   4722786.2298
105841  315.0000  30.0000    1000.0000   4948130.8248   1815552.7167   4722786.2298
110341  315.0000  30.0000    1000.0000   4948130.8248   1815552.7167   4722786.2298
110841  315.0000  30.0000    1000.0000   4948130.8248   1815552.7167   4722786.2298
111341  315.0000  30.0000    1000.0000   4948130.8248   1815552.7167   4722786.2298
111841  315.0000  30.0000    1000.0000   4948130.8248   1815552.7167   4722786.2298
112341  315.0000  30.0000    1000.0000   4948130.8248   1815552.7167   4722786.2298
112841  315.0000  30.0000    1000.0000   4948130.8248   1815552.7167   4722786.2298
113341  315.0000  30.0000    1000.0000   4948130.8248   1815552.7167   4722786.2298
113841  315.0000  30.0000    1000.0000   4948130.8248   1815552.7167   4722786.2298
114341  315.0000  30.0000    1000.0000   4948130.8248   1815552.7167   4722786.2298
114841  315.0000  30.0000    1000.0000   4948130.8248   1815552.7167   4722786.2298
115341  315.0000  30.0000    1000.0000   4948130.8248   1815552.7167   4722786.2298
115841  315.0000  30.0000    1000.0000   4948130.8248   1815552.7167   4722786.2298
120341  315.0000  30.0000    1000.0000   4948130.8248   1815552.7167   4722786.2298
120841  315.0000  30.0000    1000.0000   4948130.8248   1815552.7167   4722786.2298
121341  315.0000  30.0000    1000.0000   4948130.8248   1815552.7167   4722786.2298
121841  315.0000  30.0000    1000.0000   4948130.8248   1815552.7167   4722786.2298
122341  315.0000  30.0000    1000.0000   4948130.8248   1815552.7167   4722786.2298
122841  315.0000  30.0000    1000.0000   4948130.8248   1815552.7167   4722786.2298
123341  315.0000  30.0000    1000.0000   4948130.8248   1815552.7167   4722786.2298
123841  315.0000  30.0000    1000.0000   4948130.8248   1815552.7167   4722786.2298
124341  315.0000  30.0000    1000.0000   4948130.8248   1815552.7167   4722786.2298
124841  315.0000  30.0000    1000.0000   4948130.8248   1815552.7167   4722786.2298
125341  315.0000  30.0000    1000.0000   4948130.8248   1815552.7167   4722786.2298
125841  315.0000  30.0000    1000.0000   4948130.8248   1815552.7167   4722786.2298
130341  315.0000  30.0000    1000.0000   4948130.8248   1815552.7167   4722786.2298
130841  315.0000  30.0000    1000.0000   4948130.8248   1815552.7167   4722786.2298
131341  315.0000  30.0000    1000.0000   4948130.8248   1815552.7167   4722786.2298
131841  315.0000  30.0000    1000.0000   4948130.8248   1815552.7167   4722786.2298
132341  315.0000  30.0000    1000.0000   4948130.8248   1815552.7167   4722786.2298
132841  315.0000  30.0000    1000.0000   4948130.8248   1815552.7167   4722786.2298
133341  315.0000  30.0000    1000.0000   4948130.8248   1815552.7167   4722786.2298
133841  315.0000  30.0000    1000.0000   4948130.8248   1815552.7167   4722786.2298
134341  315.0000  30.0000    1000.0000   4948130.8248   1815552.7167   4722786.2298
134841  315.0000  30.0000    1000.0000   4948130.8248   1815552.7167   4722786.2298
135341  315.0000  30.0000    1000.0000   4948130.8248   1815552.7167   4722786.2298
135841  315.0000  30.0000    1000.0000   4948130.8248   1815552.7167   4722786.2298
140341  315.0000  30.0000    1000.0000   4948130.8248   1815552.7167   4722786.2298
140841  315.0000  30.0000    1000.0000   4948130.8248   1815552.7167   4722786.2298
141341  315.0000  30.0000    1000.0000   4948130.8248   1815552.7167   4722786.2298
141841  315.0000  30.0000    1000.0000   4948130.8248   1815552.7167   4722786.2298
142341  315.0000  30.0000    1000.0000   4948130.8248   1815552.7167   4722786.2298
142841  315.0000  30.0000    1000.0000   4948130.8248   1815552.7167   4722786.2298
143341  315.0000  30.0000    1000.0000   4948130.8248   1815552.7167   4722786.2298
143841  315.0000  30.0000    1000.0000   4948130.8248   1815552.7167   4722786.2298
144341  315.0000  30.0000    1000.0000   4948130.8248   1815552.7167   4722786.2298
144841  315.0000  30.0000    1000.0000   4948130.8248   1815552.7167   4722786.2298
145341  315.0000  30.0000    1000.0000   4948130.8248   1815552.7167   4722786.2298
145841  315.0000  30.0000    1000.0000   4948130.8248   1815552.7167   4722786.2298
150341  315.0000  30.0000    1000.0000   4948130.8248   1815552.7167   4722786.2298
150841  315.0000  30.0000    1000.0000   4948130.8248   1815552.7167   4722786.2298
151341  315.0000  30.0000    1000.0000   4948130.8248   1815552.7167   4722786.2298
151841  315.0000  30.0000    1000.0000   4948130.8248   1815552.7167   4722786.2298
152341  315.0000  30.0000    1000.0000   4948130.8248   1815552.7167   4722786.2298
152841  315.0000  30.0000    1000.0000   4948130.8248   1815552.7167   4722786.2298
153341  315.0000  30.0000    1000.0000   4948130.8248   1815552.7167   4722786.2298
153841  315.0000  30.0000    1000.0000   4948130.8248   1815552.7167   4722786.2298
154341  315.0000  30.0000    1000.0000   4948130.8248   1815552.7167   4722786.2298
154841  315.0000  30.0000    1000.0000   4948130.8248   1815552.7167   4722786.2298
155341  315.0000  30.0000    1000.0000   4948130.8248   1815552.7167   4722786.2298
155841  315.0000  30.0000    1000.0000   4948130.8248   1815552.7167   4722786.2298
160341  315.0000  30.0000    1000.0000   4948130.8248   1815552.7167   4722786.2298
160841  315.0000  30.0000    1000.0000   4948130.8248   1815552.7167   4722786.2298
161341  315.0000  30.0000    1000.0000   4948130.8248   1815552.7167   4722786.2298
161841  315.0000  30.0000    1000.0000   4948130.8248   1815552.7167   4722786.2298
162341  315.0000  30.0000    1000.0000   4948130.8248   1815552.7167   4722786.2298
162841  315.0000  30.0000    1000.0000   4948130.8248   1815552.7167   4722786.2298
163341  315.0000  30.0000    1000.0000   4948130.8248   1815552.7167   4722786.2298
163841  315.0000  30.0000    1000.0000   4948130.8248   1815552.7167   4722786.2298
164341  315.0000  30.0000    1000.0000   4948130.8248   1815552.7167   4722786.2298
164841  315.0000  30.0000    1000.0000   4948130.8248   1815552.7167   4722786.2298
165341  315.0000  30.0000    1000.0000   4948130.8248   1815552.7167   4722786.2298
165841  315.0000  30.0000    1000.0000   4948130.8248   1815552.7167   4722786.2298
170341  315.0000  30.0000    1000.0000   4948130.8248   1815552.7167   4722786.2298
170841  315.0000  30.0000    1000.0000   4948130.8248   1815552.7167   4722786.2298
