X5316110 R_PNT     RP_TEST 1808 0000000  315 30.0 2025 161 102527 300 100   0   0 1     -1
102527  315.0000  30.0000    1000.0000   4254144.0681    543784.1144   5430435.0632
102707  315.0000  30.0000    1000.0000   4254144.0681    543784.1144   5430435.0632
102847  315.0000  30.0000    1000.0000   4254144.0681    543784.1144   5430435.0632
103027  315.0000  30.0000    1000.0000   4254144.0681    543784.1144   5430435.0632
103207  315.0000  30.0000    1000.0000   4254144.0681    543784.1144   5430435.0632
103347  315.0000  30.0000    1000.0000   4254144.0681    543784.1144   5430435.0632
103527  315.0000  30.0000    1000.0000   4254144.0681    543784.1144   5430435.0632
103707  315.0000  30.0000    1000.0000   4254144.0681    543784.1144   5430435.0632
103847  315.0000  30.0000    1000.0000   4254144.0681    543784.1144   5430435.0632
104027  315.0000  30.0000    1000.0000   4254144.0681    543784.1144   5430435.0632
104207  315.0000  30.0000    1000.0000   4254144.0681    543784.1144   5430435.0632
104347  315.0000  30.0000    1000.0000   4254144.0681    543784.1144   5430435.0632
104527  315.0000  30.0000    1000.0000   4254144.0681    543784.1144   5430435.0632
104707  315.0000  30.0000    1000.0000   4254144.0681    543784.1144   5430435.0632
104847  315.0000  30.0000    1000.0000   4254144.0681    543784.1144   5430435.0632
105027  315.0000  30.0000    1000.0000   4254144.0681    543784.1144   5430435.0632
105207  315.0000  30.0000    1000.0000   4254144.0681    543784.1144   5430435.0632
105347  315.0000  30.0000    1000.0000   4254144.0681    543784.1144   5430435.0632
105527  315.0000  30.0000    1000.0000   4254144.0681    543784.1144   5430435.0632
105707  315.0000  30.0000    1000.0000   4254144.0681    543784.1144   5430435.0632
105847  315.0000  30.0000    1000.0000   4254144.0681    543784.1144   5430435.0632
110027  315.0000  30.0000    1000.0000   4254144.0681    543784.1144   5430435.0632
110207  315.0000  30.0000    1000.0000   4254144.0681    543784.1144   5430435.0632
110347  315.0000  30.0000    1000.0000   4254144.0681    543784.1144   5430435.0632
110527  315.0000  30.0000    1000.0000   4254144.0681    543784.1144   5430435.0632
110707  315.0000  30.0000    1000.0000   4254144.0681    543784.1144   5430435.0632
110847  315.0000  30.0000    1000.0000   4254144.0681    543784.1144   5430435.0632
111027  315.0000  30.0000    1000.0000   4254144.0681    543784.1144   5430435.0632
111207  315.0000  30.0000    1000.0000   4254144.0681    543784.1144   5430435.0632
111347  315.0000  30.0000    1000.0000   4254144.0681    543784.1144   5430435.0632
111527  315.0000  30.0000    1000.0000   4254144.0681    543784.1144   5430435.0632
111707  315.0000  30.0000    1000.0000   4254144.0681    543784.1144   5430435.0632
111847  315.0000  30.0000    1000.0000   4254144.0681    543784.1144   5430435.0632
112027  315.0000  30.0000    1000.0000   4254144.0681    543784.1144   5430435.0632
112207  315.0000  30.0000    1000.0000   4254144.0681    543784.1144   5430435.0632
112347  315.0000  30.0000    1000.0000   4254144.0681    543784.1144   5430435.0632
112527  315.0000  30.0000    1000.0000   4254144.0681    543784.1144   5430435.0632
112707  315.0000  30.0000    1000.0000   4254144.0681    543784.1144   5430435.0632
112847  315.0000  30.0000    1000.0000   4254144.0681    543784.1144   5430435.0632
113027  315.0000  30.0000    1000.0000   4254144.0681    543784.1144   5430435.0632
113207  315.0000  30.0000    1000.0000   4254144.0681    543784.1144   5430435.0632
113347  315.0000  30.0000    1000.0000   4254144.0681    543784.1144   5430435.0632
113527  315.0000  30.0000    1000.0000   4254144.0681    543784.1144   5430435.0632
113707  315.0000  30.0000    1000.0000   4254144.0681    543784.1144   5430435.0632
113847  315.0000  30.0000    1000.0000   4254144.0681    543784.1144   5430435.0632
114027  315.0000  30.0000    1000.0000   4254144.0681    543784.1144   5430435.0632
114207  315.0000  30.0000    1000.0000   4254144.0681    543784.1144   5430435.0632
114347  315.0000  30.0000    1000.0000   4254144.0681    543784.1144   5430435.0632
114527  315.0000  30.0000    1000.0000   4254144.0681    543784.1144   5430435.0632
114707  315.0000  30.0000    1000.0000   4254144.0681    543784.1144   5430435.0632
114847  315.0000  30.0000    1000.0000   4254144.0681    543784.1144   5430435.0632
115027  315.0000  30.0000    1000.0000   4254144.0681    543784.1144   5430435.0632
115207  315.0000  30.0000    1000.0000   4254144.0681    543784.1144   5430435.0632
115347  315.0000  30.0000    1000.0000   4254144.0681    543784.1144   5430435.0632
115527  315.0000  30.0000    1000.0000   4254144.0681    543784.1144   5430435.0632
115707  315.0000  30.0000    1000.0000   4254144.0681    543784.1144   5430435.0632
115847  315.0000  30.0000    1000.0000   4254144.0681    543784.1144   5430435.0632
120027  315.0000  30.0000    1000.0000   4254144.0681    543784.1144   5430435.0632
120207  315.0000  30.0000    1000.0000   4254144.0681    543784.1144   5430435.0632
120347  315.0000  30.0000    1000.0000   4254144.0681    543784.1144   5430435.0632
120527  315.0000  30.0000    1000.0000   4254144.0681    543784.1144   5430435.0632
120707  315.0000  30.0000    1000.0000   4254144.0681    543784.1144   5430435.0632
120847  315.0000  30.0000    1000.0000   4254144.0681    543784.1144   5430435.0632
121027  315.0000  30.0000    1000.0000   4254144.0681    543784.1144   5430435.0632
121207  315.0000  30.0000    1000.0000   4254144.0681    543784.1144   5430435.0632
121347  315.0000  30.0000    1000.0000   4254144.0681    543784.1144   5430435.0632
121527  315.0000  30.0000    1000.0000   4254144.0681    543784.1144   5430435.0632
121707  315.0000  30.0000    1000.0000   4254144.0681    543784.1144   5430435.0632
121847  315.0000  30.0000    1000.0000   4254144.0681    543784.1144   5430435.0632
122027  315.0000  30.0000    1000.0000   4254144.0681    543784.1144   5430435.0632
122207  315.0000  30.0000    1000.0000   4254144.0681    543784.1144   5430435.0632
122347  315.0000  30.0000    1000.0000   4254144.0681    543784.1144   5430435.0632
122527  315.0000  30.0000    1000.0000   4254144.0681    543784.1144   5430435.0632
122707  315.0000  30.0000    1000.0000   4254144.0681    543784.1144   5430435.0632
122847  315.0000  30.0000    1000.0000   4254144.0681    543784.1144   5430435.0632
123027  315.0000  30.0000    1000.0000   4254144.0681    543784.1144   5430435.0632
123207  315.0000  30.0000    1000.0000   4254144.0681    543784.1144   5430435.0632
123347  315.0000  30.0000    1000.0000   4254144.0681    543784.1144   5430435.0632
123527  315.0000  30.0000    1000.0000   4254144.0681    543784.1144   5430435.0632
123707  315.0000  30.0000    1000.0000   4254144.0681    543784.1144   5430435.0632
123847  315.0000  30.0000    1000.0000   4254144.0681    543784.1144   5430435.0632
124027  315.0000  30.0000    1000.0000   4254144.0681    543784.1144   5430435.0632
124207  315.0000  30.0000    1000.0000   4254144.0681    543784.1144   5430435.0632
124347  315.0000  30.0000    1000.0000   4254144.0681    543784.1144   5430435.0632
124527  315.0000  30.0000    1000.0000   4254144.0681    543784.1144   5430435.0632
124707  315.0000  30.0000    1000.0000   4254144.0681    543784.1144   5430435.0632
124847  315.0000  30.0000    1000.0000   4254144.0681    543784.1144   5430435.0632
125027  315.0000  30.0000    1000.0000   4254144.0681    543784.1144   5430435.0632
125207  315.0000  30.0000    1000.0000   4254144.0681    543784.1144   5430435.0632
125347  315.0000  30.0000    1000.0000   4254144.0681    543784.1144   5430435.0632
125527  315.0000  30.0000    1000.0000   4254144.0681    543784.1144   5430435.0632
125707  315.0000  30.0000    1000.0000   4254144.0681    543784.1144   5430435.0632
125847  315.0000  30.0000    1000.0000   4254144.0681    543784.1144   5430435.0632
130027  315.0000  30.0000    1000.0000   4254144.0681    543784.1144   5430435.0632
130207  315.0000  30.0000    1000.0000   4254144.0681    543784.1144   5430435.0632
130347  315.0000  30.0000    1000.0000   4254144.0681    543784.1144   5430435.0632
130527  315.0000  30.0000    1000.0000   4254144.0681    543784.1144   5430435.0632
130707  315.0000  30.0000    1000.0000   4254144.0681    543784.1144   5430435.0632
130847  315.0000  30.0000    1000.0000   4254144.0681    543784.1144   5430435.0632
131027  315.0000  30.0000    1000.0000   4254144.0681    543784.1144   5430435.0632
