X5416110 R_PNT     RP_TEST 1808 0000000  315 45.0 2025 161 102527 300 100   0   0 1     -1
102527  315.0000  45.0000    1000.0000   4439353.3027    711733.6976   5505527.1690
102707  315.0000  45.0000    1000.0000   4439353.3027    711733.6976   5505527.1690
102847  315.0000  45.0000    1000.0000   4439353.3027    711733.6976   5505527.1690
103027  315.0000  45.0000    1000.0000   4439353.3027    711733.6976   5505527.1690
103207  315.0000  45.0000    1000.0000   4439353.3027    711733.6976   5505527.1690
103347  315.0000  45.0000    1000.0000   4439353.3027    711733.6976   5505527.1690
103527  315.0000  45.0000    1000.0000   4439353.3027    711733.6976   5505527.1690
103707  315.0000  45.0000    1000.0000   4439353.3027    711733.6976   5505527.1690
103847  315.0000  45.0000    1000.0000   4439353.3027    711733.6976   5505527.1690
104027  315.0000  45.0000    1000.0000   4439353.3027    711733.6976   5505527.1690
104207  315.0000  45.0000    1000.0000   4439353.3027    711733.6976   5505527.1690
104347  315.0000  45.0000    1000.0000   4439353.3027    711733.6976   5505527.1690
104527  315.0000  45.0000    1000.0000   4439353.3027    711733.6976   5505527.1690
104707  315.0000  45.0000    1000.0000   4439353.3027    711733.6976   5505527.1690
104847  315.0000  45.0000    1000.0000   4439353.3027    711733.6976   5505527.1690
105027  315.0000  45.0000    1000.0000   4439353.3027    711733.6976   5505527.1690
105207  315.0000  45.0000    1000.0000   4439353.3027    711733.6976   5505527.1690
105347  315.0000  45.0000    1000.0000   4439353.3027    711733.6976   5505527.1690
105527  315.0000  45.0000    1000.0000   4439353.3027    711733.6976   5505527.1690
105707  315.0000  45.0000    1000.0000   4439353.3027    711733.6976   5505527.1690
105847  315.0000  45.0000    1000.0000   4439353.3027    711733.6976   5505527.1690
110027  315.0000  45.0000    1000.0000   4439353.3027    711733.6976   5505527.1690
110207  315.0000  45.0000    1000.0000   4439353.3027    711733.6976   5505527.1690
110347  315.0000  45.0000    1000.0000   4439353.3027    711733.6976   5505527.1690
110527  315.0000  45.0000    1000.0000   4439353.3027    711733.6976   5505527.1690
110707  315.0000  45.0000    1000.0000   4439353.3027    711733.6976   5505527.1690
110847  315.0000  45.0000    1000.0000   4439353.3027    711733.6976   5505527.1690
111027  315.0000  45.0000    1000.0000   4439353.3027    711733.6976   5505527.1690
111207  315.0000  45.0000    1000.0000   4439353.3027    711733.6976   5505527.1690
111347  315.0000  45.0000    1000.0000   4439353.3027    711733.6976   5505527.1690
111527  315.0000  45.0000    1000.0000   4439353.3027    711733.6976   5505527.1690
111707  315.0000  45.0000    1000.0000   4439353.3027    711733.6976   5505527.1690
111847  315.0000  45.0000    1000.0000   4439353.3027    711733.6976   5505527.1690
112027  315.0000  45.0000    1000.0000   4439353.3027    711733.6976   5505527.1690
112207  315.0000  45.0000    1000.0000   4439353.3027    711733.6976   5505527.1690
112347  315.0000  45.0000    1000.0000   4439353.3027    711733.6976   5505527.1690
112527  315.0000  45.0000    1000.0000   4439353.3027    711733.6976   5505527.1690
112707  315.0000  45.0000    1000.0000   4439353.3027    711733.6976   5505527.1690
112847  315.0000  45.0000    1000.0000   4439353.3027    711733.6976   5505527.1690
113027  315.0000  45.0000    1000.0000   4439353.3027    711733.6976   5505527.1690
113207  315.0000  45.0000    1000.0000   4439353.3027    711733.6976   5505527.1690
113347  315.0000  45.0000    1000.0000   4439353.3027    711733.6976   5505527.1690
113527  315.0000  45.0000    1000.0000   4439353.3027    711733.6976   5505527.1690
113707  315.0000  45.0000    1000.0000   4439353.3027    711733.6976   5505527.1690
113847  315.0000  45.0000    1000.0000   4439353.3027    711733.6976   5505527.1690
114027  315.0000  45.0000    1000.0000   4439353.3027    711733.6976   5505527.1690
114207  315.0000  45.0000    1000.0000   4439353.3027    711733.6976   5505527.1690
114347  315.0000  45.0000    1000.0000   4439353.3027    711733.6976   5505527.1690
114527  315.0000  45.0000    1000.0000   4439353.3027    711733.6976   5505527.1690
114707  315.0000  45.0000    1000.0000   4439353.3027    711733.6976   5505527.1690
114847  315.0000  45.0000    1000.0000   4439353.3027    711733.6976   5505527.1690
115027  315.0000  45.0000    1000.0000   4439353.3027    711733.6976   5505527.1690
115207  315.0000  45.0000    1000.0000   4439353.3027    711733.6976   5505527.1690
115347  315.0000  45.0000    1000.0000   4439353.3027    711733.6976   5505527.1690
115527  315.0000  45.0000    1000.0000   4439353.3027    711733.6976   5505527.1690
115707  315.0000  45.0000    1000.0000   4439353.3027    711733.6976   5505527.1690
115847  315.0000  45.0000    1000.0000   4439353.3027    711733.6976   5505527.1690
120027  315.0000  45.0000    1000.0000   4439353.3027    711733.6976   5505527.1690
120207  315.0000  45.0000    1000.0000   4439353.3027    711733.6976   5505527.1690
120347  315.0000  45.0000    1000.0000   4439353.3027    711733.6976   5505527.1690
120527  315.0000  45.0000    1000.0000   4439353.3027    711733.6976   5505527.1690
120707  315.0000  45.0000    1000.0000   4439353.3027    711733.6976   5505527.1690
120847  315.0000  45.0000    1000.0000   4439353.3027    711733.6976   5505527.1690
121027  315.0000  45.0000    1000.0000   4439353.3027    711733.6976   5505527.1690
121207  315.0000  45.0000    1000.0000   4439353.3027    711733.6976   5505527.1690
121347  315.0000  45.0000    1000.0000   4439353.3027    711733.6976   5505527.1690
121527  315.0000  45.0000    1000.0000   4439353.3027    711733.6976   5505527.1690
121707  315.0000  45.0000    1000.0000   4439353.3027    711733.6976   5505527.1690
121847  315.0000  45.0000    1000.0000   4439353.3027    711733.6976   5505527.1690
122027  315.0000  45.0000    1000.0000   4439353.3027    711733.6976   5505527.1690
122207  315.0000  45.0000    1000.0000   4439353.3027    711733.6976   5505527.1690
122347  315.0000  45.0000    1000.0000   4439353.3027    711733.6976   5505527.1690
122527  315.0000  45.0000    1000.0000   4439353.3027    711733.6976   5505527.1690
122707  315.0000  45.0000    1000.0000   4439353.3027    711733.6976   5505527.1690
122847  315.0000  45.0000    1000.0000   4439353.3027    711733.6976   5505527.1690
123027  315.0000  45.0000    1000.0000   4439353.3027    711733.6976   5505527.1690
123207  315.0000  45.0000    1000.0000   4439353.3027    711733.6976   5505527.1690
123347  315.0000  45.0000    1000.0000   4439353.3027    711733.6976   5505527.1690
123527  315.0000  45.0000    1000.0000   4439353.3027    711733.6976   5505527.1690
123707  315.0000  45.0000    1000.0000   4439353.3027    711733.6976   5505527.1690
123847  315.0000  45.0000    1000.0000   4439353.3027    711733.6976   5505527.1690
124027  315.0000  45.0000    1000.0000   4439353.3027    711733.6976   5505527.1690
124207  315.0000  45.0000    1000.0000   4439353.3027    711733.6976   5505527.1690
124347  315.0000  45.0000    1000.0000   4439353.3027    711733.6976   5505527.1690
124527  315.0000  45.0000    1000.0000   4439353.3027    711733.6976   5505527.1690
124707  315.0000  45.0000    1000.0000   4439353.3027    711733.6976   5505527.1690
124847  315.0000  45.0000    1000.0000   4439353.3027    711733.6976   5505527.1690
125027  315.0000  45.0000    1000.0000   4439353.3027    711733.6976   5505527.1690
125207  315.0000  45.0000    1000.0000   4439353.3027    711733.6976   5505527.1690
125347  315.0000  45.0000    1000.0000   4439353.3027    711733.6976   5505527.1690
125527  315.0000  45.0000    1000.0000   4439353.3027    711733.6976   5505527.1690
125707  315.0000  45.0000    1000.0000   4439353.3027    711733.6976   5505527.1690
125847  315.0000  45.0000    1000.0000   4439353.3027    711733.6976   5505527.1690
130027  315.0000  45.0000    1000.0000   4439353.3027    711733.6976   5505527.1690
130207  315.0000  45.0000    1000.0000   4439353.3027    711733.6976   5505527.1690
130347  315.0000  45.0000    1000.0000   4439353.3027    711733.6976   5505527.1690
130527  315.0000  45.0000    1000.0000   4439353.3027    711733.6976   5505527.1690
130707  315.0000  45.0000    1000.0000   4439353.3027    711733.6976   5505527.1690
130847  315.0000  45.0000    1000.0000   4439353.3027    711733.6976   5505527.1690
131027  315.0000  45.0000    1000.0000   4439353.3027    711733.6976   5505527.1690
