X5412711 R_PNT     RP_TEST 1808 0000000  315 45.0 2025 127 115550 300 100   0   0 1     -1
115550  315.0000  45.0000    1000.0000   4439353.3027    711733.6976   5505527.1690
120050  315.0000  45.0000    1000.0000   4439353.3027    711733.6976   5505527.1690
120550  315.0000  45.0000    1000.0000   4439353.3027    711733.6976   5505527.1690
121050  315.0000  45.0000    1000.0000   4439353.3027    711733.6976   5505527.1690
121550  315.0000  45.0000    1000.0000   4439353.3027    711733.6976   5505527.1690
122050  315.0000  45.0000    1000.0000   4439353.3027    711733.6976   5505527.1690
122550  315.0000  45.0000    1000.0000   4439353.3027    711733.6976   5505527.1690
123050  315.0000  45.0000    1000.0000   4439353.3027    711733.6976   5505527.1690
123550  315.0000  45.0000    1000.0000   4439353.3027    711733.6976   5505527.1690
124050  315.0000  45.0000    1000.0000   4439353.3027    711733.6976   5505527.1690
124550  315.0000  45.0000    1000.0000   4439353.3027    711733.6976   5505527.1690
125050  315.0000  45.0000    1000.0000   4439353.3027    711733.6976   5505527.1690
125550  315.0000  45.0000    1000.0000   4439353.3027    711733.6976   5505527.1690
130050  315.0000  45.0000    1000.0000   4439353.3027    711733.6976   5505527.1690
130550  315.0000  45.0000    1000.0000   4439353.3027    711733.6976   5505527.1690
131050  315.0000  45.0000    1000.0000   4439353.3027    711733.6976   5505527.1690
131550  315.0000  45.0000    1000.0000   4439353.3027    711733.6976   5505527.1690
132050  315.0000  45.0000    1000.0000   4439353.3027    711733.6976   5505527.1690
132550  315.0000  45.0000    1000.0000   4439353.3027    711733.6976   5505527.1690
133050  315.0000  45.0000    1000.0000   4439353.3027    711733.6976   5505527.1690
133550  315.0000  45.0000    1000.0000   4439353.3027    711733.6976   5505527.1690
134050  315.0000  45.0000    1000.0000   4439353.3027    711733.6976   5505527.1690
134550  315.0000  45.0000    1000.0000   4439353.3027    711733.6976   5505527.1690
135050  315.0000  45.0000    1000.0000   4439353.3027    711733.6976   5505527.1690
135550  315.0000  45.0000    1000.0000   4439353.3027    711733.6976   5505527.1690
140050  315.0000  45.0000    1000.0000   4439353.3027    711733.6976   5505527.1690
140550  315.0000  45.0000    1000.0000   4439353.3027    711733.6976   5505527.1690
141050  315.0000  45.0000    1000.0000   4439353.3027    711733.6976   5505527.1690
141550  315.0000  45.0000    1000.0000   4439353.3027    711733.6976   5505527.1690
142050  315.0000  45.0000    1000.0000   4439353.3027    711733.6976   5505527.1690
142550  315.0000  45.0000    1000.0000   4439353.3027    711733.6976   5505527.1690
143050  315.0000  45.0000    1000.0000   4439353.3027    711733.6976   5505527.1690
143550  315.0000  45.0000    1000.0000   4439353.3027    711733.6976   5505527.1690
144050  315.0000  45.0000    1000.0000   4439353.3027    711733.6976   5505527.1690
144550  315.0000  45.0000    1000.0000   4439353.3027    711733.6976   5505527.1690
145050  315.0000  45.0000    1000.0000   4439353.3027    711733.6976   5505527.1690
145550  315.0000  45.0000    1000.0000   4439353.3027    711733.6976   5505527.1690
150050  315.0000  45.0000    1000.0000   4439353.3027    711733.6976   5505527.1690
150550  315.0000  45.0000    1000.0000   4439353.3027    711733.6976   5505527.1690
151050  315.0000  45.0000    1000.0000   4439353.3027    711733.6976   5505527.1690
151550  315.0000  45.0000    1000.0000   4439353.3027    711733.6976   5505527.1690
152050  315.0000  45.0000    1000.0000   4439353.3027    711733.6976   5505527.1690
152550  315.0000  45.0000    1000.0000   4439353.3027    711733.6976   5505527.1690
153050  315.0000  45.0000    1000.0000   4439353.3027    711733.6976   5505527.1690
153550  315.0000  45.0000    1000.0000   4439353.3027    711733.6976   5505527.1690
154050  315.0000  45.0000    1000.0000   4439353.3027    711733.6976   5505527.1690
154550  315.0000  45.0000    1000.0000   4439353.3027    711733.6976   5505527.1690
155050  315.0000  45.0000    1000.0000   4439353.3027    711733.6976   5505527.1690
155550  315.0000  45.0000    1000.0000   4439353.3027    711733.6976   5505527.1690
160050  315.0000  45.0000    1000.0000   4439353.3027    711733.6976   5505527.1690
160550  315.0000  45.0000    1000.0000   4439353.3027    711733.6976   5505527.1690
161050  315.0000  45.0000    1000.0000   4439353.3027    711733.6976   5505527.1690
161550  315.0000  45.0000    1000.0000   4439353.3027    711733.6976   5505527.1690
162050  315.0000  45.0000    1000.0000   4439353.3027    711733.6976   5505527.1690
162550  315.0000  45.0000    1000.0000   4439353.3027    711733.6976   5505527.1690
163050  315.0000  45.0000    1000.0000   4439353.3027    711733.6976   5505527.1690
163550  315.0000  45.0000    1000.0000   4439353.3027    711733.6976   5505527.1690
164050  315.0000  45.0000    1000.0000   4439353.3027    711733.6976   5505527.1690
164550  315.0000  45.0000    1000.0000   4439353.3027    711733.6976   5505527.1690
165050  315.0000  45.0000    1000.0000   4439353.3027    711733.6976   5505527.1690
165550  315.0000  45.0000    1000.0000   4439353.3027    711733.6976   5505527.1690
170050  315.0000  45.0000    1000.0000   4439353.3027    711733.6976   5505527.1690
170550  315.0000  45.0000    1000.0000   4439353.3027    711733.6976   5505527.1690
171050  315.0000  45.0000    1000.0000   4439353.3027    711733.6976   5505527.1690
171550  315.0000  45.0000    1000.0000   4439353.3027    711733.6976   5505527.1690
172050  315.0000  45.0000    1000.0000   4439353.3027    711733.6976   5505527.1690
172550  315.0000  45.0000    1000.0000   4439353.3027    711733.6976   5505527.1690
173050  315.0000  45.0000    1000.0000   4439353.3027    711733.6976   5505527.1690
173550  315.0000  45.0000    1000.0000   4439353.3027    711733.6976   5505527.1690
174050  315.0000  45.0000    1000.0000   4439353.3027    711733.6976   5505527.1690
174550  315.0000  45.0000    1000.0000   4439353.3027    711733.6976   5505527.1690
175050  315.0000  45.0000    1000.0000   4439353.3027    711733.6976   5505527.1690
175550  315.0000  45.0000    1000.0000   4439353.3027    711733.6976   5505527.1690
180050  315.0000  45.0000    1000.0000   4439353.3027    711733.6976   5505527.1690
180550  315.0000  45.0000    1000.0000   4439353.3027    711733.6976   5505527.1690
181050  315.0000  45.0000    1000.0000   4439353.3027    711733.6976   5505527.1690
181550  315.0000  45.0000    1000.0000   4439353.3027    711733.6976   5505527.1690
182050  315.0000  45.0000    1000.0000   4439353.3027    711733.6976   5505527.1690
182550  315.0000  45.0000    1000.0000   4439353.3027    711733.6976   5505527.1690
183050  315.0000  45.0000    1000.0000   4439353.3027    711733.6976   5505527.1690
183550  315.0000  45.0000    1000.0000   4439353.3027    711733.6976   5505527.1690
184050  315.0000  45.0000    1000.0000   4439353.3027    711733.6976   5505527.1690
184550  315.0000  45.0000    1000.0000   4439353.3027    711733.6976   5505527.1690
185050  315.0000  45.0000    1000.0000   4439353.3027    711733.6976   5505527.1690
185550  315.0000  45.0000    1000.0000   4439353.3027    711733.6976   5505527.1690
190050  315.0000  45.0000    1000.0000   4439353.3027    711733.6976   5505527.1690
190550  315.0000  45.0000    1000.0000   4439353.3027    711733.6976   5505527.1690
191050  315.0000  45.0000    1000.0000   4439353.3027    711733.6976   5505527.1690
191550  315.0000  45.0000    1000.0000   4439353.3027    711733.6976   5505527.1690
192050  315.0000  45.0000    1000.0000   4439353.3027    711733.6976   5505527.1690
192550  315.0000  45.0000    1000.0000   4439353.3027    711733.6976   5505527.1690
193050  315.0000  45.0000    1000.0000   4439353.3027    711733.6976   5505527.1690
193550  315.0000  45.0000    1000.0000   4439353.3027    711733.6976   5505527.1690
194050  315.0000  45.0000    1000.0000   4439353.3027    711733.6976   5505527.1690
194550  315.0000  45.0000    1000.0000   4439353.3027    711733.6976   5505527.1690
195050  315.0000  45.0000    1000.0000   4439353.3027    711733.6976   5505527.1690
195550  315.0000  45.0000    1000.0000   4439353.3027    711733.6976   5505527.1690
200050  315.0000  45.0000    1000.0000   4439353.3027    711733.6976   5505527.1690
200550  315.0000  45.0000    1000.0000   4439353.3027    711733.6976   5505527.1690
201050  315.0000  45.0000    1000.0000   4439353.3027    711733.6976   5505527.1690
