X5412708 R_PNT     RP_TEST 1808 0000000  315 45.0 2025 127 085341 300 100   0   0 1     -1
085341  315.0000  45.0000    1000.0000   4809824.2483   1899315.1290   4927733.7757
085841  315.0000  45.0000    1000.0000   4809824.2483   1899315.1290   4927733.7757
090341  315.0000  45.0000    1000.0000   4809824.2483   1899315.1290   4927733.7757
090841  315.0000  45.0000    1000.0000   4809824.2483   1899315.1290   4927733.7757
091341  315.0000  45.0000    1000.0000   4809824.2483   1899315.1290   4927733.7757
091841  315.0000  45.0000    1000.0000   4809824.2483   1899315.1290   4927733.7757
092341  315.0000  45.0000    1000.0000   4809824.2483   1899315.1290   4927733.7757
092841  315.0000  45.0000    1000.0000   4809824.2483   1899315.1290   4927733.7757
093341  315.0000  45.0000    1000.0000   4809824.2483   1899315.1290   4927733.7757
093841  315.0000  45.0000    1000.0000   4809824.2483   1899315.1290   4927733.7757
094341  315.0000  45.0000    1000.0000   4809824.2483   1899315.1290   4927733.7757
094841  315.0000  45.0000    1000.0000   4809824.2483   1899315.1290   4927733.7757
095341  315.0000  45.0000    1000.0000   4809824.2483   1899315.1290   4927733.7757
095841  315.0000  45.0000    1000.0000   4809824.2483   1899315.1290   4927733.7757
100341  315.0000  45.0000    1000.0000   4809824.2483   1899315.1290   4927733.7757
100841  315.0000  45.0000    1000.0000   4809824.2483   1899315.1290   4927733.7757
101341  315.0000  45.0000    1000.0000   4809824.2483   1899315.1290   4927733.7757
101841  315.0000  45.0000    1000.0000   4809824.2483   1899315.1290   4927733.7757
102341  315.0000  45.0000    1000.0000   4809824.2483   1899315.1290   4927733.7757
102841  315.0000  45.0000    1000.0000   4809824.2483   1899315.1290   4927733.7757
103341  315.0000  45.0000    1000.0000   4809824.2483   1899315.1290   4927733.7757
103841  315.0000  45.0000    1000.0000   4809824.2483   1899315.1290   4927733.7757
104341  315.0000  45.0000    1000.0000   4809824.2483   1899315.1290   4927733.7757
104841  315.0000  45.0000    1000.0000   4809824.2483   1899315.1290   4927733.7757
105341  315.0000  45.0000    1000.0000   4809824.2483   1899315.1290   4927733.7757
105841  315.0000  45.0000    1000.0000   4809824.2483   1899315.1290   4927733.7757
110341  315.0000  45.0000    1000.0000   4809824.2483   1899315.1290   4927733.7757
110841  315.0000  45.0000    1000.0000   4809824.2483   1899315.1290   4927733.7757
111341  315.0000  45.0000    1000.0000   4809824.2483   1899315.1290   4927733.7757
111841  315.0000  45.0000    1000.0000   4809824.2483   1899315.1290   4927733.7757
112341  315.0000  45.0000    1000.0000   4809824.2483   1899315.1290   4927733.7757
112841  315.0000  45.0000    1000.0000   4809824.2483   1899315.1290   4927733.7757
113341  315.0000  45.0000    1000.0000   4809824.2483   1899315.1290   4927733.7757
113841  315.0000  45.0000    1000.0000   4809824.2483   1899315.1290   4927733.7757
114341  315.0000  45.0000    1000.0000   4809824.2483   1899315.1290   4927733.7757
114841  315.0000  45.0000    1000.0000   4809824.2483   1899315.1290   4927733.7757
115341  315.0000  45.0000    1000.0000   4809824.2483   1899315.1290   4927733.7757
115841  315.0000  45.0000    1000.0000   4809824.2483   1899315.1290   4927733.7757
120341  315.0000  45.0000    1000.0000   4809824.2483   1899315.1290   4927733.7757
120841  315.0000  45.0000    1000.0000   4809824.2483   1899315.1290   4927733.7757
121341  315.0000  45.0000    1000.0000   4809824.2483   1899315.1290   4927733.7757
121841  315.0000  45.0000    1000.0000   4809824.2483   1899315.1290   4927733.7757
122341  315.0000  45.0000    1000.0000   4809824.2483   1899315.1290   4927733.7757
122841  315.0000  45.0000    1000.0000   4809824.2483   1899315.1290   4927733.7757
123341  315.0000  45.0000    1000.0000   4809824.2483   1899315.1290   4927733.7757
123841  315.0000  45.0000    1000.0000   4809824.2483   1899315.1290   4927733.7757
124341  315.0000  45.0000    1000.0000   4809824.2483   1899315.1290   4927733.7757
124841  315.0000  45.0000    1000.0000   4809824.2483   1899315.1290   4927733.7757
125341  315.0000  45.0000    1000.0000   4809824.2483   1899315.1290   4927733.7757
125841  315.0000  45.0000    1000.0000   4809824.2483   1899315.1290   4927733.7757
130341  315.0000  45.0000    1000.0000   4809824.2483   1899315.1290   4927733.7757
130841  315.0000  45.0000    1000.0000   4809824.2483   1899315.1290   4927733.7757
131341  315.0000  45.0000    1000.0000   4809824.2483   1899315.1290   4927733.7757
131841  315.0000  45.0000    1000.0000   4809824.2483   1899315.1290   4927733.7757
132341  315.0000  45.0000    1000.0000   4809824.2483   1899315.1290   4927733.7757
132841  315.0000  45.0000    1000.0000   4809824.2483   1899315.1290   4927733.7757
133341  315.0000  45.0000    1000.0000   4809824.2483   1899315.1290   4927733.7757
133841  315.0000  45.0000    1000.0000   4809824.2483   1899315.1290   4927733.7757
134341  315.0000  45.0000    1000.0000   4809824.2483   1899315.1290   4927733.7757
134841  315.0000  45.0000    1000.0000   4809824.2483   1899315.1290   4927733.7757
135341  315.0000  45.0000    1000.0000   4809824.2483   1899315.1290   4927733.7757
135841  315.0000  45.0000    1000.0000   4809824.2483   1899315.1290   4927733.7757
140341  315.0000  45.0000    1000.0000   4809824.2483   1899315.1290   4927733.7757
140841  315.0000  45.0000    1000.0000   4809824.2483   1899315.1290   4927733.7757
141341  315.0000  45.0000    1000.0000   4809824.2483   1899315.1290   4927733.7757
141841  315.0000  45.0000    1000.0000   4809824.2483   1899315.1290   4927733.7757
142341  315.0000  45.0000    1000.0000   4809824.2483   1899315.1290   4927733.7757
142841  315.0000  45.0000    1000.0000   4809824.2483   1899315.1290   4927733.7757
143341  315.0000  45.0000    1000.0000   4809824.2483   1899315.1290   4927733.7757
143841  315.0000  45.0000    1000.0000   4809824.2483   1899315.1290   4927733.7757
144341  315.0000  45.0000    1000.0000   4809824.2483   1899315.1290   4927733.7757
144841  315.0000  45.0000    1000.0000   4809824.2483   1899315.1290   4927733.7757
145341  315.0000  45.0000    1000.0000   4809824.2483   1899315.1290   4927733.7757
145841  315.0000  45.0000    1000.0000   4809824.2483   1899315.1290   4927733.7757
150341  315.0000  45.0000    1000.0000   4809824.2483   1899315.1290   4927733.7757
150841  315.0000  45.0000    1000.0000   4809824.2483   1899315.1290   4927733.7757
151341  315.0000  45.0000    1000.0000   4809824.2483   1899315.1290   4927733.7757
151841  315.0000  45.0000    1000.0000   4809824.2483   1899315.1290   4927733.7757
152341  315.0000  45.0000    1000.0000   4809824.2483   1899315.1290   4927733.7757
152841  315.0000  45.0000    1000.0000   4809824.2483   1899315.1290   4927733.7757
153341  315.0000  45.0000    1000.0000   4809824.2483   1899315.1290   4927733.7757
153841  315.0000  45.0000    1000.0000   4809824.2483   1899315.1290   4927733.7757
154341  315.0000  45.0000    1000.0000   4809824.2483   1899315.1290   4927733.7757
154841  315.0000  45.0000    1000.0000   4809824.2483   1899315.1290   4927733.7757
155341  315.0000  45.0000    1000.0000   4809824.2483   1899315.1290   4927733.7757
155841  315.0000  45.0000    1000.0000   4809824.2483   1899315.1290   4927733.7757
160341  315.0000  45.0000    1000.0000   4809824.2483   1899315.1290   4927733.7757
160841  315.0000  45.0000    1000.0000   4809824.2483   1899315.1290   4927733.7757
161341  315.0000  45.0000    1000.0000   4809824.2483   1899315.1290   4927733.7757
161841  315.0000  45.0000    1000.0000   4809824.2483   1899315.1290   4927733.7757
162341  315.0000  45.0000    1000.0000   4809824.2483   1899315.1290   4927733.7757
162841  315.0000  45.0000    1000.0000   4809824.2483   1899315.1290   4927733.7757
163341  315.0000  45.0000    1000.0000   4809824.2483   1899315.1290   4927733.7757
163841  315.0000  45.0000    1000.0000   4809824.2483   1899315.1290   4927733.7757
164341  315.0000  45.0000    1000.0000   4809824.2483   1899315.1290   4927733.7757
164841  315.0000  45.0000    1000.0000   4809824.2483   1899315.1290   4927733.7757
165341  315.0000  45.0000    1000.0000   4809824.2483   1899315.1290   4927733.7757
165841  315.0000  45.0000    1000.0000   4809824.2483   1899315.1290   4927733.7757
170341  315.0000  45.0000    1000.0000   4809824.2483   1899315.1290   4927733.7757
170841  315.0000  45.0000    1000.0000   4809824.2483   1899315.1290   4927733.7757
