X5516110 R_PNT     RP_TEST 1808 0000000  315 60.0 2025 161 102527 300 100   0   0 1     -1
102527  315.0000  60.0000    1000.0000   4607871.1531    910415.5143   5522128.8928
102707  315.0000  60.0000    1000.0000   4607871.1531    910415.5143   5522128.8928
102847  315.0000  60.0000    1000.0000   4607871.1531    910415.5143   5522128.8928
103027  315.0000  60.0000    1000.0000   4607871.1531    910415.5143   5522128.8928
103207  315.0000  60.0000    1000.0000   4607871.1531    910415.5143   5522128.8928
103347  315.0000  60.0000    1000.0000   4607871.1531    910415.5143   5522128.8928
103527  315.0000  60.0000    1000.0000   4607871.1531    910415.5143   5522128.8928
103707  315.0000  60.0000    1000.0000   4607871.1531    910415.5143   5522128.8928
103847  315.0000  60.0000    1000.0000   4607871.1531    910415.5143   5522128.8928
104027  315.0000  60.0000    1000.0000   4607871.1531    910415.5143   5522128.8928
104207  315.0000  60.0000    1000.0000   4607871.1531    910415.5143   5522128.8928
104347  315.0000  60.0000    1000.0000   4607871.1531    910415.5143   5522128.8928
104527  315.0000  60.0000    1000.0000   4607871.1531    910415.5143   5522128.8928
104707  315.0000  60.0000    1000.0000   4607871.1531    910415.5143   5522128.8928
104847  315.0000  60.0000    1000.0000   4607871.1531    910415.5143   5522128.8928
105027  315.0000  60.0000    1000.0000   4607871.1531    910415.5143   5522128.8928
105207  315.0000  60.0000    1000.0000   4607871.1531    910415.5143   5522128.8928
105347  315.0000  60.0000    1000.0000   4607871.1531    910415.5143   5522128.8928
105527  315.0000  60.0000    1000.0000   4607871.1531    910415.5143   5522128.8928
105707  315.0000  60.0000    1000.0000   4607871.1531    910415.5143   5522128.8928
105847  315.0000  60.0000    1000.0000   4607871.1531    910415.5143   5522128.8928
110027  315.0000  60.0000    1000.0000   4607871.1531    910415.5143   5522128.8928
110207  315.0000  60.0000    1000.0000   4607871.1531    910415.5143   5522128.8928
110347  315.0000  60.0000    1000.0000   4607871.1531    910415.5143   5522128.8928
110527  315.0000  60.0000    1000.0000   4607871.1531    910415.5143   5522128.8928
110707  315.0000  60.0000    1000.0000   4607871.1531    910415.5143   5522128.8928
110847  315.0000  60.0000    1000.0000   4607871.1531    910415.5143   5522128.8928
111027  315.0000  60.0000    1000.0000   4607871.1531    910415.5143   5522128.8928
111207  315.0000  60.0000    1000.0000   4607871.1531    910415.5143   5522128.8928
111347  315.0000  60.0000    1000.0000   4607871.1531    910415.5143   5522128.8928
111527  315.0000  60.0000    1000.0000   4607871.1531    910415.5143   5522128.8928
111707  315.0000  60.0000    1000.0000   4607871.1531    910415.5143   5522128.8928
111847  315.0000  60.0000    1000.0000   4607871.1531    910415.5143   5522128.8928
112027  315.0000  60.0000    1000.0000   4607871.1531    910415.5143   5522128.8928
112207  315.0000  60.0000    1000.0000   4607871.1531    910415.5143   5522128.8928
112347  315.0000  60.0000    1000.0000   4607871.1531    910415.5143   5522128.8928
112527  315.0000  60.0000    1000.0000   4607871.1531    910415.5143   5522128.8928
112707  315.0000  60.0000    1000.0000   4607871.1531    910415.5143   5522128.8928
112847  315.0000  60.0000    1000.0000   4607871.1531    910415.5143   5522128.8928
113027  315.0000  60.0000    1000.0000   4607871.1531    910415.5143   5522128.8928
113207  315.0000  60.0000    1000.0000   4607871.1531    910415.5143   5522128.8928
113347  315.0000  60.0000    1000.0000   4607871.1531    910415.5143   5522128.8928
113527  315.0000  60.0000    1000.0000   4607871.1531    910415.5143   5522128.8928
113707  315.0000  60.0000    1000.0000   4607871.1531    910415.5143   5522128.8928
113847  315.0000  60.0000    1000.0000   4607871.1531    910415.5143   5522128.8928
114027  315.0000  60.0000    1000.0000   4607871.1531    910415.5143   5522128.8928
114207  315.0000  60.0000    1000.0000   4607871.1531    910415.5143   5522128.8928
114347  315.0000  60.0000    1000.0000   4607871.1531    910415.5143   5522128.8928
114527  315.0000  60.0000    1000.0000   4607871.1531    910415.5143   5522128.8928
114707  315.0000  60.0000    1000.0000   4607871.1531    910415.5143   5522128.8928
114847  315.0000  60.0000    1000.0000   4607871.1531    910415.5143   5522128.8928
115027  315.0000  60.0000    1000.0000   4607871.1531    910415.5143   5522128.8928
115207  315.0000  60.0000    1000.0000   4607871.1531    910415.5143   5522128.8928
115347  315.0000  60.0000    1000.0000   4607871.1531    910415.5143   5522128.8928
115527  315.0000  60.0000    1000.0000   4607871.1531    910415.5143   5522128.8928
115707  315.0000  60.0000    1000.0000   4607871.1531    910415.5143   5522128.8928
115847  315.0000  60.0000    1000.0000   4607871.1531    910415.5143   5522128.8928
120027  315.0000  60.0000    1000.0000   4607871.1531    910415.5143   5522128.8928
120207  315.0000  60.0000    1000.0000   4607871.1531    910415.5143   5522128.8928
120347  315.0000  60.0000    1000.0000   4607871.1531    910415.5143   5522128.8928
120527  315.0000  60.0000    1000.0000   4607871.1531    910415.5143   5522128.8928
120707  315.0000  60.0000    1000.0000   4607871.1531    910415.5143   5522128.8928
120847  315.0000  60.0000    1000.0000   4607871.1531    910415.5143   5522128.8928
121027  315.0000  60.0000    1000.0000   4607871.1531    910415.5143   5522128.8928
121207  315.0000  60.0000    1000.0000   4607871.1531    910415.5143   5522128.8928
121347  315.0000  60.0000    1000.0000   4607871.1531    910415.5143   5522128.8928
121527  315.0000  60.0000    1000.0000   4607871.1531    910415.5143   5522128.8928
121707  315.0000  60.0000    1000.0000   4607871.1531    910415.5143   5522128.8928
121847  315.0000  60.0000    1000.0000   4607871.1531    910415.5143   5522128.8928
122027  315.0000  60.0000    1000.0000   4607871.1531    910415.5143   5522128.8928
122207  315.0000  60.0000    1000.0000   4607871.1531    910415.5143   5522128.8928
122347  315.0000  60.0000    1000.0000   4607871.1531    910415.5143   5522128.8928
122527  315.0000  60.0000    1000.0000   4607871.1531    910415.5143   5522128.8928
122707  315.0000  60.0000    1000.0000   4607871.1531    910415.5143   5522128.8928
122847  315.0000  60.0000    1000.0000   4607871.1531    910415.5143   5522128.8928
123027  315.0000  60.0000    1000.0000   4607871.1531    910415.5143   5522128.8928
123207  315.0000  60.0000    1000.0000   4607871.1531    910415.5143   5522128.8928
123347  315.0000  60.0000    1000.0000   4607871.1531    910415.5143   5522128.8928
123527  315.0000  60.0000    1000.0000   4607871.1531    910415.5143   5522128.8928
123707  315.0000  60.0000    1000.0000   4607871.1531    910415.5143   5522128.8928
123847  315.0000  60.0000    1000.0000   4607871.1531    910415.5143   5522128.8928
124027  315.0000  60.0000    1000.0000   4607871.1531    910415.5143   5522128.8928
124207  315.0000  60.0000    1000.0000   4607871.1531    910415.5143   5522128.8928
124347  315.0000  60.0000    1000.0000   4607871.1531    910415.5143   5522128.8928
124527  315.0000  60.0000    1000.0000   4607871.1531    910415.5143   5522128.8928
124707  315.0000  60.0000    1000.0000   4607871.1531    910415.5143   5522128.8928
124847  315.0000  60.0000    1000.0000   4607871.1531    910415.5143   5522128.8928
125027  315.0000  60.0000    1000.0000   4607871.1531    910415.5143   5522128.8928
125207  315.0000  60.0000    1000.0000   4607871.1531    910415.5143   5522128.8928
125347  315.0000  60.0000    1000.0000   4607871.1531    910415.5143   5522128.8928
125527  315.0000  60.0000    1000.0000   4607871.1531    910415.5143   5522128.8928
125707  315.0000  60.0000    1000.0000   4607871.1531    910415.5143   5522128.8928
125847  315.0000  60.0000    1000.0000   4607871.1531    910415.5143   5522128.8928
130027  315.0000  60.0000    1000.0000   4607871.1531    910415.5143   5522128.8928
130207  315.0000  60.0000    1000.0000   4607871.1531    910415.5143   5522128.8928
130347  315.0000  60.0000    1000.0000   4607871.1531    910415.5143   5522128.8928
130527  315.0000  60.0000    1000.0000   4607871.1531    910415.5143   5522128.8928
130707  315.0000  60.0000    1000.0000   4607871.1531    910415.5143   5522128.8928
130847  315.0000  60.0000    1000.0000   4607871.1531    910415.5143   5522128.8928
131027  315.0000  60.0000    1000.0000   4607871.1531    910415.5143   5522128.8928
