X5512711 R_PNT     RP_TEST 1808 0000000  315 60.0 2025 127 115550 300 100   0   0 1     -1
115550  315.0000  60.0000    1000.0000   4607871.1531    910415.5143   5522128.8928
120050  315.0000  60.0000    1000.0000   4607871.1531    910415.5143   5522128.8928
120550  315.0000  60.0000    1000.0000   4607871.1531    910415.5143   5522128.8928
121050  315.0000  60.0000    1000.0000   4607871.1531    910415.5143   5522128.8928
121550  315.0000  60.0000    1000.0000   4607871.1531    910415.5143   5522128.8928
122050  315.0000  60.0000    1000.0000   4607871.1531    910415.5143   5522128.8928
122550  315.0000  60.0000    1000.0000   4607871.1531    910415.5143   5522128.8928
123050  315.0000  60.0000    1000.0000   4607871.1531    910415.5143   5522128.8928
123550  315.0000  60.0000    1000.0000   4607871.1531    910415.5143   5522128.8928
124050  315.0000  60.0000    1000.0000   4607871.1531    910415.5143   5522128.8928
124550  315.0000  60.0000    1000.0000   4607871.1531    910415.5143   5522128.8928
125050  315.0000  60.0000    1000.0000   4607871.1531    910415.5143   5522128.8928
125550  315.0000  60.0000    1000.0000   4607871.1531    910415.5143   5522128.8928
130050  315.0000  60.0000    1000.0000   4607871.1531    910415.5143   5522128.8928
130550  315.0000  60.0000    1000.0000   4607871.1531    910415.5143   5522128.8928
131050  315.0000  60.0000    1000.0000   4607871.1531    910415.5143   5522128.8928
131550  315.0000  60.0000    1000.0000   4607871.1531    910415.5143   5522128.8928
132050  315.0000  60.0000    1000.0000   4607871.1531    910415.5143   5522128.8928
132550  315.0000  60.0000    1000.0000   4607871.1531    910415.5143   5522128.8928
133050  315.0000  60.0000    1000.0000   4607871.1531    910415.5143   5522128.8928
133550  315.0000  60.0000    1000.0000   4607871.1531    910415.5143   5522128.8928
134050  315.0000  60.0000    1000.0000   4607871.1531    910415.5143   5522128.8928
134550  315.0000  60.0000    1000.0000   4607871.1531    910415.5143   5522128.8928
135050  315.0000  60.0000    1000.0000   4607871.1531    910415.5143   5522128.8928
135550  315.0000  60.0000    1000.0000   4607871.1531    910415.5143   5522128.8928
140050  315.0000  60.0000    1000.0000   4607871.1531    910415.5143   5522128.8928
140550  315.0000  60.0000    1000.0000   4607871.1531    910415.5143   5522128.8928
141050  315.0000  60.0000    1000.0000   4607871.1531    910415.5143   5522128.8928
141550  315.0000  60.0000    1000.0000   4607871.1531    910415.5143   5522128.8928
142050  315.0000  60.0000    1000.0000   4607871.1531    910415.5143   5522128.8928
142550  315.0000  60.0000    1000.0000   4607871.1531    910415.5143   5522128.8928
143050  315.0000  60.0000    1000.0000   4607871.1531    910415.5143   5522128.8928
143550  315.0000  60.0000    1000.0000   4607871.1531    910415.5143   5522128.8928
144050  315.0000  60.0000    1000.0000   4607871.1531    910415.5143   5522128.8928
144550  315.0000  60.0000    1000.0000   4607871.1531    910415.5143   5522128.8928
145050  315.0000  60.0000    1000.0000   4607871.1531    910415.5143   5522128.8928
145550  315.0000  60.0000    1000.0000   4607871.1531    910415.5143   5522128.8928
150050  315.0000  60.0000    1000.0000   4607871.1531    910415.5143   5522128.8928
150550  315.0000  60.0000    1000.0000   4607871.1531    910415.5143   5522128.8928
151050  315.0000  60.0000    1000.0000   4607871.1531    910415.5143   5522128.8928
151550  315.0000  60.0000    1000.0000   4607871.1531    910415.5143   5522128.8928
152050  315.0000  60.0000    1000.0000   4607871.1531    910415.5143   5522128.8928
152550  315.0000  60.0000    1000.0000   4607871.1531    910415.5143   5522128.8928
153050  315.0000  60.0000    1000.0000   4607871.1531    910415.5143   5522128.8928
153550  315.0000  60.0000    1000.0000   4607871.1531    910415.5143   5522128.8928
154050  315.0000  60.0000    1000.0000   4607871.1531    910415.5143   5522128.8928
154550  315.0000  60.0000    1000.0000   4607871.1531    910415.5143   5522128.8928
155050  315.0000  60.0000    1000.0000   4607871.1531    910415.5143   5522128.8928
155550  315.0000  60.0000    1000.0000   4607871.1531    910415.5143   5522128.8928
160050  315.0000  60.0000    1000.0000   4607871.1531    910415.5143   5522128.8928
160550  315.0000  60.0000    1000.0000   4607871.1531    910415.5143   5522128.8928
161050  315.0000  60.0000    1000.0000   4607871.1531    910415.5143   5522128.8928
161550  315.0000  60.0000    1000.0000   4607871.1531    910415.5143   5522128.8928
162050  315.0000  60.0000    1000.0000   4607871.1531    910415.5143   5522128.8928
162550  315.0000  60.0000    1000.0000   4607871.1531    910415.5143   5522128.8928
163050  315.0000  60.0000    1000.0000   4607871.1531    910415.5143   5522128.8928
163550  315.0000  60.0000    1000.0000   4607871.1531    910415.5143   5522128.8928
164050  315.0000  60.0000    1000.0000   4607871.1531    910415.5143   5522128.8928
164550  315.0000  60.0000    1000.0000   4607871.1531    910415.5143   5522128.8928
165050  315.0000  60.0000    1000.0000   4607871.1531    910415.5143   5522128.8928
165550  315.0000  60.0000    1000.0000   4607871.1531    910415.5143   5522128.8928
170050  315.0000  60.0000    1000.0000   4607871.1531    910415.5143   5522128.8928
170550  315.0000  60.0000    1000.0000   4607871.1531    910415.5143   5522128.8928
171050  315.0000  60.0000    1000.0000   4607871.1531    910415.5143   5522128.8928
171550  315.0000  60.0000    1000.0000   4607871.1531    910415.5143   5522128.8928
172050  315.0000  60.0000    1000.0000   4607871.1531    910415.5143   5522128.8928
172550  315.0000  60.0000    1000.0000   4607871.1531    910415.5143   5522128.8928
173050  315.0000  60.0000    1000.0000   4607871.1531    910415.5143   5522128.8928
173550  315.0000  60.0000    1000.0000   4607871.1531    910415.5143   5522128.8928
174050  315.0000  60.0000    1000.0000   4607871.1531    910415.5143   5522128.8928
174550  315.0000  60.0000    1000.0000   4607871.1531    910415.5143   5522128.8928
175050  315.0000  60.0000    1000.0000   4607871.1531    910415.5143   5522128.8928
175550  315.0000  60.0000    1000.0000   4607871.1531    910415.5143   5522128.8928
180050  315.0000  60.0000    1000.0000   4607871.1531    910415.5143   5522128.8928
180550  315.0000  60.0000    1000.0000   4607871.1531    910415.5143   5522128.8928
181050  315.0000  60.0000    1000.0000   4607871.1531    910415.5143   5522128.8928
181550  315.0000  60.0000    1000.0000   4607871.1531    910415.5143   5522128.8928
182050  315.0000  60.0000    1000.0000   4607871.1531    910415.5143   5522128.8928
182550  315.0000  60.0000    1000.0000   4607871.1531    910415.5143   5522128.8928
183050  315.0000  60.0000    1000.0000   4607871.1531    910415.5143   5522128.8928
183550  315.0000  60.0000    1000.0000   4607871.1531    910415.5143   5522128.8928
184050  315.0000  60.0000    1000.0000   4607871.1531    910415.5143   5522128.8928
184550  315.0000  60.0000    1000.0000   4607871.1531    910415.5143   5522128.8928
185050  315.0000  60.0000    1000.0000   4607871.1531    910415.5143   5522128.8928
185550  315.0000  60.0000    1000.0000   4607871.1531    910415.5143   5522128.8928
190050  315.0000  60.0000    1000.0000   4607871.1531    910415.5143   5522128.8928
190550  315.0000  60.0000    1000.0000   4607871.1531    910415.5143   5522128.8928
191050  315.0000  60.0000    1000.0000   4607871.1531    910415.5143   5522128.8928
191550  315.0000  60.0000    1000.0000   4607871.1531    910415.5143   5522128.8928
192050  315.0000  60.0000    1000.0000   4607871.1531    910415.5143   5522128.8928
192550  315.0000  60.0000    1000.0000   4607871.1531    910415.5143   5522128.8928
193050  315.0000  60.0000    1000.0000   4607871.1531    910415.5143   5522128.8928
193550  315.0000  60.0000    1000.0000   4607871.1531    910415.5143   5522128.8928
194050  315.0000  60.0000    1000.0000   4607871.1531    910415.5143   5522128.8928
194550  315.0000  60.0000    1000.0000   4607871.1531    910415.5143   5522128.8928
195050  315.0000  60.0000    1000.0000   4607871.1531    910415.5143   5522128.8928
195550  315.0000  60.0000    1000.0000   4607871.1531    910415.5143   5522128.8928
200050  315.0000  60.0000    1000.0000   4607871.1531    910415.5143   5522128.8928
200550  315.0000  60.0000    1000.0000   4607871.1531    910415.5143   5522128.8928
201050  315.0000  60.0000    1000.0000   4607871.1531    910415.5143   5522128.8928
