X5512708 R_PNT     RP_TEST 1808 0000000  315 60.0 2025 127 085341 300 100   0   0 1     -1
085341  315.0000  60.0000    1000.0000   4629579.6086   1932877.7801   5113566.4040
085841  315.0000  60.0000    1000.0000   4629579.6086   1932877.7801   5113566.4040
090341  315.0000  60.0000    1000.0000   4629579.6086   1932877.7801   5113566.4040
090841  315.0000  60.0000    1000.0000   4629579.6086   1932877.7801   5113566.4040
091341  315.0000  60.0000    1000.0000   4629579.6086   1932877.7801   5113566.4040
091841  315.0000  60.0000    1000.0000   4629579.6086   1932877.7801   5113566.4040
092341  315.0000  60.0000    1000.0000   4629579.6086   1932877.7801   5113566.4040
092841  315.0000  60.0000    1000.0000   4629579.6086   1932877.7801   5113566.4040
093341  315.0000  60.0000    1000.0000   4629579.6086   1932877.7801   5113566.4040
093841  315.0000  60.0000    1000.0000   4629579.6086   1932877.7801   5113566.4040
094341  315.0000  60.0000    1000.0000   4629579.6086   1932877.7801   5113566.4040
094841  315.0000  60.0000    1000.0000   4629579.6086   1932877.7801   5113566.4040
095341  315.0000  60.0000    1000.0000   4629579.6086   1932877.7801   5113566.4040
095841  315.0000  60.0000    1000.0000   4629579.6086   1932877.7801   5113566.4040
100341  315.0000  60.0000    1000.0000   4629579.6086   1932877.7801   5113566.4040
100841  315.0000  60.0000    1000.0000   4629579.6086   1932877.7801   5113566.4040
101341  315.0000  60.0000    1000.0000   4629579.6086   1932877.7801   5113566.4040
101841  315.0000  60.0000    1000.0000   4629579.6086   1932877.7801   5113566.4040
102341  315.0000  60.0000    1000.0000   4629579.6086   1932877.7801   5113566.4040
102841  315.0000  60.0000    1000.0000   4629579.6086   1932877.7801   5113566.4040
103341  315.0000  60.0000    1000.0000   4629579.6086   1932877.7801   5113566.4040
103841  315.0000  60.0000    1000.0000   4629579.6086   1932877.7801   5113566.4040
104341  315.0000  60.0000    1000.0000   4629579.6086   1932877.7801   5113566.4040
104841  315.0000  60.0000    1000.0000   4629579.6086   1932877.7801   5113566.4040
105341  315.0000  60.0000    1000.0000   4629579.6086   1932877.7801   5113566.4040
105841  315.0000  60.0000    1000.0000   4629579.6086   1932877.7801   5113566.4040
110341  315.0000  60.0000    1000.0000   4629579.6086   1932877.7801   5113566.4040
110841  315.0000  60.0000    1000.0000   4629579.6086   1932877.7801   5113566.4040
111341  315.0000  60.0000    1000.0000   4629579.6086   1932877.7801   5113566.4040
111841  315.0000  60.0000    1000.0000   4629579.6086   1932877.7801   5113566.4040
112341  315.0000  60.0000    1000.0000   4629579.6086   1932877.7801   5113566.4040
112841  315.0000  60.0000    1000.0000   4629579.6086   1932877.7801   5113566.4040
113341  315.0000  60.0000    1000.0000   4629579.6086   1932877.7801   5113566.4040
113841  315.0000  60.0000    1000.0000   4629579.6086   1932877.7801   5113566.4040
114341  315.0000  60.0000    1000.0000   4629579.6086   1932877.7801   5113566.4040
114841  315.0000  60.0000    1000.0000   4629579.6086   1932877.7801   5113566.4040
115341  315.0000  60.0000    1000.0000   4629579.6086   1932877.7801   5113566.4040
115841  315.0000  60.0000    1000.0000   4629579.6086   1932877.7801   5113566.4040
120341  315.0000  60.0000    1000.0000   4629579.6086   1932877.7801   5113566.4040
120841  315.0000  60.0000    1000.0000   4629579.6086   1932877.7801   5113566.4040
121341  315.0000  60.0000    1000.0000   4629579.6086   1932877.7801   5113566.4040
121841  315.0000  60.0000    1000.0000   4629579.6086   1932877.7801   5113566.4040
122341  315.0000  60.0000    1000.0000   4629579.6086   1932877.7801   5113566.4040
122841  315.0000  60.0000    1000.0000   4629579.6086   1932877.7801   5113566.4040
123341  315.0000  60.0000    1000.0000   4629579.6086   1932877.7801   5113566.4040
123841  315.0000  60.0000    1000.0000   4629579.6086   1932877.7801   5113566.4040
124341  315.0000  60.0000    1000.0000   4629579.6086   1932877.7801   5113566.4040
124841  315.0000  60.0000    1000.0000   4629579.6086   1932877.7801   5113566.4040
125341  315.0000  60.0000    1000.0000   4629579.6086   1932877.7801   5113566.4040
125841  315.0000  60.0000    1000.0000   4629579.6086   1932877.7801   5113566.4040
130341  315.0000  60.0000    1000.0000   4629579.6086   1932877.7801   5113566.4040
130841  315.0000  60.0000    1000.0000   4629579.6086   1932877.7801   5113566.4040
131341  315.0000  60.0000    1000.0000   4629579.6086   1932877.7801   5113566.4040
131841  315.0000  60.0000    1000.0000   4629579.6086   1932877.7801   5113566.4040
132341  315.0000  60.0000    1000.0000   4629579.6086   1932877.7801   5113566.4040
132841  315.0000  60.0000    1000.0000   4629579.6086   1932877.7801   5113566.4040
133341  315.0000  60.0000    1000.0000   4629579.6086   1932877.7801   5113566.4040
133841  315.0000  60.0000    1000.0000   4629579.6086   1932877.7801   5113566.4040
134341  315.0000  60.0000    1000.0000   4629579.6086   1932877.7801   5113566.4040
134841  315.0000  60.0000    1000.0000   4629579.6086   1932877.7801   5113566.4040
135341  315.0000  60.0000    1000.0000   4629579.6086   1932877.7801   5113566.4040
135841  315.0000  60.0000    1000.0000   4629579.6086   1932877.7801   5113566.4040
140341  315.0000  60.0000    1000.0000   4629579.6086   1932877.7801   5113566.4040
140841  315.0000  60.0000    1000.0000   4629579.6086   1932877.7801   5113566.4040
141341  315.0000  60.0000    1000.0000   4629579.6086   1932877.7801   5113566.4040
141841  315.0000  60.0000    1000.0000   4629579.6086   1932877.7801   5113566.4040
142341  315.0000  60.0000    1000.0000   4629579.6086   1932877.7801   5113566.4040
142841  315.0000  60.0000    1000.0000   4629579.6086   1932877.7801   5113566.4040
143341  315.0000  60.0000    1000.0000   4629579.6086   1932877.7801   5113566.4040
143841  315.0000  60.0000    1000.0000   4629579.6086   1932877.7801   5113566.4040
144341  315.0000  60.0000    1000.0000   4629579.6086   1932877.7801   5113566.4040
144841  315.0000  60.0000    1000.0000   4629579.6086   1932877.7801   5113566.4040
145341  315.0000  60.0000    1000.0000   4629579.6086   1932877.7801   5113566.4040
145841  315.0000  60.0000    1000.0000   4629579.6086   1932877.7801   5113566.4040
150341  315.0000  60.0000    1000.0000   4629579.6086   1932877.7801   5113566.4040
150841  315.0000  60.0000    1000.0000   4629579.6086   1932877.7801   5113566.4040
151341  315.0000  60.0000    1000.0000   4629579.6086   1932877.7801   5113566.4040
151841  315.0000  60.0000    1000.0000   4629579.6086   1932877.7801   5113566.4040
152341  315.0000  60.0000    1000.0000   4629579.6086   1932877.7801   5113566.4040
152841  315.0000  60.0000    1000.0000   4629579.6086   1932877.7801   5113566.4040
153341  315.0000  60.0000    1000.0000   4629579.6086   1932877.7801   5113566.4040
153841  315.0000  60.0000    1000.0000   4629579.6086   1932877.7801   5113566.4040
154341  315.0000  60.0000    1000.0000   4629579.6086   1932877.7801   5113566.4040
154841  315.0000  60.0000    1000.0000   4629579.6086   1932877.7801   5113566.4040
155341  315.0000  60.0000    1000.0000   4629579.6086   1932877.7801   5113566.4040
155841  315.0000  60.0000    1000.0000   4629579.6086   1932877.7801   5113566.4040
160341  315.0000  60.0000    1000.0000   4629579.6086   1932877.7801   5113566.4040
160841  315.0000  60.0000    1000.0000   4629579.6086   1932877.7801   5113566.4040
161341  315.0000  60.0000    1000.0000   4629579.6086   1932877.7801   5113566.4040
161841  315.0000  60.0000    1000.0000   4629579.6086   1932877.7801   5113566.4040
162341  315.0000  60.0000    1000.0000   4629579.6086   1932877.7801   5113566.4040
162841  315.0000  60.0000    1000.0000   4629579.6086   1932877.7801   5113566.4040
163341  315.0000  60.0000    1000.0000   4629579.6086   1932877.7801   5113566.4040
163841  315.0000  60.0000    1000.0000   4629579.6086   1932877.7801   5113566.4040
164341  315.0000  60.0000    1000.0000   4629579.6086   1932877.7801   5113566.4040
164841  315.0000  60.0000    1000.0000   4629579.6086   1932877.7801   5113566.4040
165341  315.0000  60.0000    1000.0000   4629579.6086   1932877.7801   5113566.4040
165841  315.0000  60.0000    1000.0000   4629579.6086   1932877.7801   5113566.4040
170341  315.0000  60.0000    1000.0000   4629579.6086   1932877.7801   5113566.4040
170841  315.0000  60.0000    1000.0000   4629579.6086   1932877.7801   5113566.4040
