X5616110 R_PNT     RP_TEST 1808 0000000  315 75.0 2025 161 102527 300 100   0   0 1     -1
102527  315.0000  75.0000    1000.0000   4748213.4065   1126289.7269   5479108.8547
102707  315.0000  75.0000    1000.0000   4748213.4065   1126289.7269   5479108.8547
102847  315.0000  75.0000    1000.0000   4748213.4065   1126289.7269   5479108.8547
103027  315.0000  75.0000    1000.0000   4748213.4065   1126289.7269   5479108.8547
103207  315.0000  75.0000    1000.0000   4748213.4065   1126289.7269   5479108.8547
103347  315.0000  75.0000    1000.0000   4748213.4065   1126289.7269   5479108.8547
103527  315.0000  75.0000    1000.0000   4748213.4065   1126289.7269   5479108.8547
103707  315.0000  75.0000    1000.0000   4748213.4065   1126289.7269   5479108.8547
103847  315.0000  75.0000    1000.0000   4748213.4065   1126289.7269   5479108.8547
104027  315.0000  75.0000    1000.0000   4748213.4065   1126289.7269   5479108.8547
104207  315.0000  75.0000    1000.0000   4748213.4065   1126289.7269   5479108.8547
104347  315.0000  75.0000    1000.0000   4748213.4065   1126289.7269   5479108.8547
104527  315.0000  75.0000    1000.0000   4748213.4065   1126289.7269   5479108.8547
104707  315.0000  75.0000    1000.0000   4748213.4065   1126289.7269   5479108.8547
104847  315.0000  75.0000    1000.0000   4748213.4065   1126289.7269   5479108.8547
105027  315.0000  75.0000    1000.0000   4748213.4065   1126289.7269   5479108.8547
105207  315.0000  75.0000    1000.0000   4748213.4065   1126289.7269   5479108.8547
105347  315.0000  75.0000    1000.0000   4748213.4065   1126289.7269   5479108.8547
105527  315.0000  75.0000    1000.0000   4748213.4065   1126289.7269   5479108.8547
105707  315.0000  75.0000    1000.0000   4748213.4065   1126289.7269   5479108.8547
105847  315.0000  75.0000    1000.0000   4748213.4065   1126289.7269   5479108.8547
110027  315.0000  75.0000    1000.0000   4748213.4065   1126289.7269   5479108.8547
110207  315.0000  75.0000    1000.0000   4748213.4065   1126289.7269   5479108.8547
110347  315.0000  75.0000    1000.0000   4748213.4065   1126289.7269   5479108.8547
110527  315.0000  75.0000    1000.0000   4748213.4065   1126289.7269   5479108.8547
110707  315.0000  75.0000    1000.0000   4748213.4065   1126289.7269   5479108.8547
110847  315.0000  75.0000    1000.0000   4748213.4065   1126289.7269   5479108.8547
111027  315.0000  75.0000    1000.0000   4748213.4065   1126289.7269   5479108.8547
111207  315.0000  75.0000    1000.0000   4748213.4065   1126289.7269   5479108.8547
111347  315.0000  75.0000    1000.0000   4748213.4065   1126289.7269   5479108.8547
111527  315.0000  75.0000    1000.0000   4748213.4065   1126289.7269   5479108.8547
111707  315.0000  75.0000    1000.0000   4748213.4065   1126289.7269   5479108.8547
111847  315.0000  75.0000    1000.0000   4748213.4065   1126289.7269   5479108.8547
112027  315.0000  75.0000    1000.0000   4748213.4065   1126289.7269   5479108.8547
112207  315.0000  75.0000    1000.0000   4748213.4065   1126289.7269   5479108.8547
112347  315.0000  75.0000    1000.0000   4748213.4065   1126289.7269   5479108.8547
112527  315.0000  75.0000    1000.0000   4748213.4065   1126289.7269   5479108.8547
112707  315.0000  75.0000    1000.0000   4748213.4065   1126289.7269   5479108.8547
112847  315.0000  75.0000    1000.0000   4748213.4065   1126289.7269   5479108.8547
113027  315.0000  75.0000    1000.0000   4748213.4065   1126289.7269   5479108.8547
113207  315.0000  75.0000    1000.0000   4748213.4065   1126289.7269   5479108.8547
113347  315.0000  75.0000    1000.0000   4748213.4065   1126289.7269   5479108.8547
113527  315.0000  75.0000    1000.0000   4748213.4065   1126289.7269   5479108.8547
113707  315.0000  75.0000    1000.0000   4748213.4065   1126289.7269   5479108.8547
113847  315.0000  75.0000    1000.0000   4748213.4065   1126289.7269   5479108.8547
114027  315.0000  75.0000    1000.0000   4748213.4065   1126289.7269   5479108.8547
114207  315.0000  75.0000    1000.0000   4748213.4065   1126289.7269   5479108.8547
114347  315.0000  75.0000    1000.0000   4748213.4065   1126289.7269   5479108.8547
114527  315.0000  75.0000    1000.0000   4748213.4065   1126289.7269   5479108.8547
114707  315.0000  75.0000    1000.0000   4748213.4065   1126289.7269   5479108.8547
114847  315.0000  75.0000    1000.0000   4748213.4065   1126289.7269   5479108.8547
115027  315.0000  75.0000    1000.0000   4748213.4065   1126289.7269   5479108.8547
115207  315.0000  75.0000    1000.0000   4748213.4065   1126289.7269   5479108.8547
115347  315.0000  75.0000    1000.0000   4748213.4065   1126289.7269   5479108.8547
115527  315.0000  75.0000    1000.0000   4748213.4065   1126289.7269   5479108.8547
115707  315.0000  75.0000    1000.0000   4748213.4065   1126289.7269   5479108.8547
115847  315.0000  75.0000    1000.0000   4748213.4065   1126289.7269   5479108.8547
120027  315.0000  75.0000    1000.0000   4748213.4065   1126289.7269   5479108.8547
120207  315.0000  75.0000    1000.0000   4748213.4065   1126289.7269   5479108.8547
120347  315.0000  75.0000    1000.0000   4748213.4065   1126289.7269   5479108.8547
120527  315.0000  75.0000    1000.0000   4748213.4065   1126289.7269   5479108.8547
120707  315.0000  75.0000    1000.0000   4748213.4065   1126289.7269   5479108.8547
120847  315.0000  75.0000    1000.0000   4748213.4065   1126289.7269   5479108.8547
121027  315.0000  75.0000    1000.0000   4748213.4065   1126289.7269   5479108.8547
121207  315.0000  75.0000    1000.0000   4748213.4065   1126289.7269   5479108.8547
121347  315.0000  75.0000    1000.0000   4748213.4065   1126289.7269   5479108.8547
121527  315.0000  75.0000    1000.0000   4748213.4065   1126289.7269   5479108.8547
121707  315.0000  75.0000    1000.0000   4748213.4065   1126289.7269   5479108.8547
121847  315.0000  75.0000    1000.0000   4748213.4065   1126289.7269   5479108.8547
122027  315.0000  75.0000    1000.0000   4748213.4065   1126289.7269   5479108.8547
122207  315.0000  75.0000    1000.0000   4748213.4065   1126289.7269   5479108.8547
122347  315.0000  75.0000    1000.0000   4748213.4065   1126289.7269   5479108.8547
122527  315.0000  75.0000    1000.0000   4748213.4065   1126289.7269   5479108.8547
122707  315.0000  75.0000    1000.0000   4748213.4065   1126289.7269   5479108.8547
122847  315.0000  75.0000    1000.0000   4748213.4065   1126289.7269   5479108.8547
123027  315.0000  75.0000    1000.0000   4748213.4065   1126289.7269   5479108.8547
123207  315.0000  75.0000    1000.0000   4748213.4065   1126289.7269   5479108.8547
123347  315.0000  75.0000    1000.0000   4748213.4065   1126289.7269   5479108.8547
123527  315.0000  75.0000    1000.0000   4748213.4065   1126289.7269   5479108.8547
123707  315.0000  75.0000    1000.0000   4748213.4065   1126289.7269   5479108.8547
123847  315.0000  75.0000    1000.0000   4748213.4065   1126289.7269   5479108.8547
124027  315.0000  75.0000    1000.0000   4748213.4065   1126289.7269   5479108.8547
124207  315.0000  75.0000    1000.0000   4748213.4065   1126289.7269   5479108.8547
124347  315.0000  75.0000    1000.0000   4748213.4065   1126289.7269   5479108.8547
124527  315.0000  75.0000    1000.0000   4748213.4065   1126289.7269   5479108.8547
124707  315.0000  75.0000    1000.0000   4748213.4065   1126289.7269   5479108.8547
124847  315.0000  75.0000    1000.0000   4748213.4065   1126289.7269   5479108.8547
125027  315.0000  75.0000    1000.0000   4748213.4065   1126289.7269   5479108.8547
125207  315.0000  75.0000    1000.0000   4748213.4065   1126289.7269   5479108.8547
125347  315.0000  75.0000    1000.0000   4748213.4065   1126289.7269   5479108.8547
125527  315.0000  75.0000    1000.0000   4748213.4065   1126289.7269   5479108.8547
125707  315.0000  75.0000    1000.0000   4748213.4065   1126289.7269   5479108.8547
125847  315.0000  75.0000    1000.0000   4748213.4065   1126289.7269   5479108.8547
130027  315.0000  75.0000    1000.0000   4748213.4065   1126289.7269   5479108.8547
130207  315.0000  75.0000    1000.0000   4748213.4065   1126289.7269   5479108.8547
130347  315.0000  75.0000    1000.0000   4748213.4065   1126289.7269   5479108.8547
130527  315.0000  75.0000    1000.0000   4748213.4065   1126289.7269   5479108.8547
130707  315.0000  75.0000    1000.0000   4748213.4065   1126289.7269   5479108.8547
130847  315.0000  75.0000    1000.0000   4748213.4065   1126289.7269   5479108.8547
131027  315.0000  75.0000    1000.0000   4748213.4065   1126289.7269   5479108.8547
