X5612708 R_PNT     RP_TEST 1808 0000000  315 75.0 2025 127 085341 300 100   0   0 1     -1
085341  315.0000  75.0000    1000.0000   4419680.2800   1913953.4307   5267619.9281
085841  315.0000  75.0000    1000.0000   4419680.2800   1913953.4307   5267619.9281
090341  315.0000  75.0000    1000.0000   4419680.2800   1913953.4307   5267619.9281
090841  315.0000  75.0000    1000.0000   4419680.2800   1913953.4307   5267619.9281
091341  315.0000  75.0000    1000.0000   4419680.2800   1913953.4307   5267619.9281
091841  315.0000  75.0000    1000.0000   4419680.2800   1913953.4307   5267619.9281
092341  315.0000  75.0000    1000.0000   4419680.2800   1913953.4307   5267619.9281
092841  315.0000  75.0000    1000.0000   4419680.2800   1913953.4307   5267619.9281
093341  315.0000  75.0000    1000.0000   4419680.2800   1913953.4307   5267619.9281
093841  315.0000  75.0000    1000.0000   4419680.2800   1913953.4307   5267619.9281
094341  315.0000  75.0000    1000.0000   4419680.2800   1913953.4307   5267619.9281
094841  315.0000  75.0000    1000.0000   4419680.2800   1913953.4307   5267619.9281
095341  315.0000  75.0000    1000.0000   4419680.2800   1913953.4307   5267619.9281
095841  315.0000  75.0000    1000.0000   4419680.2800   1913953.4307   5267619.9281
100341  315.0000  75.0000    1000.0000   4419680.2800   1913953.4307   5267619.9281
100841  315.0000  75.0000    1000.0000   4419680.2800   1913953.4307   5267619.9281
101341  315.0000  75.0000    1000.0000   4419680.2800   1913953.4307   5267619.9281
101841  315.0000  75.0000    1000.0000   4419680.2800   1913953.4307   5267619.9281
102341  315.0000  75.0000    1000.0000   4419680.2800   1913953.4307   5267619.9281
102841  315.0000  75.0000    1000.0000   4419680.2800   1913953.4307   5267619.9281
103341  315.0000  75.0000    1000.0000   4419680.2800   1913953.4307   5267619.9281
103841  315.0000  75.0000    1000.0000   4419680.2800   1913953.4307   5267619.9281
104341  315.0000  75.0000    1000.0000   4419680.2800   1913953.4307   5267619.9281
104841  315.0000  75.0000    1000.0000   4419680.2800   1913953.4307   5267619.9281
105341  315.0000  75.0000    1000.0000   4419680.2800   1913953.4307   5267619.9281
105841  315.0000  75.0000    1000.0000   4419680.2800   1913953.4307   5267619.9281
110341  315.0000  75.0000    1000.0000   4419680.2800   1913953.4307   5267619.9281
110841  315.0000  75.0000    1000.0000   4419680.2800   1913953.4307   5267619.9281
111341  315.0000  75.0000    1000.0000   4419680.2800   1913953.4307   5267619.9281
111841  315.0000  75.0000    1000.0000   4419680.2800   1913953.4307   5267619.9281
112341  315.0000  75.0000    1000.0000   4419680.2800   1913953.4307   5267619.9281
112841  315.0000  75.0000    1000.0000   4419680.2800   1913953.4307   5267619.9281
113341  315.0000  75.0000    1000.0000   4419680.2800   1913953.4307   5267619.9281
113841  315.0000  75.0000    1000.0000   4419680.2800   1913953.4307   5267619.9281
114341  315.0000  75.0000    1000.0000   4419680.2800   1913953.4307   5267619.9281
114841  315.0000  75.0000    1000.0000   4419680.2800   1913953.4307   5267619.9281
115341  315.0000  75.0000    1000.0000   4419680.2800   1913953.4307   5267619.9281
115841  315.0000  75.0000    1000.0000   4419680.2800   1913953.4307   5267619.9281
120341  315.0000  75.0000    1000.0000   4419680.2800   1913953.4307   5267619.9281
120841  315.0000  75.0000    1000.0000   4419680.2800   1913953.4307   5267619.9281
121341  315.0000  75.0000    1000.0000   4419680.2800   1913953.4307   5267619.9281
121841  315.0000  75.0000    1000.0000   4419680.2800   1913953.4307   5267619.9281
122341  315.0000  75.0000    1000.0000   4419680.2800   1913953.4307   5267619.9281
122841  315.0000  75.0000    1000.0000   4419680.2800   1913953.4307   5267619.9281
123341  315.0000  75.0000    1000.0000   4419680.2800   1913953.4307   5267619.9281
123841  315.0000  75.0000    1000.0000   4419680.2800   1913953.4307   5267619.9281
124341  315.0000  75.0000    1000.0000   4419680.2800   1913953.4307   5267619.9281
124841  315.0000  75.0000    1000.0000   4419680.2800   1913953.4307   5267619.9281
125341  315.0000  75.0000    1000.0000   4419680.2800   1913953.4307   5267619.9281
125841  315.0000  75.0000    1000.0000   4419680.2800   1913953.4307   5267619.9281
130341  315.0000  75.0000    1000.0000   4419680.2800   1913953.4307   5267619.9281
130841  315.0000  75.0000    1000.0000   4419680.2800   1913953.4307   5267619.9281
131341  315.0000  75.0000    1000.0000   4419680.2800   1913953.4307   5267619.9281
131841  315.0000  75.0000    1000.0000   4419680.2800   1913953.4307   5267619.9281
132341  315.0000  75.0000    1000.0000   4419680.2800   1913953.4307   5267619.9281
132841  315.0000  75.0000    1000.0000   4419680.2800   1913953.4307   5267619.9281
133341  315.0000  75.0000    1000.0000   4419680.2800   1913953.4307   5267619.9281
133841  315.0000  75.0000    1000.0000   4419680.2800   1913953.4307   5267619.9281
134341  315.0000  75.0000    1000.0000   4419680.2800   1913953.4307   5267619.9281
134841  315.0000  75.0000    1000.0000   4419680.2800   1913953.4307   5267619.9281
135341  315.0000  75.0000    1000.0000   4419680.2800   1913953.4307   5267619.9281
135841  315.0000  75.0000    1000.0000   4419680.2800   1913953.4307   5267619.9281
140341  315.0000  75.0000    1000.0000   4419680.2800   1913953.4307   5267619.9281
140841  315.0000  75.0000    1000.0000   4419680.2800   1913953.4307   5267619.9281
141341  315.0000  75.0000    1000.0000   4419680.2800   1913953.4307   5267619.9281
141841  315.0000  75.0000    1000.0000   4419680.2800   1913953.4307   5267619.9281
142341  315.0000  75.0000    1000.0000   4419680.2800   1913953.4307   5267619.9281
142841  315.0000  75.0000    1000.0000   4419680.2800   1913953.4307   5267619.9281
143341  315.0000  75.0000    1000.0000   4419680.2800   1913953.4307   5267619.9281
143841  315.0000  75.0000    1000.0000   4419680.2800   1913953.4307   5267619.9281
144341  315.0000  75.0000    1000.0000   4419680.2800   1913953.4307   5267619.9281
144841  315.0000  75.0000    1000.0000   4419680.2800   1913953.4307   5267619.9281
145341  315.0000  75.0000    1000.0000   4419680.2800   1913953.4307   5267619.9281
145841  315.0000  75.0000    1000.0000   4419680.2800   1913953.4307   5267619.9281
150341  315.0000  75.0000    1000.0000   4419680.2800   1913953.4307   5267619.9281
150841  315.0000  75.0000    1000.0000   4419680.2800   1913953.4307   5267619.9281
151341  315.0000  75.0000    1000.0000   4419680.2800   1913953.4307   5267619.9281
151841  315.0000  75.0000    1000.0000   4419680.2800   1913953.4307   5267619.9281
152341  315.0000  75.0000    1000.0000   4419680.2800   1913953.4307   5267619.9281
152841  315.0000  75.0000    1000.0000   4419680.2800   1913953.4307   5267619.9281
153341  315.0000  75.0000    1000.0000   4419680.2800   1913953.4307   5267619.9281
153841  315.0000  75.0000    1000.0000   4419680.2800   1913953.4307   5267619.9281
154341  315.0000  75.0000    1000.0000   4419680.2800   1913953.4307   5267619.9281
154841  315.0000  75.0000    1000.0000   4419680.2800   1913953.4307   5267619.9281
155341  315.0000  75.0000    1000.0000   4419680.2800   1913953.4307   5267619.9281
155841  315.0000  75.0000    1000.0000   4419680.2800   1913953.4307   5267619.9281
160341  315.0000  75.0000    1000.0000   4419680.2800   1913953.4307   5267619.9281
160841  315.0000  75.0000    1000.0000   4419680.2800   1913953.4307   5267619.9281
161341  315.0000  75.0000    1000.0000   4419680.2800   1913953.4307   5267619.9281
161841  315.0000  75.0000    1000.0000   4419680.2800   1913953.4307   5267619.9281
162341  315.0000  75.0000    1000.0000   4419680.2800   1913953.4307   5267619.9281
162841  315.0000  75.0000    1000.0000   4419680.2800   1913953.4307   5267619.9281
163341  315.0000  75.0000    1000.0000   4419680.2800   1913953.4307   5267619.9281
163841  315.0000  75.0000    1000.0000   4419680.2800   1913953.4307   5267619.9281
164341  315.0000  75.0000    1000.0000   4419680.2800   1913953.4307   5267619.9281
164841  315.0000  75.0000    1000.0000   4419680.2800   1913953.4307   5267619.9281
165341  315.0000  75.0000    1000.0000   4419680.2800   1913953.4307   5267619.9281
165841  315.0000  75.0000    1000.0000   4419680.2800   1913953.4307   5267619.9281
170341  315.0000  75.0000    1000.0000   4419680.2800   1913953.4307   5267619.9281
170841  315.0000  75.0000    1000.0000   4419680.2800   1913953.4307   5267619.9281
