X5612711 R_PNT     RP_TEST 1808 0000000  315 75.0 2025 127 115550 300 100   0   0 1     -1
115550  315.0000  75.0000    1000.0000   4748213.4065   1126289.7269   5479108.8547
120050  315.0000  75.0000    1000.0000   4748213.4065   1126289.7269   5479108.8547
120550  315.0000  75.0000    1000.0000   4748213.4065   1126289.7269   5479108.8547
121050  315.0000  75.0000    1000.0000   4748213.4065   1126289.7269   5479108.8547
121550  315.0000  75.0000    1000.0000   4748213.4065   1126289.7269   5479108.8547
122050  315.0000  75.0000    1000.0000   4748213.4065   1126289.7269   5479108.8547
122550  315.0000  75.0000    1000.0000   4748213.4065   1126289.7269   5479108.8547
123050  315.0000  75.0000    1000.0000   4748213.4065   1126289.7269   5479108.8547
123550  315.0000  75.0000    1000.0000   4748213.4065   1126289.7269   5479108.8547
124050  315.0000  75.0000    1000.0000   4748213.4065   1126289.7269   5479108.8547
124550  315.0000  75.0000    1000.0000   4748213.4065   1126289.7269   5479108.8547
125050  315.0000  75.0000    1000.0000   4748213.4065   1126289.7269   5479108.8547
125550  315.0000  75.0000    1000.0000   4748213.4065   1126289.7269   5479108.8547
130050  315.0000  75.0000    1000.0000   4748213.4065   1126289.7269   5479108.8547
130550  315.0000  75.0000    1000.0000   4748213.4065   1126289.7269   5479108.8547
131050  315.0000  75.0000    1000.0000   4748213.4065   1126289.7269   5479108.8547
131550  315.0000  75.0000    1000.0000   4748213.4065   1126289.7269   5479108.8547
132050  315.0000  75.0000    1000.0000   4748213.4065   1126289.7269   5479108.8547
132550  315.0000  75.0000    1000.0000   4748213.4065   1126289.7269   5479108.8547
133050  315.0000  75.0000    1000.0000   4748213.4065   1126289.7269   5479108.8547
133550  315.0000  75.0000    1000.0000   4748213.4065   1126289.7269   5479108.8547
134050  315.0000  75.0000    1000.0000   4748213.4065   1126289.7269   5479108.8547
134550  315.0000  75.0000    1000.0000   4748213.4065   1126289.7269   5479108.8547
135050  315.0000  75.0000    1000.0000   4748213.4065   1126289.7269   5479108.8547
135550  315.0000  75.0000    1000.0000   4748213.4065   1126289.7269   5479108.8547
140050  315.0000  75.0000    1000.0000   4748213.4065   1126289.7269   5479108.8547
140550  315.0000  75.0000    1000.0000   4748213.4065   1126289.7269   5479108.8547
141050  315.0000  75.0000    1000.0000   4748213.4065   1126289.7269   5479108.8547
141550  315.0000  75.0000    1000.0000   4748213.4065   1126289.7269   5479108.8547
142050  315.0000  75.0000    1000.0000   4748213.4065   1126289.7269   5479108.8547
142550  315.0000  75.0000    1000.0000   4748213.4065   1126289.7269   5479108.8547
143050  315.0000  75.0000    1000.0000   4748213.4065   1126289.7269   5479108.8547
143550  315.0000  75.0000    1000.0000   4748213.4065   1126289.7269   5479108.8547
144050  315.0000  75.0000    1000.0000   4748213.4065   1126289.7269   5479108.8547
144550  315.0000  75.0000    1000.0000   4748213.4065   1126289.7269   5479108.8547
145050  315.0000  75.0000    1000.0000   4748213.4065   1126289.7269   5479108.8547
145550  315.0000  75.0000    1000.0000   4748213.4065   1126289.7269   5479108.8547
150050  315.0000  75.0000    1000.0000   4748213.4065   1126289.7269   5479108.8547
150550  315.0000  75.0000    1000.0000   4748213.4065   1126289.7269   5479108.8547
151050  315.0000  75.0000    1000.0000   4748213.4065   1126289.7269   5479108.8547
151550  315.0000  75.0000    1000.0000   4748213.4065   1126289.7269   5479108.8547
152050  315.0000  75.0000    1000.0000   4748213.4065   1126289.7269   5479108.8547
152550  315.0000  75.0000    1000.0000   4748213.4065   1126289.7269   5479108.8547
153050  315.0000  75.0000    1000.0000   4748213.4065   1126289.7269   5479108.8547
153550  315.0000  75.0000    1000.0000   4748213.4065   1126289.7269   5479108.8547
154050  315.0000  75.0000    1000.0000   4748213.4065   1126289.7269   5479108.8547
154550  315.0000  75.0000    1000.0000   4748213.4065   1126289.7269   5479108.8547
155050  315.0000  75.0000    1000.0000   4748213.4065   1126289.7269   5479108.8547
155550  315.0000  75.0000    1000.0000   4748213.4065   1126289.7269   5479108.8547
160050  315.0000  75.0000    1000.0000   4748213.4065   1126289.7269   5479108.8547
160550  315.0000  75.0000    1000.0000   4748213.4065   1126289.7269   5479108.8547
161050  315.0000  75.0000    1000.0000   4748213.4065   1126289.7269   5479108.8547
161550  315.0000  75.0000    1000.0000   4748213.4065   1126289.7269   5479108.8547
162050  315.0000  75.0000    1000.0000   4748213.4065   1126289.7269   5479108.8547
162550  315.0000  75.0000    1000.0000   4748213.4065   1126289.7269   5479108.8547
163050  315.0000  75.0000    1000.0000   4748213.4065   1126289.7269   5479108.8547
163550  315.0000  75.0000    1000.0000   4748213.4065   1126289.7269   5479108.8547
164050  315.0000  75.0000    1000.0000   4748213.4065   1126289.7269   5479108.8547
164550  315.0000  75.0000    1000.0000   4748213.4065   1126289.7269   5479108.8547
165050  315.0000  75.0000    1000.0000   4748213.4065   1126289.7269   5479108.8547
165550  315.0000  75.0000    1000.0000   4748213.4065   1126289.7269   5479108.8547
170050  315.0000  75.0000    1000.0000   4748213.4065   1126289.7269   5479108.8547
170550  315.0000  75.0000    1000.0000   4748213.4065   1126289.7269   5479108.8547
171050  315.0000  75.0000    1000.0000   4748213.4065   1126289.7269   5479108.8547
171550  315.0000  75.0000    1000.0000   4748213.4065   1126289.7269   5479108.8547
172050  315.0000  75.0000    1000.0000   4748213.4065   1126289.7269   5479108.8547
172550  315.0000  75.0000    1000.0000   4748213.4065   1126289.7269   5479108.8547
173050  315.0000  75.0000    1000.0000   4748213.4065   1126289.7269   5479108.8547
173550  315.0000  75.0000    1000.0000   4748213.4065   1126289.7269   5479108.8547
174050  315.0000  75.0000    1000.0000   4748213.4065   1126289.7269   5479108.8547
174550  315.0000  75.0000    1000.0000   4748213.4065   1126289.7269   5479108.8547
175050  315.0000  75.0000    1000.0000   4748213.4065   1126289.7269   5479108.8547
175550  315.0000  75.0000    1000.0000   4748213.4065   1126289.7269   5479108.8547
180050  315.0000  75.0000    1000.0000   4748213.4065   1126289.7269   5479108.8547
180550  315.0000  75.0000    1000.0000   4748213.4065   1126289.7269   5479108.8547
181050  315.0000  75.0000    1000.0000   4748213.4065   1126289.7269   5479108.8547
181550  315.0000  75.0000    1000.0000   4748213.4065   1126289.7269   5479108.8547
182050  315.0000  75.0000    1000.0000   4748213.4065   1126289.7269   5479108.8547
182550  315.0000  75.0000    1000.0000   4748213.4065   1126289.7269   5479108.8547
183050  315.0000  75.0000    1000.0000   4748213.4065   1126289.7269   5479108.8547
183550  315.0000  75.0000    1000.0000   4748213.4065   1126289.7269   5479108.8547
184050  315.0000  75.0000    1000.0000   4748213.4065   1126289.7269   5479108.8547
184550  315.0000  75.0000    1000.0000   4748213.4065   1126289.7269   5479108.8547
185050  315.0000  75.0000    1000.0000   4748213.4065   1126289.7269   5479108.8547
185550  315.0000  75.0000    1000.0000   4748213.4065   1126289.7269   5479108.8547
190050  315.0000  75.0000    1000.0000   4748213.4065   1126289.7269   5479108.8547
190550  315.0000  75.0000    1000.0000   4748213.4065   1126289.7269   5479108.8547
191050  315.0000  75.0000    1000.0000   4748213.4065   1126289.7269   5479108.8547
191550  315.0000  75.0000    1000.0000   4748213.4065   1126289.7269   5479108.8547
192050  315.0000  75.0000    1000.0000   4748213.4065   1126289.7269   5479108.8547
192550  315.0000  75.0000    1000.0000   4748213.4065   1126289.7269   5479108.8547
193050  315.0000  75.0000    1000.0000   4748213.4065   1126289.7269   5479108.8547
193550  315.0000  75.0000    1000.0000   4748213.4065   1126289.7269   5479108.8547
194050  315.0000  75.0000    1000.0000   4748213.4065   1126289.7269   5479108.8547
194550  315.0000  75.0000    1000.0000   4748213.4065   1126289.7269   5479108.8547
195050  315.0000  75.0000    1000.0000   4748213.4065   1126289.7269   5479108.8547
195550  315.0000  75.0000    1000.0000   4748213.4065   1126289.7269   5479108.8547
200050  315.0000  75.0000    1000.0000   4748213.4065   1126289.7269   5479108.8547
200550  315.0000  75.0000    1000.0000   4748213.4065   1126289.7269   5479108.8547
201050  315.0000  75.0000    1000.0000   4748213.4065   1126289.7269   5479108.8547
