X5712708 R_PNT     RP_TEST 1808 0000000  315 90.0 2025 127 085341 300 100   0   0 1     -1
085341  315.0000  90.0000    1000.0000   4194430.5549   1843831.7440   5379395.8549
085841  315.0000  90.0000    1000.0000   4194430.5549   1843831.7440   5379395.8549
090341  315.0000  90.0000    1000.0000   4194430.5549   1843831.7440   5379395.8549
090841  315.0000  90.0000    1000.0000   4194430.5549   1843831.7440   5379395.8549
091341  315.0000  90.0000    1000.0000   4194430.5549   1843831.7440   5379395.8549
091841  315.0000  90.0000    1000.0000   4194430.5549   1843831.7440   5379395.8549
092341  315.0000  90.0000    1000.0000   4194430.5549   1843831.7440   5379395.8549
092841  315.0000  90.0000    1000.0000   4194430.5549   1843831.7440   5379395.8549
093341  315.0000  90.0000    1000.0000   4194430.5549   1843831.7440   5379395.8549
093841  315.0000  90.0000    1000.0000   4194430.5549   1843831.7440   5379395.8549
094341  315.0000  90.0000    1000.0000   4194430.5549   1843831.7440   5379395.8549
094841  315.0000  90.0000    1000.0000   4194430.5549   1843831.7440   5379395.8549
095341  315.0000  90.0000    1000.0000   4194430.5549   1843831.7440   5379395.8549
095841  315.0000  90.0000    1000.0000   4194430.5549   1843831.7440   5379395.8549
100341  315.0000  90.0000    1000.0000   4194430.5549   1843831.7440   5379395.8549
100841  315.0000  90.0000    1000.0000   4194430.5549   1843831.7440   5379395.8549
101341  315.0000  90.0000    1000.0000   4194430.5549   1843831.7440   5379395.8549
101841  315.0000  90.0000    1000.0000   4194430.5549   1843831.7440   5379395.8549
102341  315.0000  90.0000    1000.0000   4194430.5549   1843831.7440   5379395.8549
102841  315.0000  90.0000    1000.0000   4194430.5549   1843831.7440   5379395.8549
103341  315.0000  90.0000    1000.0000   4194430.5549   1843831.7440   5379395.8549
103841  315.0000  90.0000    1000.0000   4194430.5549   1843831.7440   5379395.8549
104341  315.0000  90.0000    1000.0000   4194430.5549   1843831.7440   5379395.8549
104841  315.0000  90.0000    1000.0000   4194430.5549   1843831.7440   5379395.8549
105341  315.0000  90.0000    1000.0000   4194430.5549   1843831.7440   5379395.8549
105841  315.0000  90.0000    1000.0000   4194430.5549   1843831.7440   5379395.8549
110341  315.0000  90.0000    1000.0000   4194430.5549   1843831.7440   5379395.8549
110841  315.0000  90.0000    1000.0000   4194430.5549   1843831.7440   5379395.8549
111341  315.0000  90.0000    1000.0000   4194430.5549   1843831.7440   5379395.8549
111841  315.0000  90.0000    1000.0000   4194430.5549   1843831.7440   5379395.8549
112341  315.0000  90.0000    1000.0000   4194430.5549   1843831.7440   5379395.8549
112841  315.0000  90.0000    1000.0000   4194430.5549   1843831.7440   5379395.8549
113341  315.0000  90.0000    1000.0000   4194430.5549   1843831.7440   5379395.8549
113841  315.0000  90.0000    1000.0000   4194430.5549   1843831.7440   5379395.8549
114341  315.0000  90.0000    1000.0000   4194430.5549   1843831.7440   5379395.8549
114841  315.0000  90.0000    1000.0000   4194430.5549   1843831.7440   5379395.8549
115341  315.0000  90.0000    1000.0000   4194430.5549   1843831.7440   5379395.8549
115841  315.0000  90.0000    1000.0000   4194430.5549   1843831.7440   5379395.8549
120341  315.0000  90.0000    1000.0000   4194430.5549   1843831.7440   5379395.8549
120841  315.0000  90.0000    1000.0000   4194430.5549   1843831.7440   5379395.8549
121341  315.0000  90.0000    1000.0000   4194430.5549   1843831.7440   5379395.8549
121841  315.0000  90.0000    1000.0000   4194430.5549   1843831.7440   5379395.8549
122341  315.0000  90.0000    1000.0000   4194430.5549   1843831.7440   5379395.8549
122841  315.0000  90.0000    1000.0000   4194430.5549   1843831.7440   5379395.8549
123341  315.0000  90.0000    1000.0000   4194430.5549   1843831.7440   5379395.8549
123841  315.0000  90.0000    1000.0000   4194430.5549   1843831.7440   5379395.8549
124341  315.0000  90.0000    1000.0000   4194430.5549   1843831.7440   5379395.8549
124841  315.0000  90.0000    1000.0000   4194430.5549   1843831.7440   5379395.8549
125341  315.0000  90.0000    1000.0000   4194430.5549   1843831.7440   5379395.8549
125841  315.0000  90.0000    1000.0000   4194430.5549   1843831.7440   5379395.8549
130341  315.0000  90.0000    1000.0000   4194430.5549   1843831.7440   5379395.8549
130841  315.0000  90.0000    1000.0000   4194430.5549   1843831.7440   5379395.8549
131341  315.0000  90.0000    1000.0000   4194430.5549   1843831.7440   5379395.8549
131841  315.0000  90.0000    1000.0000   4194430.5549   1843831.7440   5379395.8549
132341  315.0000  90.0000    1000.0000   4194430.5549   1843831.7440   5379395.8549
132841  315.0000  90.0000    1000.0000   4194430.5549   1843831.7440   5379395.8549
133341  315.0000  90.0000    1000.0000   4194430.5549   1843831.7440   5379395.8549
133841  315.0000  90.0000    1000.0000   4194430.5549   1843831.7440   5379395.8549
134341  315.0000  90.0000    1000.0000   4194430.5549   1843831.7440   5379395.8549
134841  315.0000  90.0000    1000.0000   4194430.5549   1843831.7440   5379395.8549
135341  315.0000  90.0000    1000.0000   4194430.5549   1843831.7440   5379395.8549
135841  315.0000  90.0000    1000.0000   4194430.5549   1843831.7440   5379395.8549
140341  315.0000  90.0000    1000.0000   4194430.5549   1843831.7440   5379395.8549
140841  315.0000  90.0000    1000.0000   4194430.5549   1843831.7440   5379395.8549
141341  315.0000  90.0000    1000.0000   4194430.5549   1843831.7440   5379395.8549
141841  315.0000  90.0000    1000.0000   4194430.5549   1843831.7440   5379395.8549
142341  315.0000  90.0000    1000.0000   4194430.5549   1843831.7440   5379395.8549
142841  315.0000  90.0000    1000.0000   4194430.5549   1843831.7440   5379395.8549
143341  315.0000  90.0000    1000.0000   4194430.5549   1843831.7440   5379395.8549
143841  315.0000  90.0000    1000.0000   4194430.5549   1843831.7440   5379395.8549
144341  315.0000  90.0000    1000.0000   4194430.5549   1843831.7440   5379395.8549
144841  315.0000  90.0000    1000.0000   4194430.5549   1843831.7440   5379395.8549
145341  315.0000  90.0000    1000.0000   4194430.5549   1843831.7440   5379395.8549
145841  315.0000  90.0000    1000.0000   4194430.5549   1843831.7440   5379395.8549
150341  315.0000  90.0000    1000.0000   4194430.5549   1843831.7440   5379395.8549
150841  315.0000  90.0000    1000.0000   4194430.5549   1843831.7440   5379395.8549
151341  315.0000  90.0000    1000.0000   4194430.5549   1843831.7440   5379395.8549
151841  315.0000  90.0000    1000.0000   4194430.5549   1843831.7440   5379395.8549
152341  315.0000  90.0000    1000.0000   4194430.5549   1843831.7440   5379395.8549
152841  315.0000  90.0000    1000.0000   4194430.5549   1843831.7440   5379395.8549
153341  315.0000  90.0000    1000.0000   4194430.5549   1843831.7440   5379395.8549
153841  315.0000  90.0000    1000.0000   4194430.5549   1843831.7440   5379395.8549
154341  315.0000  90.0000    1000.0000   4194430.5549   1843831.7440   5379395.8549
154841  315.0000  90.0000    1000.0000   4194430.5549   1843831.7440   5379395.8549
155341  315.0000  90.0000    1000.0000   4194430.5549   1843831.7440   5379395.8549
155841  315.0000  90.0000    1000.0000   4194430.5549   1843831.7440   5379395.8549
160341  315.0000  90.0000    1000.0000   4194430.5549   1843831.7440   5379395.8549
160841  315.0000  90.0000    1000.0000   4194430.5549   1843831.7440   5379395.8549
161341  315.0000  90.0000    1000.0000   4194430.5549   1843831.7440   5379395.8549
161841  315.0000  90.0000    1000.0000   4194430.5549   1843831.7440   5379395.8549
162341  315.0000  90.0000    1000.0000   4194430.5549   1843831.7440   5379395.8549
162841  315.0000  90.0000    1000.0000   4194430.5549   1843831.7440   5379395.8549
163341  315.0000  90.0000    1000.0000   4194430.5549   1843831.7440   5379395.8549
163841  315.0000  90.0000    1000.0000   4194430.5549   1843831.7440   5379395.8549
164341  315.0000  90.0000    1000.0000   4194430.5549   1843831.7440   5379395.8549
164841  315.0000  90.0000    1000.0000   4194430.5549   1843831.7440   5379395.8549
165341  315.0000  90.0000    1000.0000   4194430.5549   1843831.7440   5379395.8549
165841  315.0000  90.0000    1000.0000   4194430.5549   1843831.7440   5379395.8549
170341  315.0000  90.0000    1000.0000   4194430.5549   1843831.7440   5379395.8549
170841  315.0000  90.0000    1000.0000   4194430.5549   1843831.7440   5379395.8549
