X5716110 R_PNT     RP_TEST 1808 0000000  315 89.0 2025 161 102527 300 100   0   0 1     -1
102527  315.0000  89.0000    1000.0000   4845305.5695   1330311.3235   5387693.0605
102707  315.0000  89.0000    1000.0000   4845305.5695   1330311.3235   5387693.0605
102847  315.0000  89.0000    1000.0000   4845305.5695   1330311.3235   5387693.0605
103027  315.0000  89.0000    1000.0000   4845305.5695   1330311.3235   5387693.0605
103207  315.0000  89.0000    1000.0000   4845305.5695   1330311.3235   5387693.0605
103347  315.0000  89.0000    1000.0000   4845305.5695   1330311.3235   5387693.0605
103527  315.0000  89.0000    1000.0000   4845305.5695   1330311.3235   5387693.0605
103707  315.0000  89.0000    1000.0000   4845305.5695   1330311.3235   5387693.0605
103847  315.0000  89.0000    1000.0000   4845305.5695   1330311.3235   5387693.0605
104027  315.0000  89.0000    1000.0000   4845305.5695   1330311.3235   5387693.0605
104207  315.0000  89.0000    1000.0000   4845305.5695   1330311.3235   5387693.0605
104347  315.0000  89.0000    1000.0000   4845305.5695   1330311.3235   5387693.0605
104527  315.0000  89.0000    1000.0000   4845305.5695   1330311.3235   5387693.0605
104707  315.0000  89.0000    1000.0000   4845305.5695   1330311.3235   5387693.0605
104847  315.0000  89.0000    1000.0000   4845305.5695   1330311.3235   5387693.0605
105027  315.0000  89.0000    1000.0000   4845305.5695   1330311.3235   5387693.0605
105207  315.0000  89.0000    1000.0000   4845305.5695   1330311.3235   5387693.0605
105347  315.0000  89.0000    1000.0000   4845305.5695   1330311.3235   5387693.0605
105527  315.0000  89.0000    1000.0000   4845305.5695   1330311.3235   5387693.0605
105707  315.0000  89.0000    1000.0000   4845305.5695   1330311.3235   5387693.0605
105847  315.0000  89.0000    1000.0000   4845305.5695   1330311.3235   5387693.0605
110027  315.0000  89.0000    1000.0000   4845305.5695   1330311.3235   5387693.0605
110207  315.0000  89.0000    1000.0000   4845305.5695   1330311.3235   5387693.0605
110347  315.0000  89.0000    1000.0000   4845305.5695   1330311.3235   5387693.0605
110527  315.0000  89.0000    1000.0000   4845305.5695   1330311.3235   5387693.0605
110707  315.0000  89.0000    1000.0000   4845305.5695   1330311.3235   5387693.0605
110847  315.0000  89.0000    1000.0000   4845305.5695   1330311.3235   5387693.0605
111027  315.0000  89.0000    1000.0000   4845305.5695   1330311.3235   5387693.0605
111207  315.0000  89.0000    1000.0000   4845305.5695   1330311.3235   5387693.0605
111347  315.0000  89.0000    1000.0000   4845305.5695   1330311.3235   5387693.0605
111527  315.0000  89.0000    1000.0000   4845305.5695   1330311.3235   5387693.0605
111707  315.0000  89.0000    1000.0000   4845305.5695   1330311.3235   5387693.0605
111847  315.0000  89.0000    1000.0000   4845305.5695   1330311.3235   5387693.0605
112027  315.0000  89.0000    1000.0000   4845305.5695   1330311.3235   5387693.0605
112207  315.0000  89.0000    1000.0000   4845305.5695   1330311.3235   5387693.0605
112347  315.0000  89.0000    1000.0000   4845305.5695   1330311.3235   5387693.0605
112527  315.0000  89.0000    1000.0000   4845305.5695   1330311.3235   5387693.0605
112707  315.0000  89.0000    1000.0000   4845305.5695   1330311.3235   5387693.0605
112847  315.0000  89.0000    1000.0000   4845305.5695   1330311.3235   5387693.0605
113027  315.0000  89.0000    1000.0000   4845305.5695   1330311.3235   5387693.0605
113207  315.0000  89.0000    1000.0000   4845305.5695   1330311.3235   5387693.0605
113347  315.0000  89.0000    1000.0000   4845305.5695   1330311.3235   5387693.0605
113527  315.0000  89.0000    1000.0000   4845305.5695   1330311.3235   5387693.0605
113707  315.0000  89.0000    1000.0000   4845305.5695   1330311.3235   5387693.0605
113847  315.0000  89.0000    1000.0000   4845305.5695   1330311.3235   5387693.0605
114027  315.0000  89.0000    1000.0000   4845305.5695   1330311.3235   5387693.0605
114207  315.0000  89.0000    1000.0000   4845305.5695   1330311.3235   5387693.0605
114347  315.0000  89.0000    1000.0000   4845305.5695   1330311.3235   5387693.0605
114527  315.0000  89.0000    1000.0000   4845305.5695   1330311.3235   5387693.0605
114707  315.0000  89.0000    1000.0000   4845305.5695   1330311.3235   5387693.0605
114847  315.0000  89.0000    1000.0000   4845305.5695   1330311.3235   5387693.0605
115027  315.0000  89.0000    1000.0000   4845305.5695   1330311.3235   5387693.0605
115207  315.0000  89.0000    1000.0000   4845305.5695   1330311.3235   5387693.0605
115347  315.0000  89.0000    1000.0000   4845305.5695   1330311.3235   5387693.0605
115527  315.0000  89.0000    1000.0000   4845305.5695   1330311.3235   5387693.0605
115707  315.0000  89.0000    1000.0000   4845305.5695   1330311.3235   5387693.0605
115847  315.0000  89.0000    1000.0000   4845305.5695   1330311.3235   5387693.0605
120027  315.0000  89.0000    1000.0000   4845305.5695   1330311.3235   5387693.0605
120207  315.0000  89.0000    1000.0000   4845305.5695   1330311.3235   5387693.0605
120347  315.0000  89.0000    1000.0000   4845305.5695   1330311.3235   5387693.0605
120527  315.0000  89.0000    1000.0000   4845305.5695   1330311.3235   5387693.0605
120707  315.0000  89.0000    1000.0000   4845305.5695   1330311.3235   5387693.0605
120847  315.0000  89.0000    1000.0000   4845305.5695   1330311.3235   5387693.0605
121027  315.0000  89.0000    1000.0000   4845305.5695   1330311.3235   5387693.0605
121207  315.0000  89.0000    1000.0000   4845305.5695   1330311.3235   5387693.0605
121347  315.0000  89.0000    1000.0000   4845305.5695   1330311.3235   5387693.0605
121527  315.0000  89.0000    1000.0000   4845305.5695   1330311.3235   5387693.0605
121707  315.0000  89.0000    1000.0000   4845305.5695   1330311.3235   5387693.0605
121847  315.0000  89.0000    1000.0000   4845305.5695   1330311.3235   5387693.0605
122027  315.0000  89.0000    1000.0000   4845305.5695   1330311.3235   5387693.0605
122207  315.0000  89.0000    1000.0000   4845305.5695   1330311.3235   5387693.0605
122347  315.0000  89.0000    1000.0000   4845305.5695   1330311.3235   5387693.0605
122527  315.0000  89.0000    1000.0000   4845305.5695   1330311.3235   5387693.0605
122707  315.0000  89.0000    1000.0000   4845305.5695   1330311.3235   5387693.0605
122847  315.0000  89.0000    1000.0000   4845305.5695   1330311.3235   5387693.0605
123027  315.0000  89.0000    1000.0000   4845305.5695   1330311.3235   5387693.0605
123207  315.0000  89.0000    1000.0000   4845305.5695   1330311.3235   5387693.0605
123347  315.0000  89.0000    1000.0000   4845305.5695   1330311.3235   5387693.0605
123527  315.0000  89.0000    1000.0000   4845305.5695   1330311.3235   5387693.0605
123707  315.0000  89.0000    1000.0000   4845305.5695   1330311.3235   5387693.0605
123847  315.0000  89.0000    1000.0000   4845305.5695   1330311.3235   5387693.0605
124027  315.0000  89.0000    1000.0000   4845305.5695   1330311.3235   5387693.0605
124207  315.0000  89.0000    1000.0000   4845305.5695   1330311.3235   5387693.0605
124347  315.0000  89.0000    1000.0000   4845305.5695   1330311.3235   5387693.0605
124527  315.0000  89.0000    1000.0000   4845305.5695   1330311.3235   5387693.0605
124707  315.0000  89.0000    1000.0000   4845305.5695   1330311.3235   5387693.0605
124847  315.0000  89.0000    1000.0000   4845305.5695   1330311.3235   5387693.0605
125027  315.0000  89.0000    1000.0000   4845305.5695   1330311.3235   5387693.0605
125207  315.0000  89.0000    1000.0000   4845305.5695   1330311.3235   5387693.0605
125347  315.0000  89.0000    1000.0000   4845305.5695   1330311.3235   5387693.0605
125527  315.0000  89.0000    1000.0000   4845305.5695   1330311.3235   5387693.0605
125707  315.0000  89.0000    1000.0000   4845305.5695   1330311.3235   5387693.0605
125847  315.0000  89.0000    1000.0000   4845305.5695   1330311.3235   5387693.0605
130027  315.0000  89.0000    1000.0000   4845305.5695   1330311.3235   5387693.0605
130207  315.0000  89.0000    1000.0000   4845305.5695   1330311.3235   5387693.0605
130347  315.0000  89.0000    1000.0000   4845305.5695   1330311.3235   5387693.0605
130527  315.0000  89.0000    1000.0000   4845305.5695   1330311.3235   5387693.0605
130707  315.0000  89.0000    1000.0000   4845305.5695   1330311.3235   5387693.0605
130847  315.0000  89.0000    1000.0000   4845305.5695   1330311.3235   5387693.0605
131027  315.0000  89.0000    1000.0000   4845305.5695   1330311.3235   5387693.0605
