X5712711 R_PNT     RP_TEST 1808 0000000  315 90.0 2025 127 115550 300 100   0   0 1     -1
115550  315.0000  90.0000    1000.0000   4850815.9701   1344644.8646   5379398.7990
120050  315.0000  90.0000    1000.0000   4850815.9701   1344644.8646   5379398.7990
120550  315.0000  90.0000    1000.0000   4850815.9701   1344644.8646   5379398.7990
121050  315.0000  90.0000    1000.0000   4850815.9701   1344644.8646   5379398.7990
121550  315.0000  90.0000    1000.0000   4850815.9701   1344644.8646   5379398.7990
122050  315.0000  90.0000    1000.0000   4850815.9701   1344644.8646   5379398.7990
122550  315.0000  90.0000    1000.0000   4850815.9701   1344644.8646   5379398.7990
123050  315.0000  90.0000    1000.0000   4850815.9701   1344644.8646   5379398.7990
123550  315.0000  90.0000    1000.0000   4850815.9701   1344644.8646   5379398.7990
124050  315.0000  90.0000    1000.0000   4850815.9701   1344644.8646   5379398.7990
124550  315.0000  90.0000    1000.0000   4850815.9701   1344644.8646   5379398.7990
125050  315.0000  90.0000    1000.0000   4850815.9701   1344644.8646   5379398.7990
125550  315.0000  90.0000    1000.0000   4850815.9701   1344644.8646   5379398.7990
130050  315.0000  90.0000    1000.0000   4850815.9701   1344644.8646   5379398.7990
130550  315.0000  90.0000    1000.0000   4850815.9701   1344644.8646   5379398.7990
131050  315.0000  90.0000    1000.0000   4850815.9701   1344644.8646   5379398.7990
131550  315.0000  90.0000    1000.0000   4850815.9701   1344644.8646   5379398.7990
132050  315.0000  90.0000    1000.0000   4850815.9701   1344644.8646   5379398.7990
132550  315.0000  90.0000    1000.0000   4850815.9701   1344644.8646   5379398.7990
133050  315.0000  90.0000    1000.0000   4850815.9701   1344644.8646   5379398.7990
133550  315.0000  90.0000    1000.0000   4850815.9701   1344644.8646   5379398.7990
134050  315.0000  90.0000    1000.0000   4850815.9701   1344644.8646   5379398.7990
134550  315.0000  90.0000    1000.0000   4850815.9701   1344644.8646   5379398.7990
135050  315.0000  90.0000    1000.0000   4850815.9701   1344644.8646   5379398.7990
135550  315.0000  90.0000    1000.0000   4850815.9701   1344644.8646   5379398.7990
140050  315.0000  90.0000    1000.0000   4850815.9701   1344644.8646   5379398.7990
140550  315.0000  90.0000    1000.0000   4850815.9701   1344644.8646   5379398.7990
141050  315.0000  90.0000    1000.0000   4850815.9701   1344644.8646   5379398.7990
141550  315.0000  90.0000    1000.0000   4850815.9701   1344644.8646   5379398.7990
142050  315.0000  90.0000    1000.0000   4850815.9701   1344644.8646   5379398.7990
142550  315.0000  90.0000    1000.0000   4850815.9701   1344644.8646   5379398.7990
143050  315.0000  90.0000    1000.0000   4850815.9701   1344644.8646   5379398.7990
143550  315.0000  90.0000    1000.0000   4850815.9701   1344644.8646   5379398.7990
144050  315.0000  90.0000    1000.0000   4850815.9701   1344644.8646   5379398.7990
144550  315.0000  90.0000    1000.0000   4850815.9701   1344644.8646   5379398.7990
145050  315.0000  90.0000    1000.0000   4850815.9701   1344644.8646   5379398.7990
145550  315.0000  90.0000    1000.0000   4850815.9701   1344644.8646   5379398.7990
150050  315.0000  90.0000    1000.0000   4850815.9701   1344644.8646   5379398.7990
150550  315.0000  90.0000    1000.0000   4850815.9701   1344644.8646   5379398.7990
151050  315.0000  90.0000    1000.0000   4850815.9701   1344644.8646   5379398.7990
151550  315.0000  90.0000    1000.0000   4850815.9701   1344644.8646   5379398.7990
152050  315.0000  90.0000    1000.0000   4850815.9701   1344644.8646   5379398.7990
152550  315.0000  90.0000    1000.0000   4850815.9701   1344644.8646   5379398.7990
153050  315.0000  90.0000    1000.0000   4850815.9701   1344644.8646   5379398.7990
153550  315.0000  90.0000    1000.0000   4850815.9701   1344644.8646   5379398.7990
154050  315.0000  90.0000    1000.0000   4850815.9701   1344644.8646   5379398.7990
154550  315.0000  90.0000    1000.0000   4850815.9701   1344644.8646   5379398.7990
155050  315.0000  90.0000    1000.0000   4850815.9701   1344644.8646   5379398.7990
155550  315.0000  90.0000    1000.0000   4850815.9701   1344644.8646   5379398.7990
160050  315.0000  90.0000    1000.0000   4850815.9701   1344644.8646   5379398.7990
160550  315.0000  90.0000    1000.0000   4850815.9701   1344644.8646   5379398.7990
161050  315.0000  90.0000    1000.0000   4850815.9701   1344644.8646   5379398.7990
161550  315.0000  90.0000    1000.0000   4850815.9701   1344644.8646   5379398.7990
162050  315.0000  90.0000    1000.0000   4850815.9701   1344644.8646   5379398.7990
162550  315.0000  90.0000    1000.0000   4850815.9701   1344644.8646   5379398.7990
163050  315.0000  90.0000    1000.0000   4850815.9701   1344644.8646   5379398.7990
163550  315.0000  90.0000    1000.0000   4850815.9701   1344644.8646   5379398.7990
164050  315.0000  90.0000    1000.0000   4850815.9701   1344644.8646   5379398.7990
164550  315.0000  90.0000    1000.0000   4850815.9701   1344644.8646   5379398.7990
165050  315.0000  90.0000    1000.0000   4850815.9701   1344644.8646   5379398.7990
165550  315.0000  90.0000    1000.0000   4850815.9701   1344644.8646   5379398.7990
170050  315.0000  90.0000    1000.0000   4850815.9701   1344644.8646   5379398.7990
170550  315.0000  90.0000    1000.0000   4850815.9701   1344644.8646   5379398.7990
171050  315.0000  90.0000    1000.0000   4850815.9701   1344644.8646   5379398.7990
171550  315.0000  90.0000    1000.0000   4850815.9701   1344644.8646   5379398.7990
172050  315.0000  90.0000    1000.0000   4850815.9701   1344644.8646   5379398.7990
172550  315.0000  90.0000    1000.0000   4850815.9701   1344644.8646   5379398.7990
173050  315.0000  90.0000    1000.0000   4850815.9701   1344644.8646   5379398.7990
173550  315.0000  90.0000    1000.0000   4850815.9701   1344644.8646   5379398.7990
174050  315.0000  90.0000    1000.0000   4850815.9701   1344644.8646   5379398.7990
174550  315.0000  90.0000    1000.0000   4850815.9701   1344644.8646   5379398.7990
175050  315.0000  90.0000    1000.0000   4850815.9701   1344644.8646   5379398.7990
175550  315.0000  90.0000    1000.0000   4850815.9701   1344644.8646   5379398.7990
180050  315.0000  90.0000    1000.0000   4850815.9701   1344644.8646   5379398.7990
180550  315.0000  90.0000    1000.0000   4850815.9701   1344644.8646   5379398.7990
181050  315.0000  90.0000    1000.0000   4850815.9701   1344644.8646   5379398.7990
181550  315.0000  90.0000    1000.0000   4850815.9701   1344644.8646   5379398.7990
182050  315.0000  90.0000    1000.0000   4850815.9701   1344644.8646   5379398.7990
182550  315.0000  90.0000    1000.0000   4850815.9701   1344644.8646   5379398.7990
183050  315.0000  90.0000    1000.0000   4850815.9701   1344644.8646   5379398.7990
183550  315.0000  90.0000    1000.0000   4850815.9701   1344644.8646   5379398.7990
184050  315.0000  90.0000    1000.0000   4850815.9701   1344644.8646   5379398.7990
184550  315.0000  90.0000    1000.0000   4850815.9701   1344644.8646   5379398.7990
185050  315.0000  90.0000    1000.0000   4850815.9701   1344644.8646   5379398.7990
185550  315.0000  90.0000    1000.0000   4850815.9701   1344644.8646   5379398.7990
190050  315.0000  90.0000    1000.0000   4850815.9701   1344644.8646   5379398.7990
190550  315.0000  90.0000    1000.0000   4850815.9701   1344644.8646   5379398.7990
191050  315.0000  90.0000    1000.0000   4850815.9701   1344644.8646   5379398.7990
191550  315.0000  90.0000    1000.0000   4850815.9701   1344644.8646   5379398.7990
192050  315.0000  90.0000    1000.0000   4850815.9701   1344644.8646   5379398.7990
192550  315.0000  90.0000    1000.0000   4850815.9701   1344644.8646   5379398.7990
193050  315.0000  90.0000    1000.0000   4850815.9701   1344644.8646   5379398.7990
193550  315.0000  90.0000    1000.0000   4850815.9701   1344644.8646   5379398.7990
194050  315.0000  90.0000    1000.0000   4850815.9701   1344644.8646   5379398.7990
194550  315.0000  90.0000    1000.0000   4850815.9701   1344644.8646   5379398.7990
195050  315.0000  90.0000    1000.0000   4850815.9701   1344644.8646   5379398.7990
195550  315.0000  90.0000    1000.0000   4850815.9701   1344644.8646   5379398.7990
200050  315.0000  90.0000    1000.0000   4850815.9701   1344644.8646   5379398.7990
200550  315.0000  90.0000    1000.0000   4850815.9701   1344644.8646   5379398.7990
201050  315.0000  90.0000    1000.0000   4850815.9701   1344644.8646   5379398.7990
